"Taxa","varImp"
"k__Bacteria.p__Proteobacteria.c__Betaproteobacteria.o__Burkholderiales.g__Aquabacterium",437.824197082551
"k__Archaea.p__Euryarchaeota.c__Halobacteria.o__Natrialbales.f__Natrialbaceae.g__Natrialba",312.74859635717
"k__Bacteria.p__Spirochaetes.c__Spirochaetia.o__Spirochaetales.f__Borreliaceae.g__Borreliella",265.790529162895
"k__Bacteria.p__Proteobacteria.c__Gammaproteobacteria.o__Pseudomonadales.f__Moraxellaceae.g__Acinetobacter",202.144026391516
"k__Bacteria.p__Proteobacteria.c__Alphaproteobacteria.o__Rhodobacterales.f__Hyphomonadaceae.g__Maricaulis",201.791007662154
"k__Bacteria.p__Proteobacteria.c__Betaproteobacteria.o__Burkholderiales.g__Ideonella",193.960955622351
"k__Bacteria.p__Spirochaetes.c__Spirochaetia.o__Spirochaetales.f__Spirochaetaceae.g__Treponema",165.354974577324
"k__Bacteria.p__Actinobacteria.c__Coriobacteriia.o__Coriobacteriales.f__Atopobiaceae.g__Olsenella",165.010386007313
"k__Bacteria.p__Cyanobacteria.o__Nostocales.f__Nostocaceae.g__Trichormus",163.628988966602
"k__Bacteria.p__Proteobacteria.c__Gammaproteobacteria.o__Enterobacteriales.f__Enterobacteriaceae.g__Pantoea",160.880598482205
"k__Bacteria.p__Proteobacteria.c__Alphaproteobacteria.o__Rhizobiales.f__Aurantimonadaceae.g__Fulvimarina",152.462040016883
"k__Bacteria.p__Cyanobacteria.o__Chroococcales.g__Microcystis",135.338912821611
"k__Bacteria.p__Actinobacteria.c__Actinobacteria.o__Corynebacteriales.f__Corynebacteriaceae.g__Corynebacterium",134.54346345679
"k__Bacteria.p__Firmicutes.c__Tissierellia.o__Tissierellales.f__Peptoniphilaceae.g__Parvimonas",126.245770006872
"k__Bacteria.p__Proteobacteria.c__Alphaproteobacteria.o__Rhodospirillales.f__Acetobacteraceae.g__Acidiphilium",122.438576501923
"k__Bacteria.p__Proteobacteria.c__Betaproteobacteria.o__Burkholderiales.f__Comamonadaceae.g__Polaromonas",122.371588383727
"k__Bacteria.p__Proteobacteria.c__Epsilonproteobacteria.o__Campylobacterales.f__Campylobacteraceae.g__Arcobacter",120.31764304852
"k__Bacteria.p__Bacteroidetes.c__Bacteroidia.o__Bacteroidales.f__Porphyromonadaceae.g__Dysgonomonas",118.044224329768
"k__Bacteria.p__Bacteroidetes.c__Flavobacteriia.o__Flavobacteriales.f__Flavobacteriaceae.g__Apibacter",117.213787940755
"k__Bacteria.p__Actinobacteria.c__Actinobacteria.o__Micrococcales.f__Microbacteriaceae.g__Plantibacter",114.007760148729
"k__Bacteria.p__Cyanobacteria.o__Chroococcales.g__Synechocystis",108.018335599864
"k__Bacteria.p__Actinobacteria.c__Actinobacteria.o__Corynebacteriales.f__Mycobacteriaceae.g__Mycobacterium",104.197788703683
"k__Bacteria.p__Actinobacteria.c__Actinobacteria.o__Bifidobacteriales.f__Bifidobacteriaceae.g__Bifidobacterium",103.050597845867
"k__Bacteria.p__Proteobacteria.c__Alphaproteobacteria.o__Sphingomonadales.f__Sphingomonadaceae.g__Novosphingobium",100.918006029415
"k__Bacteria.p__Bacteroidetes.c__Sphingobacteriia.o__Sphingobacteriales.f__Sphingobacteriaceae.g__Pseudopedobacter",99.6452843442357
"k__Archaea.p__Crenarchaeota.c__Thermoprotei.o__Sulfolobales.f__Sulfolobaceae.g__Sulfolobus",98.9075463910001
"k__Bacteria.p__Firmicutes.c__Bacilli.o__Bacillales.f__Bacillaceae.g__Hydrogenibacillus",98.885748863226
"k__Bacteria.p__Proteobacteria.c__Gammaproteobacteria.o__Enterobacteriales.f__Enterobacteriaceae.g__Raoultella",98.061399745141
"k__Bacteria.p__Proteobacteria.c__Betaproteobacteria.o__Burkholderiales.f__Burkholderiaceae.g__Cupriavidus",86.303325516516
"k__Bacteria.p__Actinobacteria.c__Actinobacteria.o__Micromonosporales.f__Micromonosporaceae.g__Micromonospora",85.1648712439201
"k__Bacteria.p__Actinobacteria.c__Actinobacteria.o__Pseudonocardiales.f__Pseudonocardiaceae.g__Amycolatopsis",82.8484783573258
"k__Bacteria.p__Proteobacteria.c__Alphaproteobacteria.o__Rhodobacterales.f__Rhodobacteraceae.g__Pseudovibrio",79.2967723538363
"k__Bacteria.p__Proteobacteria.c__Deltaproteobacteria.o__Myxococcales.f__Cystobacteraceae.g__Cystobacter",74.9512202864503
"k__Bacteria.p__Actinobacteria.c__Actinobacteria.o__Micrococcales.f__Dermatophilaceae.g__Dermatophilus",73.3712457051643
"k__Bacteria.p__Fusobacteria.c__Fusobacteriia.o__Fusobacteriales.f__Leptotrichiaceae.g__Sneathia",71.5557607403366
"k__Bacteria.p__Proteobacteria.c__Epsilonproteobacteria.o__Campylobacterales.f__Campylobacteraceae.g__Campylobacter",68.1583049437603
"k__Bacteria.p__Actinobacteria.c__Actinobacteria.o__Micrococcales.f__Dermacoccaceae.g__Dermacoccus",66.033662710575
"k__Bacteria.p__Proteobacteria.c__Gammaproteobacteria.o__Enterobacteriales.f__Enterobacteriaceae.g__Wigglesworthia",65.9241539671181
"k__Viruses.f__Bunyaviridae.g__Tospovirus",65.568832269825
"k__Bacteria.p__Firmicutes.c__Bacilli.o__Bacillales.g__Acidibacillus",63.3700464408575
"k__Bacteria.p__Proteobacteria.c__Alphaproteobacteria.o__Rhodobacterales.f__Rhodobacteraceae.g__Haematobacter",62.703855836339
"k__Bacteria.p__Proteobacteria.c__Alphaproteobacteria.o__Rhodobacterales.f__Rhodobacteraceae.g__Loktanella",62.5584020025066
"k__Bacteria.p__Actinobacteria.c__Actinobacteria.o__Micrococcales.f__Intrasporangiaceae.g__Terrabacter",62.436193851338
"k__Bacteria.p__Proteobacteria.c__Deltaproteobacteria.o__Desulfobacterales.f__Desulfobacteraceae.g__Desulfococcus",61.6230373428296
"k__Bacteria.p__Bacteroidetes.c__Flavobacteriia.o__Flavobacteriales.f__Flavobacteriaceae.g__Mangrovimonas",60.4564886103969
"k__Bacteria.p__Bacteroidetes.c__Flavobacteriia.o__Flavobacteriales.f__Flavobacteriaceae.g__Cellulophaga",59.7070266505046
"k__Viruses.f__Nimaviridae.g__Whispovirus",58.584400960552
"k__Bacteria.p__Proteobacteria.c__Gammaproteobacteria.o__Xanthomonadales.f__Xanthomonadaceae.g__Xylella",56.4409757711752
"k__Viruses.f__Flaviviridae.g__Hepacivirus",53.7303399231668
"k__Bacteria.p__Actinobacteria.c__Actinobacteria.o__Micrococcales.f__Microbacteriaceae.g__Frondihabitans",52.0638686656064
"k__Bacteria.p__Proteobacteria.c__Betaproteobacteria.o__Methylophilales.f__Methylophilaceae.g__Candidatus_Methylopumilus",51.6284749586163
"k__Bacteria.p__Proteobacteria.c__Gammaproteobacteria.o__Enterobacteriales.f__Enterobacteriaceae.g__Salmonella",51.3126486761874
"k__Bacteria.p__Proteobacteria.c__Betaproteobacteria.o__Neisseriales.f__Neisseriaceae.g__Neisseria",51.1542562730272
"k__Bacteria.p__Proteobacteria.c__Alphaproteobacteria.o__Sphingomonadales.f__Sphingomonadaceae.g__Sphingomonas",51.121293708494
"k__Bacteria.p__Proteobacteria.c__Betaproteobacteria.o__Burkholderiales.f__Alcaligenaceae.g__Alcaligenes",50.9651183092303
"k__Bacteria.p__Deinococcus.Thermus.c__Deinococci.o__Thermales.f__Thermaceae.g__Thermus",50.855570157402
"k__Bacteria.p__Firmicutes.c__Clostridia.o__Clostridiales.f__Peptostreptococcaceae.g__Terrisporobacter",50.5817476456615
"k__Bacteria.p__Caldiserica.c__Caldisericia.o__Caldisericales.f__Caldisericaceae.g__Caldisericum",49.6443668644855
"k__Bacteria.p__Actinobacteria.c__Actinobacteria.o__Micrococcales.f__Microbacteriaceae.g__Microbacterium",48.3582315850514
"k__Bacteria.p__Bacteroidetes.c__Cytophagia.o__Cytophagales.f__Flammeovirgaceae.g__Flammeovirga",47.3740899287417
"k__Bacteria.p__Proteobacteria.c__Gammaproteobacteria.o__Pasteurellales.f__Pasteurellaceae.g__Actinobacillus",47.1185599716441
"k__Archaea.p__Euryarchaeota.c__Methanomicrobia.o__Methanosarcinales.f__Methanosarcinaceae.g__Methanococcoides",46.152840585262
"k__Bacteria.p__Bacteroidetes.c__Flavobacteriia.o__Flavobacteriales.f__Flavobacteriaceae.g__Empedobacter",46.0097176160728
"k__Viruses.o__Herpesvirales.f__Alloherpesviridae.g__Batrachovirus",45.9690020754727
"k__Bacteria.p__Cyanobacteria.o__Prochlorales.f__Prochlorococcaceae.g__Prochlorococcus",45.4676199745435
"k__Bacteria.p__Proteobacteria.c__Gammaproteobacteria.o__Cellvibrionales.f__Porticoccaceae.g__Porticoccus",45.4229847423024
"k__Bacteria.p__Actinobacteria.c__Actinobacteria.o__Micrococcales.f__Dermabacteraceae.g__Brachybacterium",45.1962129134261
"k__Viruses.f__Poxviridae.g__Molluscipoxvirus",43.7756071581547
"k__Bacteria.p__Bacteroidetes.c__Flavobacteriia.o__Flavobacteriales.f__Flavobacteriaceae.g__Epilithonimonas",43.7313529118028
"k__Bacteria.p__Proteobacteria.c__Alphaproteobacteria.o__Rhodospirillales.f__Rhodospirillaceae.g__Pararhodospirillum",43.6364430186058
"k__Bacteria.p__Bacteroidetes.c__Chitinophagia.o__Chitinophagales.f__Chitinophagaceae.g__Sediminibacterium",43.0513364119627
"k__Viruses.o__Caudovirales.f__Myoviridae.g__Spo1virus",41.7148938169203
"k__Bacteria.p__Proteobacteria.c__Alphaproteobacteria.o__Rickettsiales.f__Rickettsiaceae.g__Rickettsia",41.7129893573369
"k__Bacteria.p__Firmicutes.c__Clostridia.o__Clostridiales.f__Lachnospiraceae.g__Lachnoclostridium",40.730162448638
"k__Bacteria.p__Firmicutes.c__Tissierellia.o__Tissierellales.f__Peptoniphilaceae.g__Anaerococcus",40.7196653264074
"k__Bacteria.p__Proteobacteria.c__Betaproteobacteria.o__Neisseriales.f__Chromobacteriaceae.g__Pseudogulbenkiania",40.4315203412447
"k__Bacteria.p__Proteobacteria.c__Betaproteobacteria.o__Neisseriales.f__Chromobacteriaceae.g__Vogesella",39.8696793110158
"k__Bacteria.p__Cyanobacteria.o__Stigonematales.g__Fischerella",38.7172920238237
"k__Bacteria.p__Proteobacteria.c__Betaproteobacteria.o__Burkholderiales.g__Tepidimonas",37.9850830900284
"k__Bacteria.p__Deinococcus.Thermus.c__Deinococci.o__Deinococcales.f__Deinococcaceae.g__Deinococcus",37.8990218152836
"k__Bacteria.p__Firmicutes.c__Bacilli.o__Lactobacillales.f__Aerococcaceae.g__Aerococcus",37.7372584946786
"k__Bacteria.p__Proteobacteria.c__Betaproteobacteria.o__Ferrovales.f__Ferrovaceae.g__Ferrovum",37.2520528770791
"k__Viruses.o__Herpesvirales.f__Herpesviridae.g__Macavirus",36.9003025332948
"k__Bacteria.p__Firmicutes.c__Bacilli.o__Lactobacillales.f__Lactobacillaceae.g__Lactobacillus",36.8211035434599
"k__Viruses.f__Potyviridae.g__Potyvirus",36.7307366948362
"k__Bacteria.p__Proteobacteria.c__Gammaproteobacteria.o__Pasteurellales.f__Pasteurellaceae.g__Gallibacterium",36.4360102256628
"k__Bacteria.p__Proteobacteria.c__Gammaproteobacteria.o__Xanthomonadales.f__Xanthomonadaceae.g__Xanthomonas",36.4218491615208
"k__Bacteria.p__Proteobacteria.c__Betaproteobacteria.o__Burkholderiales.f__Oxalobacteraceae.g__Herbaspirillum",36.1399718282486
"k__Bacteria.p__Firmicutes.c__Clostridia.o__Thermoanaerobacterales.f__Thermoanaerobacteraceae.g__Caldanaerobacter",35.5257337004477
"k__Bacteria.p__Cyanobacteria.o__Oscillatoriales.g__Planktothrix",34.8444673071194
"k__Bacteria.p__Proteobacteria.c__Alphaproteobacteria.o__Rhodobacterales.f__Rhodobacteraceae.g__Oceanicola",34.8261315771847
"k__Bacteria.p__Proteobacteria.c__Gammaproteobacteria.o__Oceanospirillales.f__Oceanospirillaceae.g__Marinomonas",34.6104652988699
"k__Bacteria.p__Proteobacteria.c__Deltaproteobacteria.o__Desulfobacterales.f__Desulfobacteraceae.g__Desulfosarcina",33.3195139107252
"k__Bacteria.p__Firmicutes.c__Bacilli.o__Bacillales.f__Alicyclobacillaceae.g__Alicyclobacillus",33.0282630106871
"k__Bacteria.p__Proteobacteria.c__Alphaproteobacteria.o__Rhodospirillales.f__Rhodospirillaceae.g__Fodinicurvata",32.8413348359215
"k__Bacteria.p__Proteobacteria.c__Alphaproteobacteria.o__Sphingomonadales.f__Sphingomonadaceae.g__Sphingobium",32.4357385625311
"k__Bacteria.p__Actinobacteria.c__Actinobacteria.o__Streptomycetales.f__Streptomycetaceae.g__Streptomyces",32.287555283432
"k__Bacteria.p__Firmicutes.c__Clostridia.o__Clostridiales.g__Flavonifractor",32.1744758093274
"k__Bacteria.p__Actinobacteria.c__Actinobacteria.o__Streptosporangiales.f__Streptosporangiaceae.g__Herbidospora",31.9017264459437
"k__Bacteria.p__Actinobacteria.c__Actinobacteria.o__Micrococcales.f__Intrasporangiaceae.g__Phycicoccus",31.8477864255109
"k__Bacteria.p__Proteobacteria.c__Betaproteobacteria.o__Rhodocyclales.f__Rhodocyclaceae.g__Azospira",31.7794790144725
"k__Bacteria.p__Proteobacteria.c__Alphaproteobacteria.o__Rhizobiales.f__Rhizobiaceae.g__Ensifer",31.3583199455061
"k__Bacteria.p__Proteobacteria.c__Gammaproteobacteria.o__Pasteurellales.f__Pasteurellaceae.g__Mannheimia",31.0781202861655
"k__Bacteria.p__Cyanobacteria.o__Nostocales.f__Nostocaceae.g__Cylindrospermopsis",31.0065964808486
"k__Archaea.p__Euryarchaeota.c__Methanobacteria.o__Methanobacteriales.f__Methanobacteriaceae.g__Methanobacterium",30.4754523075882
"k__Viruses.f__Virgaviridae.g__Hordeivirus",30.3844372827004
"k__Archaea.p__Crenarchaeota.c__Thermoprotei.o__Desulfurococcales.f__Pyrodictiaceae.g__Pyrolobus",30.1629670773287
"k__Bacteria.p__Proteobacteria.c__Alphaproteobacteria.o__Rickettsiales.f__Anaplasmataceae.g__Anaplasma",29.55657658418
"k__Archaea.p__Euryarchaeota.c__Halobacteria.o__Natrialbales.f__Natrialbaceae.g__Halovivax",29.4969906645549
"k__Bacteria.p__Fibrobacteres.c__Chitinispirillia.o__Chitinispirillales.f__Chitinispirillaceae.g__Chitinispirillum",29.4536742420303
"k__Bacteria.p__Bacteroidetes.c__Bacteroidia.o__Bacteroidales.f__Porphyromonadaceae.g__Paludibacter",29.1815008437951
"k__Archaea.p__Euryarchaeota.c__Methanomicrobia.o__Methanosarcinales.f__Methanosarcinaceae.g__Methanomethylovorans",29.055091735251
"k__Bacteria.p__Proteobacteria.c__Alphaproteobacteria.o__Rhodospirillales.g__Elioraea",28.9170310208291
"k__Bacteria.p__Actinobacteria.c__Coriobacteriia.o__Coriobacteriales.f__Atopobiaceae.g__Atopobium",28.6489836922905
"k__Bacteria.p__Proteobacteria.c__Alphaproteobacteria.o__Rickettsiales.f__Anaplasmataceae.g__Wolbachia",28.0268848179076
"k__Bacteria.p__Thermotogae.c__Thermotogae.o__Petrotogales.g__Marinitoga",27.023312361751
"k__Bacteria.p__Proteobacteria.c__Deltaproteobacteria.o__Myxococcales.f__Cystobacteraceae.g__Hyalangium",27.0143519470645
"k__Bacteria.p__Proteobacteria.c__Acidithiobacillia.o__Acidithiobacillales.f__Acidithiobacillaceae.g__Acidithiobacillus",26.9354104757701
"k__Bacteria.p__Planctomycetes.c__Planctomycetia.o__Planctomycetales.f__Planctomycetaceae.g__Gemmata",26.256140461081
"k__Bacteria.p__Proteobacteria.c__Alphaproteobacteria.o__Rhizobiales.f__Hyphomicrobiaceae.g__Prosthecomicrobium",26.0358600853693
"k__Viruses.f__Virgaviridae.g__Tobamovirus",25.5536366482101
"k__Bacteria.p__Bacteroidetes.c__Bacteroidia.o__Bacteroidales.f__Porphyromonadaceae.g__Parabacteroides",25.4123145301868
"k__Bacteria.p__Actinobacteria.c__Actinobacteria.o__Micrococcales.f__Demequinaceae.g__Lysinimicrobium",24.9737720501529
"k__Bacteria.p__Proteobacteria.c__Gammaproteobacteria.o__Alteromonadales.f__Shewanellaceae.g__Shewanella",24.5533167621025
"k__Bacteria.p__Firmicutes.c__Bacilli.o__Lactobacillales.f__Aerococcaceae.g__Eremococcus",24.2714722976472
"k__Bacteria.p__Actinobacteria.c__Actinobacteria.o__Micrococcales.f__Micrococcaceae.g__Arthrobacter",24.2100453206619
"k__Archaea.p__Euryarchaeota.c__Halobacteria.o__Haloferacales.f__Haloferacaceae.g__Halorubrum",24.0436385768174
"k__Viruses.o__Herpesvirales.f__Herpesviridae.g__Proboscivirus",23.7980749207992
"k__Bacteria.p__Proteobacteria.c__Gammaproteobacteria.o__Enterobacteriales.f__Enterobacteriaceae.g__Escherichia",23.5101964786207
"k__Bacteria.p__Bacteroidetes.c__Bacteroidia.o__Bacteroidales.f__Prevotellaceae.g__Hallella",22.7959439484097
"k__Bacteria.p__Proteobacteria.c__Gammaproteobacteria.o__Oceanospirillales.f__Halomonadaceae.g__Halomonas",22.2823520337803
"k__Bacteria.p__Proteobacteria.c__Gammaproteobacteria.o__Oceanospirillales.f__Alcanivoracaceae.g__Alcanivorax",22.0350416142336
"k__Viruses.f__Anelloviridae.g__Gammatorquevirus",22.0347071868047
"k__Bacteria.p__Firmicutes.c__Bacilli.o__Bacillales.f__Planococcaceae.g__Viridibacillus",21.9955091463832
"k__Bacteria.p__Proteobacteria.c__Alphaproteobacteria.o__Rhizobiales.f__Bradyrhizobiaceae.g__Afipia",21.9529424506187
"k__Bacteria.p__Firmicutes.c__Bacilli.o__Lactobacillales.f__Carnobacteriaceae.g__Carnobacterium",21.86923953354
"k__Bacteria.p__Bacteroidetes.c__Bacteroidia.o__Bacteroidales.f__Odoribacteraceae.g__Butyricimonas",21.7279775479024
"k__Bacteria.p__Firmicutes.c__Erysipelotrichia.o__Erysipelotrichales.f__Erysipelotrichaceae.g__Coprobacillus",21.4374963318763
"k__Bacteria.p__Cyanobacteria.o__Stigonematales.g__Mastigocoleus",21.4111445257305
"k__Bacteria.p__Tenericutes.c__Mollicutes.o__Entomoplasmatales.f__Spiroplasmataceae.g__Spiroplasma",21.2567311391865
"k__Bacteria.p__Proteobacteria.c__Alphaproteobacteria.o__Rhizobiales.f__Hyphomicrobiaceae.g__Pelagibacterium",21.24459808692
"k__Bacteria.p__Bacteroidetes.c__Flavobacteriia.o__Flavobacteriales.f__Flavobacteriaceae.g__Dokdonia",21.183922316774
"k__Bacteria.p__Spirochaetes.c__Spirochaetia.o__Brachyspirales.f__Brachyspiraceae.g__Brachyspira",20.8338602390379
"k__Bacteria.p__Firmicutes.c__Clostridia.o__Halanaerobiales.f__Halobacteroidaceae.g__Orenia",20.62931048367
"k__Bacteria.p__Proteobacteria.c__Alphaproteobacteria.o__Rhodobacterales.f__Hyphomonadaceae.g__Hyphomonas",20.558830415164
"k__Viruses.f__Polydnaviridae.g__Ichnovirus",20.4937426473503
"k__Bacteria.p__Bacteroidetes.c__Flavobacteriia.o__Flavobacteriales.f__Flavobacteriaceae.g__Capnocytophaga",20.1835097178408
"k__Bacteria.p__Proteobacteria.c__Alphaproteobacteria.o__Pelagibacterales.f__Pelagibacteraceae.g__Candidatus_Pelagibacter",20.0303797934228
"k__Bacteria.p__Proteobacteria.c__Gammaproteobacteria.o__Xanthomonadales.f__Xanthomonadaceae.g__Pseudoxanthomonas",20.0192281235233
"k__Bacteria.p__Actinobacteria.c__Actinobacteria.o__Micromonosporales.f__Micromonosporaceae.g__Catelliglobosispora",19.9816992098088
"k__Bacteria.p__Cyanobacteria.o__Stigonematales.g__Chlorogloeopsis",19.7894195449442
"k__Bacteria.p__Proteobacteria.c__Gammaproteobacteria.o__Chromatiales.f__Chromatiaceae.g__Rheinheimera",19.6992590953509
"k__Bacteria.p__Bacteroidetes.c__Flavobacteriia.o__Flavobacteriales.f__Flavobacteriaceae.g__Psychroserpens",19.6001120641652
"k__Bacteria.p__Proteobacteria.c__Gammaproteobacteria.o__Alteromonadales.f__Alteromonadaceae.g__Alishewanella",19.2118763839103
"k__Bacteria.p__Firmicutes.c__Bacilli.o__Bacillales.f__Bacillaceae.g__Lysinibacillus",19.0343660115215
"k__Archaea.p__Euryarchaeota.c__Methanomicrobia.o__Methanocellales.f__Methanocellaceae.g__Methanocella",18.9841405395256
"k__Bacteria.p__Proteobacteria.c__Gammaproteobacteria.o__Alteromonadales.f__Pseudoalteromonadaceae.g__Pseudoalteromonas",17.3781304996121
"k__Bacteria.p__Actinobacteria.c__Actinobacteria.o__Micrococcales.f__Micrococcaceae.g__Kocuria",16.7658787778011
"k__Bacteria.p__Firmicutes.c__Clostridia.o__Clostridiales.f__Clostridiaceae.g__Clostridium",16.6742539080055
"k__Bacteria.p__Proteobacteria.c__Alphaproteobacteria.o__Rhizobiales.f__Rhizobiaceae.g__Candidatus_Liberibacter",16.5539233796338
"k__Bacteria.p__Actinobacteria.c__Actinobacteria.o__Streptosporangiales.f__Nocardiopsaceae.g__Nocardiopsis",16.4940060868985
"k__Bacteria.p__Firmicutes.c__Tissierellia.o__Tissierellales.f__Peptoniphilaceae.g__Peptoniphilus",16.4576241701417
"k__Bacteria.p__Bacteroidetes.c__Flavobacteriia.o__Flavobacteriales.f__Flavobacteriaceae.g__Olleya",16.2975025689813
"k__Bacteria.p__Proteobacteria.c__Betaproteobacteria.o__Burkholderiales.f__Comamonadaceae.g__Lampropedia",16.1993161981909
"k__Bacteria.p__Proteobacteria.c__Alphaproteobacteria.o__Rhizobiales.f__Bradyrhizobiaceae.g__Rhodopseudomonas",15.1696101661551
"k__Bacteria.p__Spirochaetes.c__Spirochaetia.o__Spirochaetales.f__Spirochaetaceae.g__Spirochaeta",15.0928782279559
"k__Bacteria.p__Proteobacteria.c__Gammaproteobacteria.o__Xanthomonadales.f__Rhodanobacteraceae.g__Luteibacter",14.8359200745819
"k__Bacteria.p__Bacteroidetes.c__Chitinophagia.o__Chitinophagales.f__Chitinophagaceae.g__Terrimonas",14.7878908652806
"k__Bacteria.p__Proteobacteria.c__Betaproteobacteria.o__Burkholderiales.f__Comamonadaceae.g__Pelomonas",14.5126019267922
"k__Bacteria.p__Gemmatimonadetes.c__Gemmatimonadetes.o__Gemmatimonadales.f__Gemmatimonadaceae.g__Gemmatimonas",14.3562656197888
"k__Bacteria.p__Firmicutes.c__Clostridia.o__Clostridiales.f__Peptostreptococcaceae.g__Paraclostridium",14.2801482183067
"k__Bacteria.p__Firmicutes.c__Bacilli.o__Bacillales.f__Bacillaceae.g__Fictibacillus",14.0957870505868
"k__Bacteria.p__Firmicutes.c__Negativicutes.o__Selenomonadales.f__Selenomonadaceae.g__Anaerovibrio",13.782851747985
"k__Bacteria.p__Proteobacteria.c__Alphaproteobacteria.o__Rhizobiales.f__Phyllobacteriaceae.g__Phyllobacterium",13.7312658215711
"k__Bacteria.p__Firmicutes.c__Clostridia.o__Thermoanaerobacterales.f__Thermoanaerobacterales_Family_III._Incertae_Sedis.g__Caldicellulosiruptor",13.609746403455
"k__Bacteria.p__Actinobacteria.c__Acidimicrobiia.o__Acidimicrobiales.f__Acidimicrobiaceae.g__Ilumatobacter",13.3894191424482
"k__Bacteria.p__Proteobacteria.c__Alphaproteobacteria.o__Rhodospirillales.f__Acetobacteraceae.g__Acetobacter",13.3110947111828
"k__Bacteria.p__Proteobacteria.c__Gammaproteobacteria.o__Enterobacteriales.f__Enterobacteriaceae.g__Klebsiella",12.992672795172
"k__Bacteria.p__Proteobacteria.c__Deltaproteobacteria.o__Desulfovibrionales.f__Desulfovibrionaceae.g__Bilophila",12.6700508188753
"k__Bacteria.p__Proteobacteria.c__Alphaproteobacteria.o__Rhizobiales.f__Bradyrhizobiaceae.g__Bradyrhizobium",12.6207213836477
"k__Archaea.p__Euryarchaeota.c__Halobacteria.o__Halobacteriales.f__Halobacteriaceae.g__Halanaeroarchaeum",12.3582606157183
"k__Bacteria.p__Proteobacteria.c__Gammaproteobacteria.o__Methylococcales.f__Methylococcaceae.g__Methylobacter",12.2695167660216
"k__Bacteria.p__Cyanobacteria.o__Oscillatoriales.g__Oscillatoria",11.6244026462593
"k__Bacteria.p__Actinobacteria.c__Actinobacteria.o__Pseudonocardiales.f__Pseudonocardiaceae.g__Lechevalieria",11.4860195426372
"k__Bacteria.p__Proteobacteria.c__Deltaproteobacteria.o__Desulfovibrionales.f__Desulfovibrionaceae.g__Lawsonia",11.3715211498739
"k__Bacteria.p__Actinobacteria.c__Actinobacteria.o__Geodermatophilales.f__Geodermatophilaceae.g__Modestobacter",11.3353188067676
"k__Bacteria.p__Bacteroidetes.c__Flavobacteriia.o__Flavobacteriales.f__Flavobacteriaceae.g__Aquimarina",11.1688822056895
"k__Bacteria.p__Actinobacteria.c__Coriobacteriia.o__Coriobacteriales.f__Coriobacteriaceae.g__Collinsella",10.9243454741379
"k__Bacteria.p__Proteobacteria.c__Deltaproteobacteria.o__Desulfovibrionales.f__Desulfonatronaceae.g__Desulfonatronum",10.7573756588373
"k__Bacteria.p__Proteobacteria.c__Gammaproteobacteria.o__Xanthomonadales.f__Xanthomonadaceae.g__Stenotrophomonas",10.6119092120227
"k__Bacteria.p__Actinobacteria.c__Actinobacteria.o__Micrococcales.f__Demequinaceae.g__Demequina",10.5958642894086
"k__Bacteria.p__Proteobacteria.c__Gammaproteobacteria.o__Alteromonadales.f__Psychromonadaceae.g__Psychromonas",10.5751786284809
"k__Bacteria.p__Bacteroidetes.c__Cytophagia.o__Cytophagales.f__Cytophagaceae.g__Sporocytophaga",10.3023628501127
"k__Bacteria.p__Proteobacteria.c__Alphaproteobacteria.o__Rhodospirillales.f__Acetobacteraceae.g__Komagataeibacter",10.0283914452401
"k__Bacteria.p__Proteobacteria.c__Alphaproteobacteria.o__Rhodobacterales.f__Rhodobacteraceae.g__Defluviimonas",9.94323878907885
"k__Viruses.o__Herpesvirales.f__Herpesviridae.g__Cytomegalovirus",9.41318770312816
"k__Bacteria.p__Actinobacteria.c__Actinobacteria.o__Propionibacteriales.f__Nocardioidaceae.g__Propionicicella",9.33644412772915
"k__Bacteria.p__Bacteroidetes.c__Chitinophagia.o__Chitinophagales.f__Saprospiraceae.g__Aureispira",9.28982195566607
"k__Bacteria.p__Proteobacteria.c__Betaproteobacteria.o__Burkholderiales.f__Burkholderiaceae.g__Paraburkholderia",9.16704587792854
"k__Archaea.p__Euryarchaeota.c__Halobacteria.o__Halobacteriales.f__Halobacteriaceae.g__Haladaptatus",8.87184267765744
"k__Bacteria.p__Proteobacteria.c__Alphaproteobacteria.o__Rhizobiales.f__Methylobacteriaceae.g__Microvirga",8.82445729735078
"k__Bacteria.p__Actinobacteria.c__Actinobacteria.o__Micrococcales.f__Microbacteriaceae.g__Salinibacterium",8.70635578594742
"k__Bacteria.p__Actinobacteria.c__Actinobacteria.o__Micromonosporales.f__Micromonosporaceae.g__Dactylosporangium",8.66409793838857
"k__Bacteria.p__Firmicutes.c__Bacilli.o__Bacillales.f__Bacillaceae.g__Geobacillus",8.65646651338017
"k__Bacteria.p__Proteobacteria.c__Alphaproteobacteria.o__Rhodobacterales.f__Rhodobacteraceae.g__Roseovarius",8.65573603707067
"k__Bacteria.p__Thermotogae.c__Thermotogae.o__Thermotogales.f__Fervidobacteriaceae.g__Fervidobacterium",8.5408340634726
"k__Bacteria.p__Firmicutes.c__Bacilli.o__Lactobacillales.f__Leuconostocaceae.g__Weissella",7.83289797209019
"k__Archaea.p__Euryarchaeota.c__Methanomicrobia.o__Methanosarcinales.f__Methanosaetaceae.g__Methanosaeta",7.78605839442299
"k__Bacteria.p__Actinobacteria.c__Actinobacteria.o__Corynebacteriales.f__Nocardiaceae.g__Nocardia",7.75924015020365
"k__Bacteria.p__Proteobacteria.c__Alphaproteobacteria.o__Rhodospirillales.f__Acetobacteraceae.g__Roseomonas",7.50529710602228
"k__Bacteria.p__Actinobacteria.c__Actinobacteria.o__Micrococcales.f__Microbacteriaceae.g__Humibacter",7.39655882239376
"k__Bacteria.p__Actinobacteria.c__Actinobacteria.o__Propionibacteriales.f__Propionibacteriaceae.g__Propionibacterium",7.35137611108991
"k__Bacteria.p__Proteobacteria.c__Alphaproteobacteria.o__Rickettsiales.f__Anaplasmataceae.g__Ehrlichia",7.16232811279125
"k__Bacteria.p__Proteobacteria.c__Alphaproteobacteria.o__Rhodobacterales.f__Rhodobacteraceae.g__Paracoccus",7.13718535212106
"k__Bacteria.p__Tenericutes.c__Mollicutes.o__Mycoplasmatales.f__Mycoplasmataceae.g__Ureaplasma",7.03815922809546
"k__Bacteria.p__Firmicutes.c__Bacilli.o__Bacillales.f__Bacillaceae.g__Salsuginibacillus",6.85098033824423
"k__Bacteria.p__Bacteroidetes.c__Cytophagia.o__Cytophagales.f__Cytophagaceae.g__Fibrella",6.78318335458757
"k__Bacteria.p__Firmicutes.c__Bacilli.o__Bacillales.f__Bacillaceae.g__Bacillus",6.76834120098538
"k__Bacteria.p__Proteobacteria.c__Gammaproteobacteria.o__Oceanospirillales.f__Halomonadaceae.g__Candidatus_Portiera",6.75519749795949
"k__Bacteria.p__Firmicutes.c__Bacilli.o__Lactobacillales.f__Aerococcaceae.g__Facklamia",6.6846547424012
"k__Archaea.p__Thaumarchaeota.c__Nitrososphaeria.o__Nitrososphaerales.f__Nitrososphaeraceae.g__Candidatus_Nitrosocosmicus",6.58358031100198
"k__Bacteria.p__Actinobacteria.c__Actinobacteria.o__Micrococcales.f__Microbacteriaceae.g__Rathayibacter",6.56094863720523
"k__Bacteria.p__Bacteroidetes.c__Cytophagia.o__Cytophagales.f__Hymenobacteraceae.g__Hymenobacter",6.52358151531472
"k__Bacteria.p__Proteobacteria.c__Betaproteobacteria.o__Burkholderiales.f__Oxalobacteraceae.g__Collimonas",6.4253450536048
"k__Bacteria.p__Firmicutes.c__Clostridia.o__Clostridiales.f__Lachnospiraceae.g__Catonella",6.38601543535658
"k__Viruses.o__Herpesvirales.f__Herpesviridae.g__Percavirus",5.93817279756349
"k__Viruses.f__Circoviridae.g__Circovirus",5.78099798190592
"k__Bacteria.p__Bacteroidetes.c__Cytophagia.o__Cytophagales.f__Cytophagaceae.g__Flectobacillus",5.74850038896259
"k__Bacteria.p__Proteobacteria.c__Gammaproteobacteria.g__Sedimenticola",5.73319426249007
"k__Bacteria.p__Chlamydiae.c__Chlamydiia.o__Chlamydiales.f__Parachlamydiaceae.g__Candidatus_Protochlamydia",5.66942424368222
"k__Bacteria.p__Bacteroidetes.c__Flavobacteriia.o__Flavobacteriales.f__Flavobacteriaceae.g__Ornithobacterium",5.62458276127077
"k__Bacteria.p__Actinobacteria.c__Actinobacteria.o__Bifidobacteriales.f__Bifidobacteriaceae.g__Scardovia",5.62168692443461
"k__Bacteria.p__Firmicutes.c__Bacilli.o__Bacillales.f__Staphylococcaceae.g__Jeotgalicoccus",5.53017865166305
"k__Bacteria.p__Proteobacteria.c__Gammaproteobacteria.o__Enterobacteriales.f__Enterobacteriaceae.g__Erwinia",5.34528706981018
"k__Bacteria.p__Actinobacteria.c__Actinobacteria.o__Actinomycetales.f__Actinomycetaceae.g__Flaviflexus",5.31130245388758
"k__Bacteria.p__Proteobacteria.c__Deltaproteobacteria.o__Desulfovibrionales.f__Desulfohalobiaceae.g__Desulfovermiculus",5.1215357303053
"k__Bacteria.p__Proteobacteria.c__Betaproteobacteria.o__Burkholderiales.f__Comamonadaceae.g__Pseudorhodoferax",5.05091617824275
"k__Bacteria.p__Planctomycetes.c__Planctomycetia.o__Planctomycetales.f__Isosphaeraceae.g__Singulisphaera",4.98848036444135
"k__Bacteria.p__Chlamydiae.c__Chlamydiia.o__Chlamydiales.f__Chlamydiaceae.g__Chlamydia",4.98355706922652
"k__Bacteria.p__Proteobacteria.c__Alphaproteobacteria.o__Rhizobiales.f__Phyllobacteriaceae.g__Mesorhizobium",4.8922475022899
"k__Bacteria.p__Proteobacteria.c__Betaproteobacteria.o__Burkholderiales.f__Comamonadaceae.g__Hydrogenophaga",4.49280033474428
"k__Viruses.o__Caudovirales.f__Siphoviridae.g__Skunalikevirus",4.41492615189549
"k__Bacteria.p__Firmicutes.c__Clostridia.o__Clostridiales.f__Peptococcaceae.g__Desulfosporosinus",4.40137186080321
"k__Viruses.o__Picornavirales.f__Dicistroviridae.g__Cripavirus",4.37357375054132
"k__Bacteria.p__Firmicutes.c__Bacilli.o__Lactobacillales.f__Leuconostocaceae.g__Leuconostoc",4.35784025956845
"k__Bacteria.p__Proteobacteria.c__Alphaproteobacteria.o__Rhodospirillales.f__Rhodospirillaceae.g__Inquilinus",4.12519151830236
"k__Bacteria.p__Spirochaetes.c__Spirochaetia.f__Leptospiraceae.g__Leptospira",4.0098965789912
"k__Bacteria.p__Bacteroidetes.c__Cytophagia.o__Cytophagales.f__Cytophagaceae.g__Anditalea",3.97535772775929
"k__Bacteria.p__Firmicutes.c__Bacilli.o__Bacillales.f__Bacillaceae.g__Oceanobacillus",3.88290502123542
"k__Bacteria.p__Gemmatimonadetes.c__Gemmatimonadetes.o__Gemmatimonadales.f__Gemmatimonadaceae.g__Gemmatirosa",3.85501742022371
"k__Bacteria.p__Firmicutes.c__Clostridia.o__Clostridiales.g__Epulopiscium",3.63547272547011
"k__Bacteria.p__Bacteroidetes.c__Flavobacteriia.o__Flavobacteriales.f__Flavobacteriaceae.g__Polaribacter",3.02446361663869
"k__Bacteria.p__Proteobacteria.c__Betaproteobacteria.o__Nitrosomonadales.f__Nitrosomonadaceae.g__Nitrosospira",2.85164987325497
"k__Viruses.o__Herpesvirales.f__Herpesviridae.g__Muromegalovirus",2.8429531769261
"k__Viruses.o__Herpesvirales.f__Herpesviridae.g__Mardivirus",2.50609192883692
"k__Bacteria.p__Cyanobacteria.o__Chroococcales.g__Gloeocapsa",2.42682292921655
