"1",1,0.898255813953488,0.00202773807603459,"Stomach Adenocarcinoma","Primary Tumor vs Solid Tissue Normal"
"2",1,0.898255813953488,0.00202773807603459,"Stomach Adenocarcinoma","Primary Tumor vs Solid Tissue Normal"
"3",1,0.899563318777293,0.00336780024661443,"Stomach Adenocarcinoma","Primary Tumor vs Solid Tissue Normal"
"4",1,0.900874635568513,0.00409906665442435,"Stomach Adenocarcinoma","Primary Tumor vs Solid Tissue Normal"
"5",1,0.902189781021898,0.00485473545625046,"Stomach Adenocarcinoma","Primary Tumor vs Solid Tissue Normal"
"6",1,0.903508771929825,0.00574551241341073,"Stomach Adenocarcinoma","Primary Tumor vs Solid Tissue Normal"
"7",1,0.904831625183016,0.0070188286461136,"Stomach Adenocarcinoma","Primary Tumor vs Solid Tissue Normal"
"8",1,0.906158357771261,0.00731730884175699,"Stomach Adenocarcinoma","Primary Tumor vs Solid Tissue Normal"
"9",1,0.907488986784141,0.00734883683337143,"Stomach Adenocarcinoma","Primary Tumor vs Solid Tissue Normal"
"10",1,0.908823529411765,0.00746090361662065,"Stomach Adenocarcinoma","Primary Tumor vs Solid Tissue Normal"
"11",1,0.910162002945508,0.00764328066330898,"Stomach Adenocarcinoma","Primary Tumor vs Solid Tissue Normal"
"12",1,0.911504424778761,0.00765170029936591,"Stomach Adenocarcinoma","Primary Tumor vs Solid Tissue Normal"
"13",1,0.912850812407681,0.00865598599299833,"Stomach Adenocarcinoma","Primary Tumor vs Solid Tissue Normal"
"14",1,0.914201183431953,0.00893179859692655,"Stomach Adenocarcinoma","Primary Tumor vs Solid Tissue Normal"
"15",1,0.915555555555556,0.00930897730208542,"Stomach Adenocarcinoma","Primary Tumor vs Solid Tissue Normal"
"16",1,0.916913946587537,0.0103329183449467,"Stomach Adenocarcinoma","Primary Tumor vs Solid Tissue Normal"
"17",1,0.919642857142857,0.0110667670333666,"Stomach Adenocarcinoma","Primary Tumor vs Solid Tissue Normal"
"18",1,0.921013412816691,0.0110721139964744,"Stomach Adenocarcinoma","Primary Tumor vs Solid Tissue Normal"
"19",1,0.922388059701493,0.0112290722270829,"Stomach Adenocarcinoma","Primary Tumor vs Solid Tissue Normal"
"20",1,0.923766816143498,0.0113361288705879,"Stomach Adenocarcinoma","Primary Tumor vs Solid Tissue Normal"
"21",1,0.925149700598802,0.0116904007298361,"Stomach Adenocarcinoma","Primary Tumor vs Solid Tissue Normal"
"22",1,0.926536731634183,0.0120813028865528,"Stomach Adenocarcinoma","Primary Tumor vs Solid Tissue Normal"
"23",1,0.927927927927928,0.0121262395597254,"Stomach Adenocarcinoma","Primary Tumor vs Solid Tissue Normal"
"24",1,0.929323308270677,0.0135788091678313,"Stomach Adenocarcinoma","Primary Tumor vs Solid Tissue Normal"
"25",1,0.930722891566265,0.0137931684768944,"Stomach Adenocarcinoma","Primary Tumor vs Solid Tissue Normal"
"26",1,0.932126696832579,0.0149114705296,"Stomach Adenocarcinoma","Primary Tumor vs Solid Tissue Normal"
"27",1,0.933534743202417,0.0154310879632395,"Stomach Adenocarcinoma","Primary Tumor vs Solid Tissue Normal"
"28",1,0.934947049924357,0.0159669848368478,"Stomach Adenocarcinoma","Primary Tumor vs Solid Tissue Normal"
"29",1,0.936363636363636,0.0160364738020647,"Stomach Adenocarcinoma","Primary Tumor vs Solid Tissue Normal"
"30",1,0.937784522003035,0.0165455321927228,"Stomach Adenocarcinoma","Primary Tumor vs Solid Tissue Normal"
"31",1,0.939209726443769,0.0175003240270567,"Stomach Adenocarcinoma","Primary Tumor vs Solid Tissue Normal"
"32",1,0.940639269406393,0.0175405583411896,"Stomach Adenocarcinoma","Primary Tumor vs Solid Tissue Normal"
"33",1,0.942073170731707,0.0176312868344283,"Stomach Adenocarcinoma","Primary Tumor vs Solid Tissue Normal"
"34",1,0.943511450381679,0.0180275735197581,"Stomach Adenocarcinoma","Primary Tumor vs Solid Tissue Normal"
"35",1,0.944954128440367,0.0184484512286339,"Stomach Adenocarcinoma","Primary Tumor vs Solid Tissue Normal"
"36",1,0.946401225114854,0.019001725048826,"Stomach Adenocarcinoma","Primary Tumor vs Solid Tissue Normal"
"37",1,0.947852760736196,0.0207790550723871,"Stomach Adenocarcinoma","Primary Tumor vs Solid Tissue Normal"
"38",1,0.949308755760369,0.0209296267799808,"Stomach Adenocarcinoma","Primary Tumor vs Solid Tissue Normal"
"39",1,0.950769230769231,0.0222481853958912,"Stomach Adenocarcinoma","Primary Tumor vs Solid Tissue Normal"
"40",1,0.952234206471495,0.0228149149801538,"Stomach Adenocarcinoma","Primary Tumor vs Solid Tissue Normal"
"41",1,0.953703703703704,0.0232534452328321,"Stomach Adenocarcinoma","Primary Tumor vs Solid Tissue Normal"
"42",1,0.955177743431221,0.0233142455135583,"Stomach Adenocarcinoma","Primary Tumor vs Solid Tissue Normal"
"43",1,0.956656346749226,0.0236944154591769,"Stomach Adenocarcinoma","Primary Tumor vs Solid Tissue Normal"
"44",1,0.958139534883721,0.0247016721244384,"Stomach Adenocarcinoma","Primary Tumor vs Solid Tissue Normal"
"45",1,0.959627329192547,0.026172862734052,"Stomach Adenocarcinoma","Primary Tumor vs Solid Tissue Normal"
"46",1,0.961119751166407,0.0268540804667674,"Stomach Adenocarcinoma","Primary Tumor vs Solid Tissue Normal"
"47",1,0.962616822429907,0.0270452582853046,"Stomach Adenocarcinoma","Primary Tumor vs Solid Tissue Normal"
"48",1,0.96411856474259,0.0281716716050422,"Stomach Adenocarcinoma","Primary Tumor vs Solid Tissue Normal"
"49",1,0.965625,0.0319194284509884,"Stomach Adenocarcinoma","Primary Tumor vs Solid Tissue Normal"
"50",1,0.967136150234742,0.0319935385199867,"Stomach Adenocarcinoma","Primary Tumor vs Solid Tissue Normal"
"51",1,0.968652037617555,0.0378864845881246,"Stomach Adenocarcinoma","Primary Tumor vs Solid Tissue Normal"
"52",1,0.970172684458399,0.0386720504083445,"Stomach Adenocarcinoma","Primary Tumor vs Solid Tissue Normal"
"53",1,0.971698113207547,0.0388764283573044,"Stomach Adenocarcinoma","Primary Tumor vs Solid Tissue Normal"
"54",1,0.973228346456693,0.039909843054597,"Stomach Adenocarcinoma","Primary Tumor vs Solid Tissue Normal"
"55",1,0.974763406940063,0.0403545081968329,"Stomach Adenocarcinoma","Primary Tumor vs Solid Tissue Normal"
"56",1,0.976303317535545,0.0447094904539853,"Stomach Adenocarcinoma","Primary Tumor vs Solid Tissue Normal"
"57",1,0.977848101265823,0.0529665398398738,"Stomach Adenocarcinoma","Primary Tumor vs Solid Tissue Normal"
"58",1,0.979397781299525,0.0540377641509525,"Stomach Adenocarcinoma","Primary Tumor vs Solid Tissue Normal"
"59",1,0.980952380952381,0.0552380385183825,"Stomach Adenocarcinoma","Primary Tumor vs Solid Tissue Normal"
"60",1,0.982511923688394,0.0588347746642344,"Stomach Adenocarcinoma","Primary Tumor vs Solid Tissue Normal"
"61",1,0.982511923688394,0.0588347746642344,"Stomach Adenocarcinoma","Primary Tumor vs Solid Tissue Normal"
"62",0.998381877022654,0.982484076433121,0.0588347746642344,"Stomach Adenocarcinoma","Primary Tumor vs Solid Tissue Normal"
"63",0.996763754045307,0.982456140350877,0.0588347746642344,"Stomach Adenocarcinoma","Primary Tumor vs Solid Tissue Normal"
"64",0.996763754045307,0.982456140350877,0.068207148673397,"Stomach Adenocarcinoma","Primary Tumor vs Solid Tissue Normal"
"65",0.996763754045307,0.984025559105431,0.210651275617947,"Stomach Adenocarcinoma","Primary Tumor vs Solid Tissue Normal"
"66",0.996763754045307,0.984025559105431,0.210651275617947,"Stomach Adenocarcinoma","Primary Tumor vs Solid Tissue Normal"
"67",0.995145631067961,0.984,0.210651275617947,"Stomach Adenocarcinoma","Primary Tumor vs Solid Tissue Normal"
"68",0.993527508090615,0.983974358974359,0.210651275617947,"Stomach Adenocarcinoma","Primary Tumor vs Solid Tissue Normal"
"69",0.993527508090615,0.983974358974359,0.313125768464609,"Stomach Adenocarcinoma","Primary Tumor vs Solid Tissue Normal"
"70",0.991909385113269,0.983948635634029,0.375984311711258,"Stomach Adenocarcinoma","Primary Tumor vs Solid Tissue Normal"
"71",0.991909385113269,0.985530546623794,0.643825992797035,"Stomach Adenocarcinoma","Primary Tumor vs Solid Tissue Normal"
"72",0.990291262135922,0.985507246376812,0.656272149985072,"Stomach Adenocarcinoma","Primary Tumor vs Solid Tissue Normal"
"73",0.988673139158576,0.985483870967742,0.675613897905532,"Stomach Adenocarcinoma","Primary Tumor vs Solid Tissue Normal"
"74",0.98705501618123,0.98546042003231,0.680386913870491,"Stomach Adenocarcinoma","Primary Tumor vs Solid Tissue Normal"
"75",0.98705501618123,0.988654781199352,0.69713850663509,"Stomach Adenocarcinoma","Primary Tumor vs Solid Tissue Normal"
"76",0.98705501618123,0.99025974025974,0.697460802753802,"Stomach Adenocarcinoma","Primary Tumor vs Solid Tissue Normal"
"77",0.98705501618123,0.993485342019544,0.734046911752146,"Stomach Adenocarcinoma","Primary Tumor vs Solid Tissue Normal"
"78",0.985436893203884,0.99347471451876,0.738220309504935,"Stomach Adenocarcinoma","Primary Tumor vs Solid Tissue Normal"
"79",0.983818770226537,0.993464052287582,0.77952696537047,"Stomach Adenocarcinoma","Primary Tumor vs Solid Tissue Normal"
"80",0.982200647249191,0.993453355155483,0.782264656117302,"Stomach Adenocarcinoma","Primary Tumor vs Solid Tissue Normal"
"81",0.980582524271845,0.99344262295082,0.832302877773574,"Stomach Adenocarcinoma","Primary Tumor vs Solid Tissue Normal"
"82",0.978964401294498,0.993431855500821,0.832397937486751,"Stomach Adenocarcinoma","Primary Tumor vs Solid Tissue Normal"
"83",0.978964401294498,0.995065789473684,0.849623890287592,"Stomach Adenocarcinoma","Primary Tumor vs Solid Tissue Normal"
"84",0.977346278317152,0.99505766062603,0.879314220891336,"Stomach Adenocarcinoma","Primary Tumor vs Solid Tissue Normal"
"85",0.975728155339806,0.995049504950495,0.880150440986808,"Stomach Adenocarcinoma","Primary Tumor vs Solid Tissue Normal"
"86",0.97411003236246,0.99504132231405,0.882462844020769,"Stomach Adenocarcinoma","Primary Tumor vs Solid Tissue Normal"
"87",0.97411003236246,0.998341625207297,0.888258496861944,"Stomach Adenocarcinoma","Primary Tumor vs Solid Tissue Normal"
"88",0.972491909385113,0.998338870431894,0.888509923793622,"Stomach Adenocarcinoma","Primary Tumor vs Solid Tissue Normal"
"89",0.970873786407767,0.998336106489185,0.890865143120486,"Stomach Adenocarcinoma","Primary Tumor vs Solid Tissue Normal"
"90",0.969255663430421,0.998333333333333,0.892166204772275,"Stomach Adenocarcinoma","Primary Tumor vs Solid Tissue Normal"
"91",0.967637540453074,0.998330550918197,0.892380428354996,"Stomach Adenocarcinoma","Primary Tumor vs Solid Tissue Normal"
"92",0.966019417475728,0.998327759197324,0.892700262039047,"Stomach Adenocarcinoma","Primary Tumor vs Solid Tissue Normal"
"93",0.964401294498382,0.998324958123953,0.893000108098081,"Stomach Adenocarcinoma","Primary Tumor vs Solid Tissue Normal"
"94",0.962783171521036,0.998322147651007,0.893544128705352,"Stomach Adenocarcinoma","Primary Tumor vs Solid Tissue Normal"
"95",0.961165048543689,0.998319327731092,0.895447426358735,"Stomach Adenocarcinoma","Primary Tumor vs Solid Tissue Normal"
"96",0.959546925566343,0.998316498316498,0.895684871056757,"Stomach Adenocarcinoma","Primary Tumor vs Solid Tissue Normal"
"97",0.957928802588997,0.998313659359191,0.896198509982859,"Stomach Adenocarcinoma","Primary Tumor vs Solid Tissue Normal"
"98",0.956310679611651,0.998310810810811,0.897796391711314,"Stomach Adenocarcinoma","Primary Tumor vs Solid Tissue Normal"
"99",0.954692556634304,0.998307952622673,0.897948983129698,"Stomach Adenocarcinoma","Primary Tumor vs Solid Tissue Normal"
"100",0.953074433656958,0.998305084745763,0.898812005859041,"Stomach Adenocarcinoma","Primary Tumor vs Solid Tissue Normal"
"101",0.951456310679612,0.99830220713073,0.90216866553049,"Stomach Adenocarcinoma","Primary Tumor vs Solid Tissue Normal"
"102",0.949838187702265,0.998299319727891,0.90249260155156,"Stomach Adenocarcinoma","Primary Tumor vs Solid Tissue Normal"
"103",0.948220064724919,0.998296422487223,0.902506466129523,"Stomach Adenocarcinoma","Primary Tumor vs Solid Tissue Normal"
"104",0.946601941747573,0.998293515358362,0.907661675505484,"Stomach Adenocarcinoma","Primary Tumor vs Solid Tissue Normal"
"105",0.944983818770227,0.998290598290598,0.908216850762948,"Stomach Adenocarcinoma","Primary Tumor vs Solid Tissue Normal"
"106",0.94336569579288,0.998287671232877,0.908497175907462,"Stomach Adenocarcinoma","Primary Tumor vs Solid Tissue Normal"
"107",0.941747572815534,0.998284734133791,0.908508393811185,"Stomach Adenocarcinoma","Primary Tumor vs Solid Tissue Normal"
"108",0.940129449838188,0.998281786941581,0.910966367627003,"Stomach Adenocarcinoma","Primary Tumor vs Solid Tissue Normal"
"109",0.938511326860841,0.998278829604131,0.913154535973234,"Stomach Adenocarcinoma","Primary Tumor vs Solid Tissue Normal"
"110",0.936893203883495,0.998275862068966,0.915319753336332,"Stomach Adenocarcinoma","Primary Tumor vs Solid Tissue Normal"
"111",0.935275080906149,0.998272884283247,0.915940738492283,"Stomach Adenocarcinoma","Primary Tumor vs Solid Tissue Normal"
"112",0.933656957928803,0.998269896193772,0.916432584528958,"Stomach Adenocarcinoma","Primary Tumor vs Solid Tissue Normal"
"113",0.932038834951456,0.998266897746967,0.917272780378531,"Stomach Adenocarcinoma","Primary Tumor vs Solid Tissue Normal"
"114",0.93042071197411,0.998263888888889,0.91968593596819,"Stomach Adenocarcinoma","Primary Tumor vs Solid Tissue Normal"
"115",0.928802588996764,0.998260869565217,0.91979577287743,"Stomach Adenocarcinoma","Primary Tumor vs Solid Tissue Normal"
"116",0.927184466019418,0.998257839721254,0.920007438534085,"Stomach Adenocarcinoma","Primary Tumor vs Solid Tissue Normal"
"117",0.925566343042071,0.99825479930192,0.920033403752454,"Stomach Adenocarcinoma","Primary Tumor vs Solid Tissue Normal"
"118",0.923948220064725,0.998251748251748,0.921094731639338,"Stomach Adenocarcinoma","Primary Tumor vs Solid Tissue Normal"
"119",0.922330097087379,0.998248686514886,0.923048696890305,"Stomach Adenocarcinoma","Primary Tumor vs Solid Tissue Normal"
"120",0.920711974110032,0.998245614035088,0.92394930453903,"Stomach Adenocarcinoma","Primary Tumor vs Solid Tissue Normal"
"121",0.919093851132686,0.998242530755712,0.924248064108186,"Stomach Adenocarcinoma","Primary Tumor vs Solid Tissue Normal"
"122",0.91747572815534,0.998239436619718,0.924354068100982,"Stomach Adenocarcinoma","Primary Tumor vs Solid Tissue Normal"
"123",0.915857605177994,0.998236331569665,0.926068436258311,"Stomach Adenocarcinoma","Primary Tumor vs Solid Tissue Normal"
"124",0.914239482200647,0.998233215547703,0.927766284438446,"Stomach Adenocarcinoma","Primary Tumor vs Solid Tissue Normal"
"125",0.912621359223301,0.998230088495575,0.927954965647162,"Stomach Adenocarcinoma","Primary Tumor vs Solid Tissue Normal"
"126",0.911003236245955,0.99822695035461,0.929775630919651,"Stomach Adenocarcinoma","Primary Tumor vs Solid Tissue Normal"
"127",0.909385113268608,0.998223801065719,0.929781158649502,"Stomach Adenocarcinoma","Primary Tumor vs Solid Tissue Normal"
"128",0.907766990291262,0.998220640569395,0.929824582879594,"Stomach Adenocarcinoma","Primary Tumor vs Solid Tissue Normal"
"129",0.906148867313916,0.998217468805704,0.930711533321373,"Stomach Adenocarcinoma","Primary Tumor vs Solid Tissue Normal"
"130",0.90453074433657,0.998214285714286,0.931511945348931,"Stomach Adenocarcinoma","Primary Tumor vs Solid Tissue Normal"
"131",0.902912621359223,0.998211091234347,0.931556472769378,"Stomach Adenocarcinoma","Primary Tumor vs Solid Tissue Normal"
"132",0.901294498381877,0.99820788530466,0.931582818951318,"Stomach Adenocarcinoma","Primary Tumor vs Solid Tissue Normal"
"133",0.899676375404531,0.998204667863555,0.933726984452595,"Stomach Adenocarcinoma","Primary Tumor vs Solid Tissue Normal"
"134",0.898058252427185,0.998201438848921,0.933799378754074,"Stomach Adenocarcinoma","Primary Tumor vs Solid Tissue Normal"
"135",0.896440129449838,0.998198198198198,0.934310768548135,"Stomach Adenocarcinoma","Primary Tumor vs Solid Tissue Normal"
"136",0.894822006472492,0.998194945848375,0.934947638070789,"Stomach Adenocarcinoma","Primary Tumor vs Solid Tissue Normal"
"137",0.893203883495146,0.998191681735985,0.935645614159441,"Stomach Adenocarcinoma","Primary Tumor vs Solid Tissue Normal"
"138",0.891585760517799,0.998188405797101,0.935831066584138,"Stomach Adenocarcinoma","Primary Tumor vs Solid Tissue Normal"
"139",0.889967637540453,0.998185117967332,0.936800378177349,"Stomach Adenocarcinoma","Primary Tumor vs Solid Tissue Normal"
"140",0.888349514563107,0.998181818181818,0.937110790551912,"Stomach Adenocarcinoma","Primary Tumor vs Solid Tissue Normal"
"141",0.886731391585761,0.998178506375228,0.938401223465427,"Stomach Adenocarcinoma","Primary Tumor vs Solid Tissue Normal"
"142",0.885113268608414,0.998175182481752,0.938995653144965,"Stomach Adenocarcinoma","Primary Tumor vs Solid Tissue Normal"
"143",0.885113268608414,0.998175182481752,0.938995653144965,"Stomach Adenocarcinoma","Primary Tumor vs Solid Tissue Normal"
"144",0.883495145631068,0.9981718464351,0.938995653144965,"Stomach Adenocarcinoma","Primary Tumor vs Solid Tissue Normal"
"145",0.881877022653722,0.998168498168498,0.938995653144965,"Stomach Adenocarcinoma","Primary Tumor vs Solid Tissue Normal"
"146",0.881877022653722,0.998168498168498,0.939756218075881,"Stomach Adenocarcinoma","Primary Tumor vs Solid Tissue Normal"
"147",0.880258899676375,0.998165137614679,0.939888454585369,"Stomach Adenocarcinoma","Primary Tumor vs Solid Tissue Normal"
"148",0.878640776699029,0.998161764705882,0.942382775124391,"Stomach Adenocarcinoma","Primary Tumor vs Solid Tissue Normal"
"149",0.877022653721683,0.998158379373849,0.942810622163932,"Stomach Adenocarcinoma","Primary Tumor vs Solid Tissue Normal"
"150",0.875404530744337,0.998154981549816,0.943215905312444,"Stomach Adenocarcinoma","Primary Tumor vs Solid Tissue Normal"
"151",0.87378640776699,0.99815157116451,0.945141010102428,"Stomach Adenocarcinoma","Primary Tumor vs Solid Tissue Normal"
"152",0.872168284789644,0.998148148148148,0.946137144211716,"Stomach Adenocarcinoma","Primary Tumor vs Solid Tissue Normal"
"153",0.870550161812298,0.998144712430427,0.946550196896133,"Stomach Adenocarcinoma","Primary Tumor vs Solid Tissue Normal"
"154",0.868932038834951,0.99814126394052,0.946794766912677,"Stomach Adenocarcinoma","Primary Tumor vs Solid Tissue Normal"
"155",0.867313915857605,0.998137802607076,0.94686235016698,"Stomach Adenocarcinoma","Primary Tumor vs Solid Tissue Normal"
"156",0.865695792880259,0.998134328358209,0.948310067203465,"Stomach Adenocarcinoma","Primary Tumor vs Solid Tissue Normal"
"157",0.864077669902913,0.998130841121495,0.949145384913892,"Stomach Adenocarcinoma","Primary Tumor vs Solid Tissue Normal"
"158",0.862459546925566,0.99812734082397,0.9510247433456,"Stomach Adenocarcinoma","Primary Tumor vs Solid Tissue Normal"
"159",0.86084142394822,0.99812382739212,0.953799606996412,"Stomach Adenocarcinoma","Primary Tumor vs Solid Tissue Normal"
"160",0.859223300970874,0.99812030075188,0.95402384797869,"Stomach Adenocarcinoma","Primary Tumor vs Solid Tissue Normal"
"161",0.857605177993528,0.998116760828625,0.954147109308207,"Stomach Adenocarcinoma","Primary Tumor vs Solid Tissue Normal"
"162",0.855987055016181,0.99811320754717,0.954420540505671,"Stomach Adenocarcinoma","Primary Tumor vs Solid Tissue Normal"
"163",0.854368932038835,0.998109640831758,0.95552569697751,"Stomach Adenocarcinoma","Primary Tumor vs Solid Tissue Normal"
"164",0.852750809061489,0.998106060606061,0.955794499100414,"Stomach Adenocarcinoma","Primary Tumor vs Solid Tissue Normal"
"165",0.851132686084142,0.998102466793169,0.956535920746639,"Stomach Adenocarcinoma","Primary Tumor vs Solid Tissue Normal"
"166",0.849514563106796,0.998098859315589,0.95659599719382,"Stomach Adenocarcinoma","Primary Tumor vs Solid Tissue Normal"
"167",0.849514563106796,0.998098859315589,0.95659599719382,"Stomach Adenocarcinoma","Primary Tumor vs Solid Tissue Normal"
"168",0.84789644012945,0.998095238095238,0.95659599719382,"Stomach Adenocarcinoma","Primary Tumor vs Solid Tissue Normal"
"169",0.846278317152104,0.998091603053435,0.95659599719382,"Stomach Adenocarcinoma","Primary Tumor vs Solid Tissue Normal"
"170",0.846278317152104,0.998091603053435,0.958126085195307,"Stomach Adenocarcinoma","Primary Tumor vs Solid Tissue Normal"
"171",0.844660194174757,0.998087954110899,0.959187694775901,"Stomach Adenocarcinoma","Primary Tumor vs Solid Tissue Normal"
"172",0.843042071197411,0.998084291187739,0.961385534542744,"Stomach Adenocarcinoma","Primary Tumor vs Solid Tissue Normal"
"173",0.843042071197411,0.998084291187739,0.961385534542744,"Stomach Adenocarcinoma","Primary Tumor vs Solid Tissue Normal"
"174",0.841423948220065,0.998080614203455,0.961385534542744,"Stomach Adenocarcinoma","Primary Tumor vs Solid Tissue Normal"
"175",0.839805825242718,0.998076923076923,0.961385534542744,"Stomach Adenocarcinoma","Primary Tumor vs Solid Tissue Normal"
"176",0.839805825242718,0.998076923076923,0.962499776035126,"Stomach Adenocarcinoma","Primary Tumor vs Solid Tissue Normal"
"177",0.838187702265372,0.998073217726397,0.962827962743366,"Stomach Adenocarcinoma","Primary Tumor vs Solid Tissue Normal"
"178",0.836569579288026,0.998069498069498,0.962956216454855,"Stomach Adenocarcinoma","Primary Tumor vs Solid Tissue Normal"
"179",0.83495145631068,0.998065764023211,0.963336279137886,"Stomach Adenocarcinoma","Primary Tumor vs Solid Tissue Normal"
"180",0.833333333333333,0.998062015503876,0.963491610006157,"Stomach Adenocarcinoma","Primary Tumor vs Solid Tissue Normal"
"181",0.831715210355987,0.998058252427184,0.963581651991305,"Stomach Adenocarcinoma","Primary Tumor vs Solid Tissue Normal"
"182",0.830097087378641,0.998054474708171,0.963948188034448,"Stomach Adenocarcinoma","Primary Tumor vs Solid Tissue Normal"
"183",0.828478964401295,0.998050682261209,0.964239849783081,"Stomach Adenocarcinoma","Primary Tumor vs Solid Tissue Normal"
"184",0.826860841423948,0.998046875,0.964872577596723,"Stomach Adenocarcinoma","Primary Tumor vs Solid Tissue Normal"
"185",0.825242718446602,0.998043052837573,0.965797596094379,"Stomach Adenocarcinoma","Primary Tumor vs Solid Tissue Normal"
"186",0.823624595469256,0.998039215686275,0.966006419780281,"Stomach Adenocarcinoma","Primary Tumor vs Solid Tissue Normal"
"187",0.822006472491909,0.99803536345776,0.96607565068044,"Stomach Adenocarcinoma","Primary Tumor vs Solid Tissue Normal"
"188",0.820388349514563,0.998031496062992,0.968356801347977,"Stomach Adenocarcinoma","Primary Tumor vs Solid Tissue Normal"
"189",0.818770226537217,0.998027613412229,0.968631891216874,"Stomach Adenocarcinoma","Primary Tumor vs Solid Tissue Normal"
"190",0.817152103559871,0.99802371541502,0.969131896322796,"Stomach Adenocarcinoma","Primary Tumor vs Solid Tissue Normal"
"191",0.815533980582524,0.998019801980198,0.969416871047111,"Stomach Adenocarcinoma","Primary Tumor vs Solid Tissue Normal"
"192",0.813915857605178,0.998015873015873,0.972716399767704,"Stomach Adenocarcinoma","Primary Tumor vs Solid Tissue Normal"
"193",0.812297734627832,0.998011928429423,0.972837401842028,"Stomach Adenocarcinoma","Primary Tumor vs Solid Tissue Normal"
"194",0.810679611650485,0.99800796812749,0.973416706685324,"Stomach Adenocarcinoma","Primary Tumor vs Solid Tissue Normal"
"195",0.810679611650485,0.99800796812749,0.973416706685324,"Stomach Adenocarcinoma","Primary Tumor vs Solid Tissue Normal"
"196",0.809061488673139,0.998003992015968,0.973416706685324,"Stomach Adenocarcinoma","Primary Tumor vs Solid Tissue Normal"
"197",0.807443365695793,0.998,0.973416706685324,"Stomach Adenocarcinoma","Primary Tumor vs Solid Tissue Normal"
"198",0.807443365695793,0.998,0.973660669769185,"Stomach Adenocarcinoma","Primary Tumor vs Solid Tissue Normal"
"199",0.805825242718447,0.997995991983968,0.973697487538218,"Stomach Adenocarcinoma","Primary Tumor vs Solid Tissue Normal"
"200",0.8042071197411,0.997991967871486,0.973766328199993,"Stomach Adenocarcinoma","Primary Tumor vs Solid Tissue Normal"
"201",0.802588996763754,0.997987927565392,0.974270345643403,"Stomach Adenocarcinoma","Primary Tumor vs Solid Tissue Normal"
"202",0.800970873786408,0.997983870967742,0.974869365680529,"Stomach Adenocarcinoma","Primary Tumor vs Solid Tissue Normal"
"203",0.799352750809062,0.997979797979798,0.974891043035376,"Stomach Adenocarcinoma","Primary Tumor vs Solid Tissue Normal"
"204",0.797734627831715,0.997975708502024,0.975203052508136,"Stomach Adenocarcinoma","Primary Tumor vs Solid Tissue Normal"
"205",0.796116504854369,0.997971602434077,0.975559203155312,"Stomach Adenocarcinoma","Primary Tumor vs Solid Tissue Normal"
"206",0.796116504854369,1,0.97574675261197,"Stomach Adenocarcinoma","Primary Tumor vs Solid Tissue Normal"
"207",0.794498381877023,1,0.975833961084962,"Stomach Adenocarcinoma","Primary Tumor vs Solid Tissue Normal"
"208",0.792880258899676,1,0.976588735346922,"Stomach Adenocarcinoma","Primary Tumor vs Solid Tissue Normal"
"209",0.79126213592233,1,0.977513006094647,"Stomach Adenocarcinoma","Primary Tumor vs Solid Tissue Normal"
"210",0.789644012944984,1,0.977671111445968,"Stomach Adenocarcinoma","Primary Tumor vs Solid Tissue Normal"
"211",0.788025889967638,1,0.97797736735734,"Stomach Adenocarcinoma","Primary Tumor vs Solid Tissue Normal"
"212",0.784789644012945,1,0.978441768919358,"Stomach Adenocarcinoma","Primary Tumor vs Solid Tissue Normal"
"213",0.783171521035599,1,0.979032690443289,"Stomach Adenocarcinoma","Primary Tumor vs Solid Tissue Normal"
"214",0.781553398058252,1,0.979035730935983,"Stomach Adenocarcinoma","Primary Tumor vs Solid Tissue Normal"
"215",0.779935275080906,1,0.97918126964475,"Stomach Adenocarcinoma","Primary Tumor vs Solid Tissue Normal"
"216",0.77831715210356,1,0.979788289084219,"Stomach Adenocarcinoma","Primary Tumor vs Solid Tissue Normal"
"217",0.776699029126214,1,0.980128995650656,"Stomach Adenocarcinoma","Primary Tumor vs Solid Tissue Normal"
"218",0.775080906148867,1,0.980346616447221,"Stomach Adenocarcinoma","Primary Tumor vs Solid Tissue Normal"
"219",0.773462783171521,1,0.980500862042487,"Stomach Adenocarcinoma","Primary Tumor vs Solid Tissue Normal"
"220",0.771844660194175,1,0.980874402301146,"Stomach Adenocarcinoma","Primary Tumor vs Solid Tissue Normal"
"221",0.770226537216828,1,0.981334207973373,"Stomach Adenocarcinoma","Primary Tumor vs Solid Tissue Normal"
"222",0.768608414239482,1,0.981684872545931,"Stomach Adenocarcinoma","Primary Tumor vs Solid Tissue Normal"
"223",0.766990291262136,1,0.98170423673458,"Stomach Adenocarcinoma","Primary Tumor vs Solid Tissue Normal"
"224",0.76537216828479,1,0.981778882827434,"Stomach Adenocarcinoma","Primary Tumor vs Solid Tissue Normal"
"225",0.763754045307443,1,0.982388069612243,"Stomach Adenocarcinoma","Primary Tumor vs Solid Tissue Normal"
"226",0.762135922330097,1,0.982605954334833,"Stomach Adenocarcinoma","Primary Tumor vs Solid Tissue Normal"
"227",0.760517799352751,1,0.982835609084191,"Stomach Adenocarcinoma","Primary Tumor vs Solid Tissue Normal"
"228",0.758899676375405,1,0.982865343003854,"Stomach Adenocarcinoma","Primary Tumor vs Solid Tissue Normal"
"229",0.757281553398058,1,0.983071103120997,"Stomach Adenocarcinoma","Primary Tumor vs Solid Tissue Normal"
"230",0.755663430420712,1,0.983206178625145,"Stomach Adenocarcinoma","Primary Tumor vs Solid Tissue Normal"
"231",0.754045307443366,1,0.983288157412779,"Stomach Adenocarcinoma","Primary Tumor vs Solid Tissue Normal"
"232",0.752427184466019,1,0.983331717843769,"Stomach Adenocarcinoma","Primary Tumor vs Solid Tissue Normal"
"233",0.750809061488673,1,0.983553347694448,"Stomach Adenocarcinoma","Primary Tumor vs Solid Tissue Normal"
"234",0.749190938511327,1,0.983647824617465,"Stomach Adenocarcinoma","Primary Tumor vs Solid Tissue Normal"
"235",0.747572815533981,1,0.983657103187876,"Stomach Adenocarcinoma","Primary Tumor vs Solid Tissue Normal"
"236",0.744336569579288,1,0.98384674569284,"Stomach Adenocarcinoma","Primary Tumor vs Solid Tissue Normal"
"237",0.742718446601942,1,0.984230913020006,"Stomach Adenocarcinoma","Primary Tumor vs Solid Tissue Normal"
"238",0.741100323624595,1,0.984297909782641,"Stomach Adenocarcinoma","Primary Tumor vs Solid Tissue Normal"
"239",0.739482200647249,1,0.985027205532083,"Stomach Adenocarcinoma","Primary Tumor vs Solid Tissue Normal"
"240",0.737864077669903,1,0.985309663937453,"Stomach Adenocarcinoma","Primary Tumor vs Solid Tissue Normal"
"241",0.736245954692557,1,0.985500588397141,"Stomach Adenocarcinoma","Primary Tumor vs Solid Tissue Normal"
"242",0.73462783171521,1,0.985636600577501,"Stomach Adenocarcinoma","Primary Tumor vs Solid Tissue Normal"
"243",0.733009708737864,1,0.985860301669462,"Stomach Adenocarcinoma","Primary Tumor vs Solid Tissue Normal"
"244",0.731391585760518,1,0.986175231402988,"Stomach Adenocarcinoma","Primary Tumor vs Solid Tissue Normal"
"245",0.729773462783172,1,0.986398013958789,"Stomach Adenocarcinoma","Primary Tumor vs Solid Tissue Normal"
"246",0.728155339805825,1,0.986592819493696,"Stomach Adenocarcinoma","Primary Tumor vs Solid Tissue Normal"
"247",0.726537216828479,1,0.986622488660732,"Stomach Adenocarcinoma","Primary Tumor vs Solid Tissue Normal"
"248",0.724919093851133,1,0.986715792758092,"Stomach Adenocarcinoma","Primary Tumor vs Solid Tissue Normal"
"249",0.723300970873786,1,0.986872024723003,"Stomach Adenocarcinoma","Primary Tumor vs Solid Tissue Normal"
"250",0.72168284789644,1,0.986910887349206,"Stomach Adenocarcinoma","Primary Tumor vs Solid Tissue Normal"
"251",0.720064724919094,1,0.987045384262177,"Stomach Adenocarcinoma","Primary Tumor vs Solid Tissue Normal"
"252",0.718446601941748,1,0.987181110440386,"Stomach Adenocarcinoma","Primary Tumor vs Solid Tissue Normal"
"253",0.716828478964401,1,0.987211471859164,"Stomach Adenocarcinoma","Primary Tumor vs Solid Tissue Normal"
"254",0.715210355987055,1,0.98733587819483,"Stomach Adenocarcinoma","Primary Tumor vs Solid Tissue Normal"
"255",0.713592233009709,1,0.987351048789346,"Stomach Adenocarcinoma","Primary Tumor vs Solid Tissue Normal"
"256",0.711974110032362,1,0.987481368151465,"Stomach Adenocarcinoma","Primary Tumor vs Solid Tissue Normal"
"257",0.710355987055016,1,0.98770796015968,"Stomach Adenocarcinoma","Primary Tumor vs Solid Tissue Normal"
"258",0.70873786407767,1,0.987894434780343,"Stomach Adenocarcinoma","Primary Tumor vs Solid Tissue Normal"
"259",0.707119741100324,1,0.987912975193612,"Stomach Adenocarcinoma","Primary Tumor vs Solid Tissue Normal"
"260",0.705501618122977,1,0.988010605015626,"Stomach Adenocarcinoma","Primary Tumor vs Solid Tissue Normal"
"261",0.703883495145631,1,0.988052387104077,"Stomach Adenocarcinoma","Primary Tumor vs Solid Tissue Normal"
"262",0.700647249190938,1,0.98811233288737,"Stomach Adenocarcinoma","Primary Tumor vs Solid Tissue Normal"
"263",0.699029126213592,1,0.988160428723378,"Stomach Adenocarcinoma","Primary Tumor vs Solid Tissue Normal"
"264",0.697411003236246,1,0.988431219455762,"Stomach Adenocarcinoma","Primary Tumor vs Solid Tissue Normal"
"265",0.6957928802589,1,0.988721702941636,"Stomach Adenocarcinoma","Primary Tumor vs Solid Tissue Normal"
"266",0.694174757281553,1,0.988763143626428,"Stomach Adenocarcinoma","Primary Tumor vs Solid Tissue Normal"
"267",0.692556634304207,1,0.988831044632124,"Stomach Adenocarcinoma","Primary Tumor vs Solid Tissue Normal"
"268",0.690938511326861,1,0.989108977338116,"Stomach Adenocarcinoma","Primary Tumor vs Solid Tissue Normal"
"269",0.689320388349515,1,0.989126471960833,"Stomach Adenocarcinoma","Primary Tumor vs Solid Tissue Normal"
"270",0.687702265372168,1,0.98918450960997,"Stomach Adenocarcinoma","Primary Tumor vs Solid Tissue Normal"
"271",0.686084142394822,1,0.989244663046407,"Stomach Adenocarcinoma","Primary Tumor vs Solid Tissue Normal"
"272",0.684466019417476,1,0.989340727868466,"Stomach Adenocarcinoma","Primary Tumor vs Solid Tissue Normal"
"273",0.682847896440129,1,0.989342767445501,"Stomach Adenocarcinoma","Primary Tumor vs Solid Tissue Normal"
"274",0.681229773462783,1,0.989431456467179,"Stomach Adenocarcinoma","Primary Tumor vs Solid Tissue Normal"
"275",0.679611650485437,1,0.989504526983245,"Stomach Adenocarcinoma","Primary Tumor vs Solid Tissue Normal"
"276",0.677993527508091,1,0.989837523890206,"Stomach Adenocarcinoma","Primary Tumor vs Solid Tissue Normal"
"277",0.676375404530744,1,0.989879333444442,"Stomach Adenocarcinoma","Primary Tumor vs Solid Tissue Normal"
"278",0.674757281553398,1,0.989907007561031,"Stomach Adenocarcinoma","Primary Tumor vs Solid Tissue Normal"
"279",0.673139158576052,1,0.990225070939713,"Stomach Adenocarcinoma","Primary Tumor vs Solid Tissue Normal"
"280",0.671521035598705,1,0.990280325576305,"Stomach Adenocarcinoma","Primary Tumor vs Solid Tissue Normal"
"281",0.669902912621359,1,0.990552036317614,"Stomach Adenocarcinoma","Primary Tumor vs Solid Tissue Normal"
"282",0.668284789644013,1,0.990916690590978,"Stomach Adenocarcinoma","Primary Tumor vs Solid Tissue Normal"
"283",0.666666666666667,1,0.99095386234613,"Stomach Adenocarcinoma","Primary Tumor vs Solid Tissue Normal"
"284",0.66504854368932,1,0.990986974621919,"Stomach Adenocarcinoma","Primary Tumor vs Solid Tissue Normal"
"285",0.663430420711974,1,0.991009010972827,"Stomach Adenocarcinoma","Primary Tumor vs Solid Tissue Normal"
"286",0.661812297734628,1,0.991103845715445,"Stomach Adenocarcinoma","Primary Tumor vs Solid Tissue Normal"
"287",0.660194174757282,1,0.991172724337195,"Stomach Adenocarcinoma","Primary Tumor vs Solid Tissue Normal"
"288",0.658576051779935,1,0.991232129606422,"Stomach Adenocarcinoma","Primary Tumor vs Solid Tissue Normal"
"289",0.656957928802589,1,0.991236138268803,"Stomach Adenocarcinoma","Primary Tumor vs Solid Tissue Normal"
"290",0.655339805825243,1,0.991283377077419,"Stomach Adenocarcinoma","Primary Tumor vs Solid Tissue Normal"
"291",0.653721682847896,1,0.991307584167716,"Stomach Adenocarcinoma","Primary Tumor vs Solid Tissue Normal"
"292",0.65210355987055,1,0.991312296743266,"Stomach Adenocarcinoma","Primary Tumor vs Solid Tissue Normal"
"293",0.650485436893204,1,0.991324655639438,"Stomach Adenocarcinoma","Primary Tumor vs Solid Tissue Normal"
"294",0.648867313915858,1,0.991328228940547,"Stomach Adenocarcinoma","Primary Tumor vs Solid Tissue Normal"
"295",0.647249190938511,1,0.991420048319223,"Stomach Adenocarcinoma","Primary Tumor vs Solid Tissue Normal"
"296",0.645631067961165,1,0.991448284635231,"Stomach Adenocarcinoma","Primary Tumor vs Solid Tissue Normal"
"297",0.644012944983819,1,0.991478999143637,"Stomach Adenocarcinoma","Primary Tumor vs Solid Tissue Normal"
"298",0.642394822006472,1,0.991515128557793,"Stomach Adenocarcinoma","Primary Tumor vs Solid Tissue Normal"
"299",0.640776699029126,1,0.991577792211244,"Stomach Adenocarcinoma","Primary Tumor vs Solid Tissue Normal"
"300",0.63915857605178,1,0.991631702683243,"Stomach Adenocarcinoma","Primary Tumor vs Solid Tissue Normal"
"301",0.637540453074434,1,0.991785602285663,"Stomach Adenocarcinoma","Primary Tumor vs Solid Tissue Normal"
"302",0.635922330097087,1,0.99182465976865,"Stomach Adenocarcinoma","Primary Tumor vs Solid Tissue Normal"
"303",0.634304207119741,1,0.991834829843675,"Stomach Adenocarcinoma","Primary Tumor vs Solid Tissue Normal"
"304",0.632686084142395,1,0.991856873821744,"Stomach Adenocarcinoma","Primary Tumor vs Solid Tissue Normal"
"305",0.631067961165049,1,0.991991379600592,"Stomach Adenocarcinoma","Primary Tumor vs Solid Tissue Normal"
"306",0.629449838187702,1,0.992067972094767,"Stomach Adenocarcinoma","Primary Tumor vs Solid Tissue Normal"
"307",0.627831715210356,1,0.992144817968699,"Stomach Adenocarcinoma","Primary Tumor vs Solid Tissue Normal"
"308",0.62621359223301,1,0.992180839004629,"Stomach Adenocarcinoma","Primary Tumor vs Solid Tissue Normal"
"309",0.624595469255663,1,0.992242196249384,"Stomach Adenocarcinoma","Primary Tumor vs Solid Tissue Normal"
"310",0.622977346278317,1,0.992262697415155,"Stomach Adenocarcinoma","Primary Tumor vs Solid Tissue Normal"
"311",0.621359223300971,1,0.992325821712081,"Stomach Adenocarcinoma","Primary Tumor vs Solid Tissue Normal"
"312",0.619741100323625,1,0.992425696136543,"Stomach Adenocarcinoma","Primary Tumor vs Solid Tissue Normal"
"313",0.618122977346278,1,0.992526149958662,"Stomach Adenocarcinoma","Primary Tumor vs Solid Tissue Normal"
"314",0.616504854368932,1,0.992675618356301,"Stomach Adenocarcinoma","Primary Tumor vs Solid Tissue Normal"
"315",0.614886731391586,1,0.992737589994193,"Stomach Adenocarcinoma","Primary Tumor vs Solid Tissue Normal"
"316",0.613268608414239,1,0.992748739796383,"Stomach Adenocarcinoma","Primary Tumor vs Solid Tissue Normal"
"317",0.611650485436893,1,0.992761971842091,"Stomach Adenocarcinoma","Primary Tumor vs Solid Tissue Normal"
"318",0.610032362459547,1,0.992776040538228,"Stomach Adenocarcinoma","Primary Tumor vs Solid Tissue Normal"
"319",0.608414239482201,1,0.992821748538234,"Stomach Adenocarcinoma","Primary Tumor vs Solid Tissue Normal"
"320",0.606796116504854,1,0.992827803528769,"Stomach Adenocarcinoma","Primary Tumor vs Solid Tissue Normal"
"321",0.605177993527508,1,0.992849768871678,"Stomach Adenocarcinoma","Primary Tumor vs Solid Tissue Normal"
"322",0.603559870550162,1,0.992896084849134,"Stomach Adenocarcinoma","Primary Tumor vs Solid Tissue Normal"
"323",0.601941747572815,1,0.99293129221861,"Stomach Adenocarcinoma","Primary Tumor vs Solid Tissue Normal"
"324",0.600323624595469,1,0.99295077580219,"Stomach Adenocarcinoma","Primary Tumor vs Solid Tissue Normal"
"325",0.598705501618123,1,0.993033115223486,"Stomach Adenocarcinoma","Primary Tumor vs Solid Tissue Normal"
"326",0.597087378640777,1,0.993054329924092,"Stomach Adenocarcinoma","Primary Tumor vs Solid Tissue Normal"
"327",0.59546925566343,1,0.993145927264573,"Stomach Adenocarcinoma","Primary Tumor vs Solid Tissue Normal"
"328",0.593851132686084,1,0.993170613523789,"Stomach Adenocarcinoma","Primary Tumor vs Solid Tissue Normal"
"329",0.592233009708738,1,0.993336570993097,"Stomach Adenocarcinoma","Primary Tumor vs Solid Tissue Normal"
"330",0.590614886731392,1,0.993421303942974,"Stomach Adenocarcinoma","Primary Tumor vs Solid Tissue Normal"
"331",0.588996763754045,1,0.993439405787263,"Stomach Adenocarcinoma","Primary Tumor vs Solid Tissue Normal"
"332",0.587378640776699,1,0.993628553826747,"Stomach Adenocarcinoma","Primary Tumor vs Solid Tissue Normal"
"333",0.585760517799353,1,0.993647292666762,"Stomach Adenocarcinoma","Primary Tumor vs Solid Tissue Normal"
"334",0.584142394822006,1,0.993667695212502,"Stomach Adenocarcinoma","Primary Tumor vs Solid Tissue Normal"
"335",0.58252427184466,1,0.993780933162551,"Stomach Adenocarcinoma","Primary Tumor vs Solid Tissue Normal"
"336",0.580906148867314,1,0.993809629698507,"Stomach Adenocarcinoma","Primary Tumor vs Solid Tissue Normal"
"337",0.579288025889968,1,0.993818647746197,"Stomach Adenocarcinoma","Primary Tumor vs Solid Tissue Normal"
"338",0.577669902912621,1,0.993834587149523,"Stomach Adenocarcinoma","Primary Tumor vs Solid Tissue Normal"
"339",0.576051779935275,1,0.99385956932801,"Stomach Adenocarcinoma","Primary Tumor vs Solid Tissue Normal"
"340",0.574433656957929,1,0.993899647224256,"Stomach Adenocarcinoma","Primary Tumor vs Solid Tissue Normal"
"341",0.572815533980582,1,0.993984406806746,"Stomach Adenocarcinoma","Primary Tumor vs Solid Tissue Normal"
"342",0.571197411003236,1,0.994007594438474,"Stomach Adenocarcinoma","Primary Tumor vs Solid Tissue Normal"
"343",0.56957928802589,1,0.994022455692374,"Stomach Adenocarcinoma","Primary Tumor vs Solid Tissue Normal"
"344",0.567961165048544,1,0.994024929761009,"Stomach Adenocarcinoma","Primary Tumor vs Solid Tissue Normal"
"345",0.566343042071197,1,0.994026294134294,"Stomach Adenocarcinoma","Primary Tumor vs Solid Tissue Normal"
"346",0.564724919093851,1,0.994026987175891,"Stomach Adenocarcinoma","Primary Tumor vs Solid Tissue Normal"
"347",0.563106796116505,1,0.994033479644572,"Stomach Adenocarcinoma","Primary Tumor vs Solid Tissue Normal"
"348",0.561488673139159,1,0.994047713292845,"Stomach Adenocarcinoma","Primary Tumor vs Solid Tissue Normal"
"349",0.559870550161812,1,0.994049803409085,"Stomach Adenocarcinoma","Primary Tumor vs Solid Tissue Normal"
"350",0.558252427184466,1,0.994050730427953,"Stomach Adenocarcinoma","Primary Tumor vs Solid Tissue Normal"
"351",0.55663430420712,1,0.994070556676493,"Stomach Adenocarcinoma","Primary Tumor vs Solid Tissue Normal"
"352",0.555016181229773,1,0.994087117372739,"Stomach Adenocarcinoma","Primary Tumor vs Solid Tissue Normal"
"353",0.553398058252427,1,0.994162078138267,"Stomach Adenocarcinoma","Primary Tumor vs Solid Tissue Normal"
"354",0.551779935275081,1,0.994180338722745,"Stomach Adenocarcinoma","Primary Tumor vs Solid Tissue Normal"
"355",0.550161812297735,1,0.994185010960886,"Stomach Adenocarcinoma","Primary Tumor vs Solid Tissue Normal"
"356",0.548543689320388,1,0.994268272720872,"Stomach Adenocarcinoma","Primary Tumor vs Solid Tissue Normal"
"357",0.546925566343042,1,0.994303993595918,"Stomach Adenocarcinoma","Primary Tumor vs Solid Tissue Normal"
"358",0.545307443365696,1,0.994367025807726,"Stomach Adenocarcinoma","Primary Tumor vs Solid Tissue Normal"
"359",0.543689320388349,1,0.994396117664467,"Stomach Adenocarcinoma","Primary Tumor vs Solid Tissue Normal"
"360",0.542071197411003,1,0.994407064796425,"Stomach Adenocarcinoma","Primary Tumor vs Solid Tissue Normal"
"361",0.540453074433657,1,0.994435524245637,"Stomach Adenocarcinoma","Primary Tumor vs Solid Tissue Normal"
"362",0.538834951456311,1,0.994521719610204,"Stomach Adenocarcinoma","Primary Tumor vs Solid Tissue Normal"
"363",0.537216828478964,1,0.994542042998627,"Stomach Adenocarcinoma","Primary Tumor vs Solid Tissue Normal"
"364",0.535598705501618,1,0.994550396562117,"Stomach Adenocarcinoma","Primary Tumor vs Solid Tissue Normal"
"365",0.533980582524272,1,0.994561087856198,"Stomach Adenocarcinoma","Primary Tumor vs Solid Tissue Normal"
"366",0.532362459546926,1,0.994592211914405,"Stomach Adenocarcinoma","Primary Tumor vs Solid Tissue Normal"
"367",0.530744336569579,1,0.994642376178053,"Stomach Adenocarcinoma","Primary Tumor vs Solid Tissue Normal"
"368",0.529126213592233,1,0.994707847183155,"Stomach Adenocarcinoma","Primary Tumor vs Solid Tissue Normal"
"369",0.527508090614887,1,0.994766715104904,"Stomach Adenocarcinoma","Primary Tumor vs Solid Tissue Normal"
"370",0.524271844660194,1,0.994774039105243,"Stomach Adenocarcinoma","Primary Tumor vs Solid Tissue Normal"
"371",0.522653721682848,1,0.994823632972485,"Stomach Adenocarcinoma","Primary Tumor vs Solid Tissue Normal"
"372",0.521035598705502,1,0.994829717121524,"Stomach Adenocarcinoma","Primary Tumor vs Solid Tissue Normal"
"373",0.519417475728155,1,0.994836025608311,"Stomach Adenocarcinoma","Primary Tumor vs Solid Tissue Normal"
"374",0.517799352750809,1,0.994888106476618,"Stomach Adenocarcinoma","Primary Tumor vs Solid Tissue Normal"
"375",0.516181229773463,1,0.994946691280578,"Stomach Adenocarcinoma","Primary Tumor vs Solid Tissue Normal"
"376",0.514563106796116,1,0.994970141516634,"Stomach Adenocarcinoma","Primary Tumor vs Solid Tissue Normal"
"377",0.51294498381877,1,0.995012071365473,"Stomach Adenocarcinoma","Primary Tumor vs Solid Tissue Normal"
"378",0.511326860841424,1,0.995048517685997,"Stomach Adenocarcinoma","Primary Tumor vs Solid Tissue Normal"
"379",0.509708737864078,1,0.995051582411918,"Stomach Adenocarcinoma","Primary Tumor vs Solid Tissue Normal"
"380",0.508090614886731,1,0.995113479324576,"Stomach Adenocarcinoma","Primary Tumor vs Solid Tissue Normal"
"381",0.506472491909385,1,0.995143262420158,"Stomach Adenocarcinoma","Primary Tumor vs Solid Tissue Normal"
"382",0.504854368932039,1,0.99514883329941,"Stomach Adenocarcinoma","Primary Tumor vs Solid Tissue Normal"
"383",0.503236245954693,1,0.995167366378591,"Stomach Adenocarcinoma","Primary Tumor vs Solid Tissue Normal"
"384",0.501618122977346,1,0.995167439578946,"Stomach Adenocarcinoma","Primary Tumor vs Solid Tissue Normal"
"385",0.5,1,0.995204858782431,"Stomach Adenocarcinoma","Primary Tumor vs Solid Tissue Normal"
"386",0.496763754045307,1,0.995234199039517,"Stomach Adenocarcinoma","Primary Tumor vs Solid Tissue Normal"
"387",0.493527508090615,1,0.995241723148309,"Stomach Adenocarcinoma","Primary Tumor vs Solid Tissue Normal"
"388",0.491909385113269,1,0.995298613173597,"Stomach Adenocarcinoma","Primary Tumor vs Solid Tissue Normal"
"389",0.490291262135922,1,0.995320420021922,"Stomach Adenocarcinoma","Primary Tumor vs Solid Tissue Normal"
"390",0.488673139158576,1,0.995339579493457,"Stomach Adenocarcinoma","Primary Tumor vs Solid Tissue Normal"
"391",0.48705501618123,1,0.995382743970853,"Stomach Adenocarcinoma","Primary Tumor vs Solid Tissue Normal"
"392",0.485436893203884,1,0.99544821140645,"Stomach Adenocarcinoma","Primary Tumor vs Solid Tissue Normal"
"393",0.483818770226537,1,0.995464713435628,"Stomach Adenocarcinoma","Primary Tumor vs Solid Tissue Normal"
"394",0.482200647249191,1,0.995477706819721,"Stomach Adenocarcinoma","Primary Tumor vs Solid Tissue Normal"
"395",0.480582524271845,1,0.995546062845443,"Stomach Adenocarcinoma","Primary Tumor vs Solid Tissue Normal"
"396",0.478964401294498,1,0.995547283352108,"Stomach Adenocarcinoma","Primary Tumor vs Solid Tissue Normal"
"397",0.477346278317152,1,0.995562484226993,"Stomach Adenocarcinoma","Primary Tumor vs Solid Tissue Normal"
"398",0.475728155339806,1,0.995610875946065,"Stomach Adenocarcinoma","Primary Tumor vs Solid Tissue Normal"
"399",0.47411003236246,1,0.995624075174306,"Stomach Adenocarcinoma","Primary Tumor vs Solid Tissue Normal"
"400",0.472491909385113,1,0.995624624404809,"Stomach Adenocarcinoma","Primary Tumor vs Solid Tissue Normal"
"401",0.470873786407767,1,0.995631174118673,"Stomach Adenocarcinoma","Primary Tumor vs Solid Tissue Normal"
"402",0.469255663430421,1,0.995654231648423,"Stomach Adenocarcinoma","Primary Tumor vs Solid Tissue Normal"
"403",0.467637540453074,1,0.995661382689358,"Stomach Adenocarcinoma","Primary Tumor vs Solid Tissue Normal"
"404",0.466019417475728,1,0.995674690102389,"Stomach Adenocarcinoma","Primary Tumor vs Solid Tissue Normal"
"405",0.464401294498382,1,0.995716181906749,"Stomach Adenocarcinoma","Primary Tumor vs Solid Tissue Normal"
"406",0.462783171521036,1,0.995722684900858,"Stomach Adenocarcinoma","Primary Tumor vs Solid Tissue Normal"
"407",0.461165048543689,1,0.995748173575601,"Stomach Adenocarcinoma","Primary Tumor vs Solid Tissue Normal"
"408",0.459546925566343,1,0.995750874636732,"Stomach Adenocarcinoma","Primary Tumor vs Solid Tissue Normal"
"409",0.457928802588997,1,0.995753263936051,"Stomach Adenocarcinoma","Primary Tumor vs Solid Tissue Normal"
"410",0.456310679611651,1,0.99588342307779,"Stomach Adenocarcinoma","Primary Tumor vs Solid Tissue Normal"
"411",0.454692556634304,1,0.995922039600307,"Stomach Adenocarcinoma","Primary Tumor vs Solid Tissue Normal"
"412",0.453074433656958,1,0.995981784052273,"Stomach Adenocarcinoma","Primary Tumor vs Solid Tissue Normal"
"413",0.451456310679612,1,0.995985346594984,"Stomach Adenocarcinoma","Primary Tumor vs Solid Tissue Normal"
"414",0.449838187702265,1,0.995998586107393,"Stomach Adenocarcinoma","Primary Tumor vs Solid Tissue Normal"
"415",0.448220064724919,1,0.996011449344928,"Stomach Adenocarcinoma","Primary Tumor vs Solid Tissue Normal"
"416",0.446601941747573,1,0.996088871295117,"Stomach Adenocarcinoma","Primary Tumor vs Solid Tissue Normal"
"417",0.444983818770227,1,0.996102602495536,"Stomach Adenocarcinoma","Primary Tumor vs Solid Tissue Normal"
"418",0.44336569579288,1,0.996129538878013,"Stomach Adenocarcinoma","Primary Tumor vs Solid Tissue Normal"
"419",0.441747572815534,1,0.996129889246273,"Stomach Adenocarcinoma","Primary Tumor vs Solid Tissue Normal"
"420",0.440129449838188,1,0.996197338556026,"Stomach Adenocarcinoma","Primary Tumor vs Solid Tissue Normal"
"421",0.438511326860841,1,0.996198439150911,"Stomach Adenocarcinoma","Primary Tumor vs Solid Tissue Normal"
"422",0.436893203883495,1,0.996211373617133,"Stomach Adenocarcinoma","Primary Tumor vs Solid Tissue Normal"
"423",0.435275080906149,1,0.996241551446511,"Stomach Adenocarcinoma","Primary Tumor vs Solid Tissue Normal"
"424",0.433656957928803,1,0.996241645419015,"Stomach Adenocarcinoma","Primary Tumor vs Solid Tissue Normal"
"425",0.432038834951456,1,0.996249909078172,"Stomach Adenocarcinoma","Primary Tumor vs Solid Tissue Normal"
"426",0.43042071197411,1,0.996260622621403,"Stomach Adenocarcinoma","Primary Tumor vs Solid Tissue Normal"
"427",0.428802588996764,1,0.996287759122697,"Stomach Adenocarcinoma","Primary Tumor vs Solid Tissue Normal"
"428",0.427184466019417,1,0.996292878409461,"Stomach Adenocarcinoma","Primary Tumor vs Solid Tissue Normal"
"429",0.425566343042071,1,0.996302090908737,"Stomach Adenocarcinoma","Primary Tumor vs Solid Tissue Normal"
"430",0.423948220064725,1,0.996358729571804,"Stomach Adenocarcinoma","Primary Tumor vs Solid Tissue Normal"
"431",0.422330097087379,1,0.996362484288674,"Stomach Adenocarcinoma","Primary Tumor vs Solid Tissue Normal"
"432",0.420711974110032,1,0.996383547234668,"Stomach Adenocarcinoma","Primary Tumor vs Solid Tissue Normal"
"433",0.419093851132686,1,0.996448604502923,"Stomach Adenocarcinoma","Primary Tumor vs Solid Tissue Normal"
"434",0.41747572815534,1,0.996454729953234,"Stomach Adenocarcinoma","Primary Tumor vs Solid Tissue Normal"
"435",0.415857605177994,1,0.996497012852926,"Stomach Adenocarcinoma","Primary Tumor vs Solid Tissue Normal"
"436",0.414239482200647,1,0.996507886747325,"Stomach Adenocarcinoma","Primary Tumor vs Solid Tissue Normal"
"437",0.412621359223301,1,0.996516170434033,"Stomach Adenocarcinoma","Primary Tumor vs Solid Tissue Normal"
"438",0.411003236245955,1,0.996516191460754,"Stomach Adenocarcinoma","Primary Tumor vs Solid Tissue Normal"
"439",0.409385113268608,1,0.996518020093777,"Stomach Adenocarcinoma","Primary Tumor vs Solid Tissue Normal"
"440",0.407766990291262,1,0.996518110842855,"Stomach Adenocarcinoma","Primary Tumor vs Solid Tissue Normal"
"441",0.406148867313916,1,0.996537605793141,"Stomach Adenocarcinoma","Primary Tumor vs Solid Tissue Normal"
"442",0.40453074433657,1,0.996550430632707,"Stomach Adenocarcinoma","Primary Tumor vs Solid Tissue Normal"
"443",0.402912621359223,1,0.996552246431527,"Stomach Adenocarcinoma","Primary Tumor vs Solid Tissue Normal"
"444",0.401294498381877,1,0.996568655099924,"Stomach Adenocarcinoma","Primary Tumor vs Solid Tissue Normal"
"445",0.399676375404531,1,0.996586416107096,"Stomach Adenocarcinoma","Primary Tumor vs Solid Tissue Normal"
"446",0.398058252427184,1,0.996593968421993,"Stomach Adenocarcinoma","Primary Tumor vs Solid Tissue Normal"
"447",0.396440129449838,1,0.996634966234921,"Stomach Adenocarcinoma","Primary Tumor vs Solid Tissue Normal"
"448",0.394822006472492,1,0.996643534402896,"Stomach Adenocarcinoma","Primary Tumor vs Solid Tissue Normal"
"449",0.393203883495146,1,0.996661060600657,"Stomach Adenocarcinoma","Primary Tumor vs Solid Tissue Normal"
"450",0.391585760517799,1,0.996676561822692,"Stomach Adenocarcinoma","Primary Tumor vs Solid Tissue Normal"
"451",0.389967637540453,1,0.996677563126066,"Stomach Adenocarcinoma","Primary Tumor vs Solid Tissue Normal"
"452",0.388349514563107,1,0.996737841704916,"Stomach Adenocarcinoma","Primary Tumor vs Solid Tissue Normal"
"453",0.386731391585761,1,0.99675997485064,"Stomach Adenocarcinoma","Primary Tumor vs Solid Tissue Normal"
"454",0.385113268608414,1,0.996777297175408,"Stomach Adenocarcinoma","Primary Tumor vs Solid Tissue Normal"
"455",0.383495145631068,1,0.996821940639153,"Stomach Adenocarcinoma","Primary Tumor vs Solid Tissue Normal"
"456",0.381877022653722,1,0.996830403101911,"Stomach Adenocarcinoma","Primary Tumor vs Solid Tissue Normal"
"457",0.380258899676375,1,0.996831050227683,"Stomach Adenocarcinoma","Primary Tumor vs Solid Tissue Normal"
"458",0.378640776699029,1,0.996835515034979,"Stomach Adenocarcinoma","Primary Tumor vs Solid Tissue Normal"
"459",0.377022653721683,1,0.996963564371638,"Stomach Adenocarcinoma","Primary Tumor vs Solid Tissue Normal"
"460",0.375404530744337,1,0.996970448161975,"Stomach Adenocarcinoma","Primary Tumor vs Solid Tissue Normal"
"461",0.37378640776699,1,0.99698442894237,"Stomach Adenocarcinoma","Primary Tumor vs Solid Tissue Normal"
"462",0.372168284789644,1,0.996986817784444,"Stomach Adenocarcinoma","Primary Tumor vs Solid Tissue Normal"
"463",0.370550161812298,1,0.996994124996688,"Stomach Adenocarcinoma","Primary Tumor vs Solid Tissue Normal"
"464",0.368932038834951,1,0.996998119960895,"Stomach Adenocarcinoma","Primary Tumor vs Solid Tissue Normal"
"465",0.367313915857605,1,0.997000033229874,"Stomach Adenocarcinoma","Primary Tumor vs Solid Tissue Normal"
"466",0.365695792880259,1,0.99701169645793,"Stomach Adenocarcinoma","Primary Tumor vs Solid Tissue Normal"
"467",0.364077669902913,1,0.997020658572218,"Stomach Adenocarcinoma","Primary Tumor vs Solid Tissue Normal"
"468",0.362459546925566,1,0.997044993326264,"Stomach Adenocarcinoma","Primary Tumor vs Solid Tissue Normal"
"469",0.36084142394822,1,0.997056997829188,"Stomach Adenocarcinoma","Primary Tumor vs Solid Tissue Normal"
"470",0.359223300970874,1,0.997064978014181,"Stomach Adenocarcinoma","Primary Tumor vs Solid Tissue Normal"
"471",0.357605177993528,1,0.997079896027997,"Stomach Adenocarcinoma","Primary Tumor vs Solid Tissue Normal"
"472",0.355987055016181,1,0.997118241519385,"Stomach Adenocarcinoma","Primary Tumor vs Solid Tissue Normal"
"473",0.354368932038835,1,0.997176569233344,"Stomach Adenocarcinoma","Primary Tumor vs Solid Tissue Normal"
"474",0.352750809061489,1,0.997181684257611,"Stomach Adenocarcinoma","Primary Tumor vs Solid Tissue Normal"
"475",0.351132686084142,1,0.997204746030345,"Stomach Adenocarcinoma","Primary Tumor vs Solid Tissue Normal"
"476",0.349514563106796,1,0.997257191454954,"Stomach Adenocarcinoma","Primary Tumor vs Solid Tissue Normal"
"477",0.34789644012945,1,0.997296834730443,"Stomach Adenocarcinoma","Primary Tumor vs Solid Tissue Normal"
"478",0.346278317152104,1,0.997340896417712,"Stomach Adenocarcinoma","Primary Tumor vs Solid Tissue Normal"
"479",0.344660194174757,1,0.997355626258861,"Stomach Adenocarcinoma","Primary Tumor vs Solid Tissue Normal"
"480",0.343042071197411,1,0.997358635080071,"Stomach Adenocarcinoma","Primary Tumor vs Solid Tissue Normal"
"481",0.341423948220065,1,0.997371234835204,"Stomach Adenocarcinoma","Primary Tumor vs Solid Tissue Normal"
"482",0.339805825242718,1,0.99737270531466,"Stomach Adenocarcinoma","Primary Tumor vs Solid Tissue Normal"
"483",0.338187702265372,1,0.997386643971064,"Stomach Adenocarcinoma","Primary Tumor vs Solid Tissue Normal"
"484",0.336569579288026,1,0.997411093568857,"Stomach Adenocarcinoma","Primary Tumor vs Solid Tissue Normal"
"485",0.33495145631068,1,0.997434724962539,"Stomach Adenocarcinoma","Primary Tumor vs Solid Tissue Normal"
"486",0.333333333333333,1,0.997494443662858,"Stomach Adenocarcinoma","Primary Tumor vs Solid Tissue Normal"
"487",0.331715210355987,1,0.99751897786685,"Stomach Adenocarcinoma","Primary Tumor vs Solid Tissue Normal"
"488",0.330097087378641,1,0.997520778099443,"Stomach Adenocarcinoma","Primary Tumor vs Solid Tissue Normal"
"489",0.328478964401294,1,0.99752447966354,"Stomach Adenocarcinoma","Primary Tumor vs Solid Tissue Normal"
"490",0.326860841423948,1,0.997561484640864,"Stomach Adenocarcinoma","Primary Tumor vs Solid Tissue Normal"
"491",0.325242718446602,1,0.997563622567392,"Stomach Adenocarcinoma","Primary Tumor vs Solid Tissue Normal"
"492",0.323624595469256,1,0.997565417943122,"Stomach Adenocarcinoma","Primary Tumor vs Solid Tissue Normal"
"493",0.322006472491909,1,0.997567556649735,"Stomach Adenocarcinoma","Primary Tumor vs Solid Tissue Normal"
"494",0.320388349514563,1,0.997579059308812,"Stomach Adenocarcinoma","Primary Tumor vs Solid Tissue Normal"
"495",0.318770226537217,1,0.997587029386982,"Stomach Adenocarcinoma","Primary Tumor vs Solid Tissue Normal"
"496",0.317152103559871,1,0.997587528127112,"Stomach Adenocarcinoma","Primary Tumor vs Solid Tissue Normal"
"497",0.315533980582524,1,0.997602858358926,"Stomach Adenocarcinoma","Primary Tumor vs Solid Tissue Normal"
"498",0.313915857605178,1,0.997618834941315,"Stomach Adenocarcinoma","Primary Tumor vs Solid Tissue Normal"
"499",0.312297734627832,1,0.997631168394308,"Stomach Adenocarcinoma","Primary Tumor vs Solid Tissue Normal"
"500",0.310679611650485,1,0.997633053708747,"Stomach Adenocarcinoma","Primary Tumor vs Solid Tissue Normal"
"501",0.309061488673139,1,0.997645762718696,"Stomach Adenocarcinoma","Primary Tumor vs Solid Tissue Normal"
"502",0.307443365695793,1,0.997661062660145,"Stomach Adenocarcinoma","Primary Tumor vs Solid Tissue Normal"
"503",0.305825242718447,1,0.997678244528643,"Stomach Adenocarcinoma","Primary Tumor vs Solid Tissue Normal"
"504",0.3042071197411,1,0.997681005509893,"Stomach Adenocarcinoma","Primary Tumor vs Solid Tissue Normal"
"505",0.302588996763754,1,0.99772685534467,"Stomach Adenocarcinoma","Primary Tumor vs Solid Tissue Normal"
"506",0.300970873786408,1,0.997727285308975,"Stomach Adenocarcinoma","Primary Tumor vs Solid Tissue Normal"
"507",0.299352750809061,1,0.997736850877002,"Stomach Adenocarcinoma","Primary Tumor vs Solid Tissue Normal"
"508",0.297734627831715,1,0.997737226179415,"Stomach Adenocarcinoma","Primary Tumor vs Solid Tissue Normal"
"509",0.296116504854369,1,0.997745079197601,"Stomach Adenocarcinoma","Primary Tumor vs Solid Tissue Normal"
"510",0.294498381877023,1,0.997763469028989,"Stomach Adenocarcinoma","Primary Tumor vs Solid Tissue Normal"
"511",0.292880258899676,1,0.997785776450033,"Stomach Adenocarcinoma","Primary Tumor vs Solid Tissue Normal"
"512",0.29126213592233,1,0.997826801946828,"Stomach Adenocarcinoma","Primary Tumor vs Solid Tissue Normal"
"513",0.289644012944984,1,0.997841962797358,"Stomach Adenocarcinoma","Primary Tumor vs Solid Tissue Normal"
"514",0.288025889967638,1,0.997846871781085,"Stomach Adenocarcinoma","Primary Tumor vs Solid Tissue Normal"
"515",0.286407766990291,1,0.997903033181882,"Stomach Adenocarcinoma","Primary Tumor vs Solid Tissue Normal"
"516",0.284789644012945,1,0.997909017889861,"Stomach Adenocarcinoma","Primary Tumor vs Solid Tissue Normal"
"517",0.283171521035599,1,0.997931655057231,"Stomach Adenocarcinoma","Primary Tumor vs Solid Tissue Normal"
"518",0.281553398058252,1,0.997942348797427,"Stomach Adenocarcinoma","Primary Tumor vs Solid Tissue Normal"
"519",0.279935275080906,1,0.997999527511578,"Stomach Adenocarcinoma","Primary Tumor vs Solid Tissue Normal"
"520",0.27831715210356,1,0.998018332427403,"Stomach Adenocarcinoma","Primary Tumor vs Solid Tissue Normal"
"521",0.276699029126214,1,0.998025860842846,"Stomach Adenocarcinoma","Primary Tumor vs Solid Tissue Normal"
"522",0.275080906148867,1,0.998036163189331,"Stomach Adenocarcinoma","Primary Tumor vs Solid Tissue Normal"
"523",0.273462783171521,1,0.998054590755051,"Stomach Adenocarcinoma","Primary Tumor vs Solid Tissue Normal"
"524",0.271844660194175,1,0.998070542406765,"Stomach Adenocarcinoma","Primary Tumor vs Solid Tissue Normal"
"525",0.270226537216828,1,0.99807399818621,"Stomach Adenocarcinoma","Primary Tumor vs Solid Tissue Normal"
"526",0.266990291262136,1,0.998085814862577,"Stomach Adenocarcinoma","Primary Tumor vs Solid Tissue Normal"
"527",0.26537216828479,1,0.998102055606046,"Stomach Adenocarcinoma","Primary Tumor vs Solid Tissue Normal"
"528",0.263754045307443,1,0.998107224697732,"Stomach Adenocarcinoma","Primary Tumor vs Solid Tissue Normal"
"529",0.262135922330097,1,0.99810870289671,"Stomach Adenocarcinoma","Primary Tumor vs Solid Tissue Normal"
"530",0.260517799352751,1,0.998126877225813,"Stomach Adenocarcinoma","Primary Tumor vs Solid Tissue Normal"
"531",0.257281553398058,1,0.99815962175675,"Stomach Adenocarcinoma","Primary Tumor vs Solid Tissue Normal"
"532",0.255663430420712,1,0.998178635073321,"Stomach Adenocarcinoma","Primary Tumor vs Solid Tissue Normal"
"533",0.252427184466019,1,0.998178740937467,"Stomach Adenocarcinoma","Primary Tumor vs Solid Tissue Normal"
"534",0.250809061488673,1,0.998182576541603,"Stomach Adenocarcinoma","Primary Tumor vs Solid Tissue Normal"
"535",0.249190938511327,1,0.998190883398126,"Stomach Adenocarcinoma","Primary Tumor vs Solid Tissue Normal"
"536",0.247572815533981,1,0.998192153673384,"Stomach Adenocarcinoma","Primary Tumor vs Solid Tissue Normal"
"537",0.245954692556634,1,0.99819906591791,"Stomach Adenocarcinoma","Primary Tumor vs Solid Tissue Normal"
"538",0.244336569579288,1,0.998220878454503,"Stomach Adenocarcinoma","Primary Tumor vs Solid Tissue Normal"
"539",0.242718446601942,1,0.998228082361381,"Stomach Adenocarcinoma","Primary Tumor vs Solid Tissue Normal"
"540",0.241100323624595,1,0.998236237472667,"Stomach Adenocarcinoma","Primary Tumor vs Solid Tissue Normal"
"541",0.239482200647249,1,0.99825252241006,"Stomach Adenocarcinoma","Primary Tumor vs Solid Tissue Normal"
"542",0.237864077669903,1,0.998286765059569,"Stomach Adenocarcinoma","Primary Tumor vs Solid Tissue Normal"
"543",0.236245954692557,1,0.998298192740314,"Stomach Adenocarcinoma","Primary Tumor vs Solid Tissue Normal"
"544",0.233009708737864,1,0.998333733766659,"Stomach Adenocarcinoma","Primary Tumor vs Solid Tissue Normal"
"545",0.231391585760518,1,0.998342718093316,"Stomach Adenocarcinoma","Primary Tumor vs Solid Tissue Normal"
"546",0.229773462783172,1,0.998345553239313,"Stomach Adenocarcinoma","Primary Tumor vs Solid Tissue Normal"
"547",0.228155339805825,1,0.998363099069295,"Stomach Adenocarcinoma","Primary Tumor vs Solid Tissue Normal"
"548",0.226537216828479,1,0.998363740556632,"Stomach Adenocarcinoma","Primary Tumor vs Solid Tissue Normal"
"549",0.224919093851133,1,0.998366231956501,"Stomach Adenocarcinoma","Primary Tumor vs Solid Tissue Normal"
"550",0.223300970873786,1,0.998376115601479,"Stomach Adenocarcinoma","Primary Tumor vs Solid Tissue Normal"
"551",0.22168284789644,1,0.998396813394601,"Stomach Adenocarcinoma","Primary Tumor vs Solid Tissue Normal"
"552",0.220064724919094,1,0.998410758367619,"Stomach Adenocarcinoma","Primary Tumor vs Solid Tissue Normal"
"553",0.218446601941748,1,0.998413404330552,"Stomach Adenocarcinoma","Primary Tumor vs Solid Tissue Normal"
"554",0.216828478964401,1,0.998432052672291,"Stomach Adenocarcinoma","Primary Tumor vs Solid Tissue Normal"
"555",0.215210355987055,1,0.998436300398433,"Stomach Adenocarcinoma","Primary Tumor vs Solid Tissue Normal"
"556",0.213592233009709,1,0.998447593191897,"Stomach Adenocarcinoma","Primary Tumor vs Solid Tissue Normal"
"557",0.211974110032362,1,0.998461273016353,"Stomach Adenocarcinoma","Primary Tumor vs Solid Tissue Normal"
"558",0.210355987055016,1,0.998471316354541,"Stomach Adenocarcinoma","Primary Tumor vs Solid Tissue Normal"
"559",0.20873786407767,1,0.998476181385207,"Stomach Adenocarcinoma","Primary Tumor vs Solid Tissue Normal"
"560",0.207119741100324,1,0.998493845666828,"Stomach Adenocarcinoma","Primary Tumor vs Solid Tissue Normal"
"561",0.205501618122977,1,0.998493873615164,"Stomach Adenocarcinoma","Primary Tumor vs Solid Tissue Normal"
"562",0.203883495145631,1,0.998504636853919,"Stomach Adenocarcinoma","Primary Tumor vs Solid Tissue Normal"
"563",0.202265372168285,1,0.998504911454777,"Stomach Adenocarcinoma","Primary Tumor vs Solid Tissue Normal"
"564",0.200647249190939,1,0.998506327985398,"Stomach Adenocarcinoma","Primary Tumor vs Solid Tissue Normal"
"565",0.199029126213592,1,0.998528606860275,"Stomach Adenocarcinoma","Primary Tumor vs Solid Tissue Normal"
"566",0.197411003236246,1,0.998548252935761,"Stomach Adenocarcinoma","Primary Tumor vs Solid Tissue Normal"
"567",0.1957928802589,1,0.998550169652204,"Stomach Adenocarcinoma","Primary Tumor vs Solid Tissue Normal"
"568",0.194174757281553,1,0.998557900720232,"Stomach Adenocarcinoma","Primary Tumor vs Solid Tissue Normal"
"569",0.192556634304207,1,0.9985754315574,"Stomach Adenocarcinoma","Primary Tumor vs Solid Tissue Normal"
"570",0.190938511326861,1,0.998599995316655,"Stomach Adenocarcinoma","Primary Tumor vs Solid Tissue Normal"
"571",0.189320388349515,1,0.998610685903083,"Stomach Adenocarcinoma","Primary Tumor vs Solid Tissue Normal"
"572",0.187702265372168,1,0.998625688819204,"Stomach Adenocarcinoma","Primary Tumor vs Solid Tissue Normal"
"573",0.186084142394822,1,0.998630839967414,"Stomach Adenocarcinoma","Primary Tumor vs Solid Tissue Normal"
"574",0.184466019417476,1,0.998637065154713,"Stomach Adenocarcinoma","Primary Tumor vs Solid Tissue Normal"
"575",0.182847896440129,1,0.998638603928493,"Stomach Adenocarcinoma","Primary Tumor vs Solid Tissue Normal"
"576",0.181229773462783,1,0.998648516217215,"Stomach Adenocarcinoma","Primary Tumor vs Solid Tissue Normal"
"577",0.179611650485437,1,0.998653375262881,"Stomach Adenocarcinoma","Primary Tumor vs Solid Tissue Normal"
"578",0.177993527508091,1,0.998660109041135,"Stomach Adenocarcinoma","Primary Tumor vs Solid Tissue Normal"
"579",0.176375404530744,1,0.998673529277081,"Stomach Adenocarcinoma","Primary Tumor vs Solid Tissue Normal"
"580",0.174757281553398,1,0.998706607261777,"Stomach Adenocarcinoma","Primary Tumor vs Solid Tissue Normal"
"581",0.173139158576052,1,0.998707472314454,"Stomach Adenocarcinoma","Primary Tumor vs Solid Tissue Normal"
"582",0.171521035598705,1,0.998736271619058,"Stomach Adenocarcinoma","Primary Tumor vs Solid Tissue Normal"
"583",0.169902912621359,1,0.998739159290584,"Stomach Adenocarcinoma","Primary Tumor vs Solid Tissue Normal"
"584",0.168284789644013,1,0.9987392495376,"Stomach Adenocarcinoma","Primary Tumor vs Solid Tissue Normal"
"585",0.166666666666667,1,0.998739548010753,"Stomach Adenocarcinoma","Primary Tumor vs Solid Tissue Normal"
"586",0.16504854368932,1,0.9987741758935,"Stomach Adenocarcinoma","Primary Tumor vs Solid Tissue Normal"
"587",0.163430420711974,1,0.998774332463297,"Stomach Adenocarcinoma","Primary Tumor vs Solid Tissue Normal"
"588",0.161812297734628,1,0.998775472514536,"Stomach Adenocarcinoma","Primary Tumor vs Solid Tissue Normal"
"589",0.160194174757282,1,0.998780770326771,"Stomach Adenocarcinoma","Primary Tumor vs Solid Tissue Normal"
"590",0.158576051779935,1,0.998781058598825,"Stomach Adenocarcinoma","Primary Tumor vs Solid Tissue Normal"
"591",0.156957928802589,1,0.998781367154322,"Stomach Adenocarcinoma","Primary Tumor vs Solid Tissue Normal"
"592",0.155339805825243,1,0.998781833051798,"Stomach Adenocarcinoma","Primary Tumor vs Solid Tissue Normal"
"593",0.153721682847896,1,0.99878333847067,"Stomach Adenocarcinoma","Primary Tumor vs Solid Tissue Normal"
"594",0.15210355987055,1,0.998815297956917,"Stomach Adenocarcinoma","Primary Tumor vs Solid Tissue Normal"
"595",0.150485436893204,1,0.998818855830796,"Stomach Adenocarcinoma","Primary Tumor vs Solid Tissue Normal"
"596",0.148867313915858,1,0.998830167096829,"Stomach Adenocarcinoma","Primary Tumor vs Solid Tissue Normal"
"597",0.147249190938511,1,0.998836222689939,"Stomach Adenocarcinoma","Primary Tumor vs Solid Tissue Normal"
"598",0.145631067961165,1,0.998846392444858,"Stomach Adenocarcinoma","Primary Tumor vs Solid Tissue Normal"
"599",0.144012944983819,1,0.998864128672791,"Stomach Adenocarcinoma","Primary Tumor vs Solid Tissue Normal"
"600",0.142394822006472,1,0.998881093788872,"Stomach Adenocarcinoma","Primary Tumor vs Solid Tissue Normal"
"601",0.140776699029126,1,0.998885285087883,"Stomach Adenocarcinoma","Primary Tumor vs Solid Tissue Normal"
"602",0.13915857605178,1,0.998886394315719,"Stomach Adenocarcinoma","Primary Tumor vs Solid Tissue Normal"
"603",0.137540453074434,1,0.998887683151367,"Stomach Adenocarcinoma","Primary Tumor vs Solid Tissue Normal"
"604",0.135922330097087,1,0.998895694934705,"Stomach Adenocarcinoma","Primary Tumor vs Solid Tissue Normal"
"605",0.134304207119741,1,0.998898821137832,"Stomach Adenocarcinoma","Primary Tumor vs Solid Tissue Normal"
"606",0.132686084142395,1,0.998910414901779,"Stomach Adenocarcinoma","Primary Tumor vs Solid Tissue Normal"
"607",0.131067961165049,1,0.998913560258215,"Stomach Adenocarcinoma","Primary Tumor vs Solid Tissue Normal"
"608",0.127831715210356,1,0.998918983188495,"Stomach Adenocarcinoma","Primary Tumor vs Solid Tissue Normal"
"609",0.12621359223301,1,0.998953399218287,"Stomach Adenocarcinoma","Primary Tumor vs Solid Tissue Normal"
"610",0.124595469255663,1,0.998959975534203,"Stomach Adenocarcinoma","Primary Tumor vs Solid Tissue Normal"
"611",0.122977346278317,1,0.998960019690724,"Stomach Adenocarcinoma","Primary Tumor vs Solid Tissue Normal"
"612",0.121359223300971,1,0.998965109440585,"Stomach Adenocarcinoma","Primary Tumor vs Solid Tissue Normal"
"613",0.119741100323625,1,0.998970374180472,"Stomach Adenocarcinoma","Primary Tumor vs Solid Tissue Normal"
"614",0.118122977346278,1,0.99897142208412,"Stomach Adenocarcinoma","Primary Tumor vs Solid Tissue Normal"
"615",0.116504854368932,1,0.998976435660932,"Stomach Adenocarcinoma","Primary Tumor vs Solid Tissue Normal"
"616",0.114886731391586,1,0.998979263667326,"Stomach Adenocarcinoma","Primary Tumor vs Solid Tissue Normal"
"617",0.113268608414239,1,0.99899960055984,"Stomach Adenocarcinoma","Primary Tumor vs Solid Tissue Normal"
"618",0.111650485436893,1,0.999009150282061,"Stomach Adenocarcinoma","Primary Tumor vs Solid Tissue Normal"
"619",0.110032362459547,1,0.999027378124832,"Stomach Adenocarcinoma","Primary Tumor vs Solid Tissue Normal"
"620",0.108414239482201,1,0.999049300526633,"Stomach Adenocarcinoma","Primary Tumor vs Solid Tissue Normal"
"621",0.106796116504854,1,0.999060345578478,"Stomach Adenocarcinoma","Primary Tumor vs Solid Tissue Normal"
"622",0.105177993527508,1,0.999060578568481,"Stomach Adenocarcinoma","Primary Tumor vs Solid Tissue Normal"
"623",0.103559870550162,1,0.99907338232522,"Stomach Adenocarcinoma","Primary Tumor vs Solid Tissue Normal"
"624",0.101941747572816,1,0.999076598397154,"Stomach Adenocarcinoma","Primary Tumor vs Solid Tissue Normal"
"625",0.100323624595469,1,0.999077031986436,"Stomach Adenocarcinoma","Primary Tumor vs Solid Tissue Normal"
"626",0.098705501618123,1,0.999080349293859,"Stomach Adenocarcinoma","Primary Tumor vs Solid Tissue Normal"
"627",0.0970873786407767,1,0.999081215582009,"Stomach Adenocarcinoma","Primary Tumor vs Solid Tissue Normal"
"628",0.0954692556634304,1,0.999082446753294,"Stomach Adenocarcinoma","Primary Tumor vs Solid Tissue Normal"
"629",0.0938511326860841,1,0.999088825838436,"Stomach Adenocarcinoma","Primary Tumor vs Solid Tissue Normal"
"630",0.0922330097087379,1,0.999093577947192,"Stomach Adenocarcinoma","Primary Tumor vs Solid Tissue Normal"
"631",0.0906148867313916,1,0.999108319299147,"Stomach Adenocarcinoma","Primary Tumor vs Solid Tissue Normal"
"632",0.0889967637540453,1,0.999108438248395,"Stomach Adenocarcinoma","Primary Tumor vs Solid Tissue Normal"
"633",0.087378640776699,1,0.999113628214876,"Stomach Adenocarcinoma","Primary Tumor vs Solid Tissue Normal"
"634",0.0857605177993527,1,0.999118235115601,"Stomach Adenocarcinoma","Primary Tumor vs Solid Tissue Normal"
"635",0.0841423948220065,1,0.999129628858997,"Stomach Adenocarcinoma","Primary Tumor vs Solid Tissue Normal"
"636",0.0825242718446602,1,0.99913010670817,"Stomach Adenocarcinoma","Primary Tumor vs Solid Tissue Normal"
"637",0.0809061488673139,1,0.999134288724931,"Stomach Adenocarcinoma","Primary Tumor vs Solid Tissue Normal"
"638",0.0792880258899676,1,0.999150125866565,"Stomach Adenocarcinoma","Primary Tumor vs Solid Tissue Normal"
"639",0.0760517799352751,1,0.999177431148234,"Stomach Adenocarcinoma","Primary Tumor vs Solid Tissue Normal"
"640",0.0744336569579288,1,0.999180987729915,"Stomach Adenocarcinoma","Primary Tumor vs Solid Tissue Normal"
"641",0.0728155339805825,1,0.999186973472962,"Stomach Adenocarcinoma","Primary Tumor vs Solid Tissue Normal"
"642",0.0711974110032362,1,0.999188075254799,"Stomach Adenocarcinoma","Primary Tumor vs Solid Tissue Normal"
"643",0.06957928802589,1,0.99920461601192,"Stomach Adenocarcinoma","Primary Tumor vs Solid Tissue Normal"
"644",0.0679611650485437,1,0.999221848455146,"Stomach Adenocarcinoma","Primary Tumor vs Solid Tissue Normal"
"645",0.0663430420711974,1,0.999228008801563,"Stomach Adenocarcinoma","Primary Tumor vs Solid Tissue Normal"
"646",0.0647249190938511,1,0.999257126070034,"Stomach Adenocarcinoma","Primary Tumor vs Solid Tissue Normal"
"647",0.0631067961165049,1,0.999258657945944,"Stomach Adenocarcinoma","Primary Tumor vs Solid Tissue Normal"
"648",0.0614886731391586,1,0.999259588755658,"Stomach Adenocarcinoma","Primary Tumor vs Solid Tissue Normal"
"649",0.0598705501618123,1,0.999262230400673,"Stomach Adenocarcinoma","Primary Tumor vs Solid Tissue Normal"
"650",0.058252427184466,1,0.99926603691963,"Stomach Adenocarcinoma","Primary Tumor vs Solid Tissue Normal"
"651",0.0566343042071197,1,0.99927106705354,"Stomach Adenocarcinoma","Primary Tumor vs Solid Tissue Normal"
"652",0.0550161812297735,1,0.999287593175604,"Stomach Adenocarcinoma","Primary Tumor vs Solid Tissue Normal"
"653",0.0533980582524272,1,0.999290229333964,"Stomach Adenocarcinoma","Primary Tumor vs Solid Tissue Normal"
"654",0.0517799352750809,1,0.999319472743186,"Stomach Adenocarcinoma","Primary Tumor vs Solid Tissue Normal"
"655",0.0501618122977346,1,0.999341524862249,"Stomach Adenocarcinoma","Primary Tumor vs Solid Tissue Normal"
"656",0.0485436893203883,1,0.999348803296117,"Stomach Adenocarcinoma","Primary Tumor vs Solid Tissue Normal"
"657",0.0469255663430421,1,0.999356629718738,"Stomach Adenocarcinoma","Primary Tumor vs Solid Tissue Normal"
"658",0.0453074433656958,1,0.999367085349243,"Stomach Adenocarcinoma","Primary Tumor vs Solid Tissue Normal"
"659",0.0436893203883495,1,0.999385598706931,"Stomach Adenocarcinoma","Primary Tumor vs Solid Tissue Normal"
"660",0.0420711974110032,1,0.999391491887583,"Stomach Adenocarcinoma","Primary Tumor vs Solid Tissue Normal"
"661",0.040453074433657,1,0.999393062349049,"Stomach Adenocarcinoma","Primary Tumor vs Solid Tissue Normal"
"662",0.0388349514563107,1,0.999393333384876,"Stomach Adenocarcinoma","Primary Tumor vs Solid Tissue Normal"
"663",0.0372168284789644,1,0.999402908592169,"Stomach Adenocarcinoma","Primary Tumor vs Solid Tissue Normal"
"664",0.0355987055016181,1,0.999411929595024,"Stomach Adenocarcinoma","Primary Tumor vs Solid Tissue Normal"
"665",0.0339805825242718,1,0.999412392737155,"Stomach Adenocarcinoma","Primary Tumor vs Solid Tissue Normal"
"666",0.0323624595469256,1,0.999420388213386,"Stomach Adenocarcinoma","Primary Tumor vs Solid Tissue Normal"
"667",0.0307443365695793,1,0.999439196312438,"Stomach Adenocarcinoma","Primary Tumor vs Solid Tissue Normal"
"668",0.029126213592233,1,0.999469767336975,"Stomach Adenocarcinoma","Primary Tumor vs Solid Tissue Normal"
"669",0.0275080906148867,1,0.999470717850173,"Stomach Adenocarcinoma","Primary Tumor vs Solid Tissue Normal"
"670",0.0258899676375405,1,0.999476777147333,"Stomach Adenocarcinoma","Primary Tumor vs Solid Tissue Normal"
"671",0.0242718446601942,1,0.999488235630519,"Stomach Adenocarcinoma","Primary Tumor vs Solid Tissue Normal"
"672",0.0226537216828479,1,0.999518191843689,"Stomach Adenocarcinoma","Primary Tumor vs Solid Tissue Normal"
"673",0.0210355987055016,1,0.999518425642929,"Stomach Adenocarcinoma","Primary Tumor vs Solid Tissue Normal"
"674",0.0194174757281553,1,0.999524548319787,"Stomach Adenocarcinoma","Primary Tumor vs Solid Tissue Normal"
"675",0.0177993527508091,1,0.999532064987898,"Stomach Adenocarcinoma","Primary Tumor vs Solid Tissue Normal"
"676",0.0161812297734628,1,0.999534035483403,"Stomach Adenocarcinoma","Primary Tumor vs Solid Tissue Normal"
"677",0.0145631067961165,1,0.999573306340678,"Stomach Adenocarcinoma","Primary Tumor vs Solid Tissue Normal"
"678",0.0129449838187702,1,0.999592020873363,"Stomach Adenocarcinoma","Primary Tumor vs Solid Tissue Normal"
"679",0.0113268608414239,1,0.999603230198846,"Stomach Adenocarcinoma","Primary Tumor vs Solid Tissue Normal"
"680",0.00970873786407767,1,0.999641750100782,"Stomach Adenocarcinoma","Primary Tumor vs Solid Tissue Normal"
"681",0.00809061488673139,1,0.999687630641434,"Stomach Adenocarcinoma","Primary Tumor vs Solid Tissue Normal"
"682",0.00647249190938511,1,0.999712415238195,"Stomach Adenocarcinoma","Primary Tumor vs Solid Tissue Normal"
"683",0.00485436893203883,1,0.999724858270469,"Stomach Adenocarcinoma","Primary Tumor vs Solid Tissue Normal"
"684",0.00323624595469256,1,0.999732162946493,"Stomach Adenocarcinoma","Primary Tumor vs Solid Tissue Normal"
"685",0.00161812297734628,1,0.999746820431464,"Stomach Adenocarcinoma","Primary Tumor vs Solid Tissue Normal"
"686",0,1,0.999746820431464,"Stomach Adenocarcinoma","Primary Tumor vs Solid Tissue Normal"
