"1",0,0,0.998299004049831,"Lung Adenocarcinoma","Blood Derived Normal"
"2",0,0.0151515151515152,0.996884667037636,"Lung Adenocarcinoma","Blood Derived Normal"
"3",0,0.0303030303030303,0.99623947196499,"Lung Adenocarcinoma","Blood Derived Normal"
"4",0,0.0454545454545455,0.99615227686373,"Lung Adenocarcinoma","Blood Derived Normal"
"5",0,0.0606060606060606,0.993710167573318,"Lung Adenocarcinoma","Blood Derived Normal"
"6",0,0.0757575757575758,0.992915388548189,"Lung Adenocarcinoma","Blood Derived Normal"
"7",0,0.0909090909090909,0.992105828886501,"Lung Adenocarcinoma","Blood Derived Normal"
"8",0,0.106060606060606,0.992003492220909,"Lung Adenocarcinoma","Blood Derived Normal"
"9",0,0.121212121212121,0.989878014798956,"Lung Adenocarcinoma","Blood Derived Normal"
"10",0,0.136363636363636,0.988506804408141,"Lung Adenocarcinoma","Blood Derived Normal"
"11",0,0.151515151515152,0.986978973819177,"Lung Adenocarcinoma","Blood Derived Normal"
"12",0,0.166666666666667,0.986383033904446,"Lung Adenocarcinoma","Blood Derived Normal"
"13",0,0.181818181818182,0.985047231542592,"Lung Adenocarcinoma","Blood Derived Normal"
"14",0,0.196969696969697,0.984232818722378,"Lung Adenocarcinoma","Blood Derived Normal"
"15",0,0.212121212121212,0.983438818225597,"Lung Adenocarcinoma","Blood Derived Normal"
"16",0,0.227272727272727,0.981135212187234,"Lung Adenocarcinoma","Blood Derived Normal"
"17",0,0.242424242424242,0.980782255366346,"Lung Adenocarcinoma","Blood Derived Normal"
"18",0,0.257575757575758,0.980299299722835,"Lung Adenocarcinoma","Blood Derived Normal"
"19",0,0.272727272727273,0.979211689473584,"Lung Adenocarcinoma","Blood Derived Normal"
"20",0,0.287878787878788,0.978631405669696,"Lung Adenocarcinoma","Blood Derived Normal"
"21",0,0.303030303030303,0.978397808492866,"Lung Adenocarcinoma","Blood Derived Normal"
"22",0,0.318181818181818,0.977239589659924,"Lung Adenocarcinoma","Blood Derived Normal"
"23",0,0.333333333333333,0.976525156916542,"Lung Adenocarcinoma","Blood Derived Normal"
"24",0,0.348484848484849,0.972878349762628,"Lung Adenocarcinoma","Blood Derived Normal"
"25",0,0.363636363636364,0.972670289427832,"Lung Adenocarcinoma","Blood Derived Normal"
"26",0.00129533678756477,0.363636363636364,0.970203788487166,"Lung Adenocarcinoma","Blood Derived Normal"
"27",0.00129533678756477,0.378787878787879,0.961744854797771,"Lung Adenocarcinoma","Blood Derived Normal"
"28",0.00129533678756477,0.393939393939394,0.959715437743656,"Lung Adenocarcinoma","Blood Derived Normal"
"29",0.00129533678756477,0.409090909090909,0.958897236211306,"Lung Adenocarcinoma","Blood Derived Normal"
"30",0.00129533678756477,0.424242424242424,0.944266324696988,"Lung Adenocarcinoma","Blood Derived Normal"
"31",0.00129533678756477,0.439393939393939,0.938794845148979,"Lung Adenocarcinoma","Blood Derived Normal"
"32",0.00129533678756477,0.454545454545455,0.933622812609282,"Lung Adenocarcinoma","Blood Derived Normal"
"33",0.00129533678756477,0.46969696969697,0.928971070001911,"Lung Adenocarcinoma","Blood Derived Normal"
"34",0.00129533678756477,0.484848484848485,0.920990718451339,"Lung Adenocarcinoma","Blood Derived Normal"
"35",0.00129533678756477,0.5,0.920625983765972,"Lung Adenocarcinoma","Blood Derived Normal"
"36",0.00129533678756477,0.515151515151515,0.910524910763741,"Lung Adenocarcinoma","Blood Derived Normal"
"37",0.00129533678756477,0.53030303030303,0.900541468091974,"Lung Adenocarcinoma","Blood Derived Normal"
"38",0.00129533678756477,0.545454545454545,0.898905885789276,"Lung Adenocarcinoma","Blood Derived Normal"
"39",0.00129533678756477,0.560606060606061,0.893498746363835,"Lung Adenocarcinoma","Blood Derived Normal"
"40",0.00129533678756477,0.575757575757576,0.887343054842569,"Lung Adenocarcinoma","Blood Derived Normal"
"41",0.00129533678756477,0.590909090909091,0.885017946041719,"Lung Adenocarcinoma","Blood Derived Normal"
"42",0.00129533678756477,0.606060606060606,0.876957633371807,"Lung Adenocarcinoma","Blood Derived Normal"
"43",0.00129533678756477,0.621212121212121,0.872172353071253,"Lung Adenocarcinoma","Blood Derived Normal"
"44",0.00259067357512953,0.621212121212121,0.860718196274424,"Lung Adenocarcinoma","Blood Derived Normal"
"45",0.0038860103626943,0.621212121212121,0.859428348182655,"Lung Adenocarcinoma","Blood Derived Normal"
"46",0.0038860103626943,0.636363636363636,0.857241864044356,"Lung Adenocarcinoma","Blood Derived Normal"
"47",0.0038860103626943,0.651515151515151,0.844302779855776,"Lung Adenocarcinoma","Blood Derived Normal"
"48",0.0038860103626943,0.666666666666667,0.839616406335447,"Lung Adenocarcinoma","Blood Derived Normal"
"49",0.0038860103626943,0.681818181818182,0.793718083257123,"Lung Adenocarcinoma","Blood Derived Normal"
"50",0.0038860103626943,0.696969696969697,0.757116304111359,"Lung Adenocarcinoma","Blood Derived Normal"
"51",0.0038860103626943,0.712121212121212,0.748934221464793,"Lung Adenocarcinoma","Blood Derived Normal"
"52",0.0038860103626943,0.727272727272727,0.743612194913622,"Lung Adenocarcinoma","Blood Derived Normal"
"53",0.00518134715025907,0.727272727272727,0.719358231312041,"Lung Adenocarcinoma","Blood Derived Normal"
"54",0.00518134715025907,0.742424242424242,0.685433584049608,"Lung Adenocarcinoma","Blood Derived Normal"
"55",0.00518134715025907,0.757575757575758,0.653978812604328,"Lung Adenocarcinoma","Blood Derived Normal"
"56",0.00647668393782383,0.757575757575758,0.647036556563837,"Lung Adenocarcinoma","Blood Derived Normal"
"57",0.0077720207253886,0.757575757575758,0.641608969351329,"Lung Adenocarcinoma","Blood Derived Normal"
"58",0.0077720207253886,0.772727272727273,0.638977052620589,"Lung Adenocarcinoma","Blood Derived Normal"
"59",0.0077720207253886,0.787878787878788,0.628369060142733,"Lung Adenocarcinoma","Blood Derived Normal"
"60",0.0077720207253886,0.803030303030303,0.627139365867328,"Lung Adenocarcinoma","Blood Derived Normal"
"61",0.0077720207253886,0.818181818181818,0.613990322860471,"Lung Adenocarcinoma","Blood Derived Normal"
"62",0.00906735751295337,0.818181818181818,0.610888542801088,"Lung Adenocarcinoma","Blood Derived Normal"
"63",0.00906735751295337,0.833333333333333,0.594801756143388,"Lung Adenocarcinoma","Blood Derived Normal"
"64",0.00906735751295337,0.848484848484849,0.593357475421985,"Lung Adenocarcinoma","Blood Derived Normal"
"65",0.00906735751295337,0.863636363636364,0.552171063999546,"Lung Adenocarcinoma","Blood Derived Normal"
"66",0.00906735751295337,0.878787878787879,0.522077861496401,"Lung Adenocarcinoma","Blood Derived Normal"
"67",0.00906735751295337,0.893939393939394,0.496191728891771,"Lung Adenocarcinoma","Blood Derived Normal"
"68",0.00906735751295337,0.909090909090909,0.436709030155622,"Lung Adenocarcinoma","Blood Derived Normal"
"69",0.00906735751295337,0.924242424242424,0.435077950348288,"Lung Adenocarcinoma","Blood Derived Normal"
"70",0.0103626943005181,0.924242424242424,0.406535445210988,"Lung Adenocarcinoma","Blood Derived Normal"
"71",0.0116580310880829,0.924242424242424,0.387852418155141,"Lung Adenocarcinoma","Blood Derived Normal"
"72",0.0129533678756477,0.924242424242424,0.350691448235745,"Lung Adenocarcinoma","Blood Derived Normal"
"73",0.0142487046632124,0.924242424242424,0.348284982324084,"Lung Adenocarcinoma","Blood Derived Normal"
"74",0.0155440414507772,0.924242424242424,0.344759767119954,"Lung Adenocarcinoma","Blood Derived Normal"
"75",0.016839378238342,0.924242424242424,0.33165737517467,"Lung Adenocarcinoma","Blood Derived Normal"
"76",0.0181347150259067,0.924242424242424,0.317103656458455,"Lung Adenocarcinoma","Blood Derived Normal"
"77",0.0181347150259067,0.939393939393939,0.308466712188424,"Lung Adenocarcinoma","Blood Derived Normal"
"78",0.0194300518134715,0.939393939393939,0.307139061573059,"Lung Adenocarcinoma","Blood Derived Normal"
"79",0.0207253886010363,0.939393939393939,0.305782840790626,"Lung Adenocarcinoma","Blood Derived Normal"
"80",0.022020725388601,0.939393939393939,0.300563783634975,"Lung Adenocarcinoma","Blood Derived Normal"
"81",0.0233160621761658,0.939393939393939,0.286625857001527,"Lung Adenocarcinoma","Blood Derived Normal"
"82",0.0246113989637306,0.939393939393939,0.271738934572892,"Lung Adenocarcinoma","Blood Derived Normal"
"83",0.0259067357512953,0.939393939393939,0.268710140736699,"Lung Adenocarcinoma","Blood Derived Normal"
"84",0.0272020725388601,0.939393939393939,0.257527255357402,"Lung Adenocarcinoma","Blood Derived Normal"
"85",0.0284974093264249,0.939393939393939,0.251825184721449,"Lung Adenocarcinoma","Blood Derived Normal"
"86",0.0297927461139896,0.939393939393939,0.226193688899379,"Lung Adenocarcinoma","Blood Derived Normal"
"87",0.0310880829015544,0.939393939393939,0.21480668223126,"Lung Adenocarcinoma","Blood Derived Normal"
"88",0.0323834196891192,0.939393939393939,0.21031690073007,"Lung Adenocarcinoma","Blood Derived Normal"
"89",0.0323834196891192,0.954545454545455,0.204978900537462,"Lung Adenocarcinoma","Blood Derived Normal"
"90",0.0336787564766839,0.954545454545455,0.189087579337578,"Lung Adenocarcinoma","Blood Derived Normal"
"91",0.0336787564766839,0.96969696969697,0.184581218642529,"Lung Adenocarcinoma","Blood Derived Normal"
"92",0.0349740932642487,0.96969696969697,0.166565588858194,"Lung Adenocarcinoma","Blood Derived Normal"
"93",0.0362694300518135,0.96969696969697,0.162402976671445,"Lung Adenocarcinoma","Blood Derived Normal"
"94",0.0375647668393782,0.96969696969697,0.15760743176794,"Lung Adenocarcinoma","Blood Derived Normal"
"95",0.038860103626943,0.96969696969697,0.156885048151007,"Lung Adenocarcinoma","Blood Derived Normal"
"96",0.0401554404145078,0.96969696969697,0.155348336276523,"Lung Adenocarcinoma","Blood Derived Normal"
"97",0.0414507772020725,0.96969696969697,0.15495010669155,"Lung Adenocarcinoma","Blood Derived Normal"
"98",0.0427461139896373,0.96969696969697,0.150490561429279,"Lung Adenocarcinoma","Blood Derived Normal"
"99",0.0440414507772021,0.96969696969697,0.147943567338437,"Lung Adenocarcinoma","Blood Derived Normal"
"100",0.0453367875647668,0.96969696969697,0.145275091529622,"Lung Adenocarcinoma","Blood Derived Normal"
"101",0.0466321243523316,0.96969696969697,0.141811311478704,"Lung Adenocarcinoma","Blood Derived Normal"
"102",0.0466321243523316,0.984848484848485,0.132180847578395,"Lung Adenocarcinoma","Blood Derived Normal"
"103",0.0479274611398964,0.984848484848485,0.131507802711554,"Lung Adenocarcinoma","Blood Derived Normal"
"104",0.0492227979274611,0.984848484848485,0.127572859091837,"Lung Adenocarcinoma","Blood Derived Normal"
"105",0.0505181347150259,0.984848484848485,0.127052068772238,"Lung Adenocarcinoma","Blood Derived Normal"
"106",0.0518134715025907,0.984848484848485,0.126759233772394,"Lung Adenocarcinoma","Blood Derived Normal"
"107",0.0531088082901554,0.984848484848485,0.124521856169062,"Lung Adenocarcinoma","Blood Derived Normal"
"108",0.0544041450777202,0.984848484848485,0.111816066040999,"Lung Adenocarcinoma","Blood Derived Normal"
"109",0.055699481865285,0.984848484848485,0.108001811356953,"Lung Adenocarcinoma","Blood Derived Normal"
"110",0.0569948186528497,0.984848484848485,0.104798885052278,"Lung Adenocarcinoma","Blood Derived Normal"
"111",0.0582901554404145,0.984848484848485,0.104792452928714,"Lung Adenocarcinoma","Blood Derived Normal"
"112",0.0595854922279793,0.984848484848485,0.104111838002238,"Lung Adenocarcinoma","Blood Derived Normal"
"113",0.060880829015544,0.984848484848485,0.103025713387107,"Lung Adenocarcinoma","Blood Derived Normal"
"114",0.0621761658031088,0.984848484848485,0.101098544663005,"Lung Adenocarcinoma","Blood Derived Normal"
"115",0.0634715025906736,0.984848484848485,0.101079028558809,"Lung Adenocarcinoma","Blood Derived Normal"
"116",0.0647668393782383,0.984848484848485,0.099180898469498,"Lung Adenocarcinoma","Blood Derived Normal"
"117",0.0660621761658031,0.984848484848485,0.0989287707854232,"Lung Adenocarcinoma","Blood Derived Normal"
"118",0.0673575129533679,0.984848484848485,0.0933956111411555,"Lung Adenocarcinoma","Blood Derived Normal"
"119",0.0686528497409326,0.984848484848485,0.0882365066670515,"Lung Adenocarcinoma","Blood Derived Normal"
"120",0.0699481865284974,0.984848484848485,0.087334478464886,"Lung Adenocarcinoma","Blood Derived Normal"
"121",0.0712435233160622,0.984848484848485,0.0867976075073491,"Lung Adenocarcinoma","Blood Derived Normal"
"122",0.0725388601036269,0.984848484848485,0.0839236787330624,"Lung Adenocarcinoma","Blood Derived Normal"
"123",0.0738341968911917,0.984848484848485,0.0835940133762867,"Lung Adenocarcinoma","Blood Derived Normal"
"124",0.0751295336787565,0.984848484848485,0.0795711635233839,"Lung Adenocarcinoma","Blood Derived Normal"
"125",0.0764248704663212,0.984848484848485,0.0784436891449723,"Lung Adenocarcinoma","Blood Derived Normal"
"126",0.077720207253886,0.984848484848485,0.0780222880210623,"Lung Adenocarcinoma","Blood Derived Normal"
"127",0.0790155440414508,0.984848484848485,0.0778168240143149,"Lung Adenocarcinoma","Blood Derived Normal"
"128",0.0803108808290155,0.984848484848485,0.0775070598432675,"Lung Adenocarcinoma","Blood Derived Normal"
"129",0.0816062176165803,0.984848484848485,0.0739088133333052,"Lung Adenocarcinoma","Blood Derived Normal"
"130",0.0829015544041451,0.984848484848485,0.0721636469597145,"Lung Adenocarcinoma","Blood Derived Normal"
"131",0.0841968911917098,0.984848484848485,0.0705019085664028,"Lung Adenocarcinoma","Blood Derived Normal"
"132",0.0854922279792746,0.984848484848485,0.0688215113696144,"Lung Adenocarcinoma","Blood Derived Normal"
"133",0.0867875647668394,0.984848484848485,0.0686200962991032,"Lung Adenocarcinoma","Blood Derived Normal"
"134",0.0880829015544041,0.984848484848485,0.0664869924433467,"Lung Adenocarcinoma","Blood Derived Normal"
"135",0.0893782383419689,0.984848484848485,0.0636866843121646,"Lung Adenocarcinoma","Blood Derived Normal"
"136",0.0906735751295337,0.984848484848485,0.063231561345962,"Lung Adenocarcinoma","Blood Derived Normal"
"137",0.0919689119170984,0.984848484848485,0.0621694865815174,"Lung Adenocarcinoma","Blood Derived Normal"
"138",0.0932642487046632,0.984848484848485,0.0616525888975167,"Lung Adenocarcinoma","Blood Derived Normal"
"139",0.094559585492228,0.984848484848485,0.0614065968174933,"Lung Adenocarcinoma","Blood Derived Normal"
"140",0.0958549222797927,0.984848484848485,0.058563889443551,"Lung Adenocarcinoma","Blood Derived Normal"
"141",0.0971502590673575,0.984848484848485,0.0583332911915874,"Lung Adenocarcinoma","Blood Derived Normal"
"142",0.0984455958549223,0.984848484848485,0.0566766972145973,"Lung Adenocarcinoma","Blood Derived Normal"
"143",0.099740932642487,0.984848484848485,0.0566505527882126,"Lung Adenocarcinoma","Blood Derived Normal"
"144",0.101036269430052,0.984848484848485,0.0561557332126553,"Lung Adenocarcinoma","Blood Derived Normal"
"145",0.102331606217617,0.984848484848485,0.0549646338873201,"Lung Adenocarcinoma","Blood Derived Normal"
"146",0.103626943005181,0.984848484848485,0.0543008299996811,"Lung Adenocarcinoma","Blood Derived Normal"
"147",0.104922279792746,0.984848484848485,0.0537404632210238,"Lung Adenocarcinoma","Blood Derived Normal"
"148",0.106217616580311,0.984848484848485,0.0534703329232789,"Lung Adenocarcinoma","Blood Derived Normal"
"149",0.107512953367876,0.984848484848485,0.0507133762002779,"Lung Adenocarcinoma","Blood Derived Normal"
"150",0.10880829015544,0.984848484848485,0.0488736528632563,"Lung Adenocarcinoma","Blood Derived Normal"
"151",0.110103626943005,0.984848484848485,0.0487410307080912,"Lung Adenocarcinoma","Blood Derived Normal"
"152",0.11139896373057,0.984848484848485,0.0482889069323751,"Lung Adenocarcinoma","Blood Derived Normal"
"153",0.112694300518135,0.984848484848485,0.0478838808188681,"Lung Adenocarcinoma","Blood Derived Normal"
"154",0.113989637305699,0.984848484848485,0.0465715283233016,"Lung Adenocarcinoma","Blood Derived Normal"
"155",0.115284974093264,0.984848484848485,0.0460342274840905,"Lung Adenocarcinoma","Blood Derived Normal"
"156",0.116580310880829,0.984848484848485,0.0454435450105513,"Lung Adenocarcinoma","Blood Derived Normal"
"157",0.117875647668394,0.984848484848485,0.0454256665037418,"Lung Adenocarcinoma","Blood Derived Normal"
"158",0.119170984455959,0.984848484848485,0.0450510577772882,"Lung Adenocarcinoma","Blood Derived Normal"
"159",0.120466321243523,0.984848484848485,0.0447713597929563,"Lung Adenocarcinoma","Blood Derived Normal"
"160",0.121761658031088,0.984848484848485,0.0436246036542168,"Lung Adenocarcinoma","Blood Derived Normal"
"161",0.123056994818653,0.984848484848485,0.0416309498279522,"Lung Adenocarcinoma","Blood Derived Normal"
"162",0.124352331606218,0.984848484848485,0.0412934181981659,"Lung Adenocarcinoma","Blood Derived Normal"
"163",0.125647668393782,0.984848484848485,0.0411845771973932,"Lung Adenocarcinoma","Blood Derived Normal"
"164",0.126943005181347,0.984848484848485,0.0392765658585119,"Lung Adenocarcinoma","Blood Derived Normal"
"165",0.128238341968912,0.984848484848485,0.0389264239380687,"Lung Adenocarcinoma","Blood Derived Normal"
"166",0.129533678756477,0.984848484848485,0.0380472505120348,"Lung Adenocarcinoma","Blood Derived Normal"
"167",0.130829015544041,0.984848484848485,0.0372315009391476,"Lung Adenocarcinoma","Blood Derived Normal"
"168",0.132124352331606,0.984848484848485,0.0365691524961068,"Lung Adenocarcinoma","Blood Derived Normal"
"169",0.133419689119171,0.984848484848485,0.0353342809880347,"Lung Adenocarcinoma","Blood Derived Normal"
"170",0.134715025906736,0.984848484848485,0.0349989059329335,"Lung Adenocarcinoma","Blood Derived Normal"
"171",0.136010362694301,0.984848484848485,0.0345074976065268,"Lung Adenocarcinoma","Blood Derived Normal"
"172",0.137305699481865,0.984848484848485,0.0332947423731679,"Lung Adenocarcinoma","Blood Derived Normal"
"173",0.13860103626943,0.984848484848485,0.0331104681116511,"Lung Adenocarcinoma","Blood Derived Normal"
"174",0.139896373056995,0.984848484848485,0.0329698031047152,"Lung Adenocarcinoma","Blood Derived Normal"
"175",0.14119170984456,0.984848484848485,0.032935756502191,"Lung Adenocarcinoma","Blood Derived Normal"
"176",0.142487046632124,0.984848484848485,0.0328402616662348,"Lung Adenocarcinoma","Blood Derived Normal"
"177",0.143782383419689,0.984848484848485,0.0325606919103674,"Lung Adenocarcinoma","Blood Derived Normal"
"178",0.145077720207254,0.984848484848485,0.0323792043126923,"Lung Adenocarcinoma","Blood Derived Normal"
"179",0.146373056994819,0.984848484848485,0.0310987234168919,"Lung Adenocarcinoma","Blood Derived Normal"
"180",0.147668393782383,0.984848484848485,0.0310243174447641,"Lung Adenocarcinoma","Blood Derived Normal"
"181",0.148963730569948,0.984848484848485,0.0309246613783173,"Lung Adenocarcinoma","Blood Derived Normal"
"182",0.150259067357513,0.984848484848485,0.0308929278751553,"Lung Adenocarcinoma","Blood Derived Normal"
"183",0.151554404145078,0.984848484848485,0.0308876725218343,"Lung Adenocarcinoma","Blood Derived Normal"
"184",0.152849740932642,0.984848484848485,0.0301283516060104,"Lung Adenocarcinoma","Blood Derived Normal"
"185",0.154145077720207,0.984848484848485,0.0299014567122461,"Lung Adenocarcinoma","Blood Derived Normal"
"186",0.155440414507772,0.984848484848485,0.0298813389761951,"Lung Adenocarcinoma","Blood Derived Normal"
"187",0.156735751295337,0.984848484848485,0.0288729049927478,"Lung Adenocarcinoma","Blood Derived Normal"
"188",0.158031088082902,0.984848484848485,0.0288579783068575,"Lung Adenocarcinoma","Blood Derived Normal"
"189",0.159326424870466,0.984848484848485,0.028208926791152,"Lung Adenocarcinoma","Blood Derived Normal"
"190",0.160621761658031,0.984848484848485,0.0280422833972143,"Lung Adenocarcinoma","Blood Derived Normal"
"191",0.161917098445596,0.984848484848485,0.0273749525521234,"Lung Adenocarcinoma","Blood Derived Normal"
"192",0.163212435233161,0.984848484848485,0.0272177293556908,"Lung Adenocarcinoma","Blood Derived Normal"
"193",0.164507772020725,0.984848484848485,0.0270096821785225,"Lung Adenocarcinoma","Blood Derived Normal"
"194",0.16580310880829,0.984848484848485,0.0268812251122718,"Lung Adenocarcinoma","Blood Derived Normal"
"195",0.167098445595855,0.984848484848485,0.0267907942885725,"Lung Adenocarcinoma","Blood Derived Normal"
"196",0.16839378238342,0.984848484848485,0.0265446043126938,"Lung Adenocarcinoma","Blood Derived Normal"
"197",0.16839378238342,1,0.0264039988706223,"Lung Adenocarcinoma","Blood Derived Normal"
"198",0.169689119170984,1,0.0260866696668627,"Lung Adenocarcinoma","Blood Derived Normal"
"199",0.170984455958549,1,0.0257490889320685,"Lung Adenocarcinoma","Blood Derived Normal"
"200",0.172279792746114,1,0.0256649621275886,"Lung Adenocarcinoma","Blood Derived Normal"
"201",0.173575129533679,1,0.0252290958328004,"Lung Adenocarcinoma","Blood Derived Normal"
"202",0.174870466321244,1,0.0251395982469173,"Lung Adenocarcinoma","Blood Derived Normal"
"203",0.176165803108808,1,0.024695108480366,"Lung Adenocarcinoma","Blood Derived Normal"
"204",0.177461139896373,1,0.0245598272265889,"Lung Adenocarcinoma","Blood Derived Normal"
"205",0.178756476683938,1,0.0245551878128459,"Lung Adenocarcinoma","Blood Derived Normal"
"206",0.180051813471503,1,0.0245275707195649,"Lung Adenocarcinoma","Blood Derived Normal"
"207",0.181347150259067,1,0.0242464429729326,"Lung Adenocarcinoma","Blood Derived Normal"
"208",0.182642487046632,1,0.0241180221942323,"Lung Adenocarcinoma","Blood Derived Normal"
"209",0.183937823834197,1,0.0239772564451674,"Lung Adenocarcinoma","Blood Derived Normal"
"210",0.185233160621762,1,0.0236847164600843,"Lung Adenocarcinoma","Blood Derived Normal"
"211",0.186528497409326,1,0.0233498753290902,"Lung Adenocarcinoma","Blood Derived Normal"
"212",0.187823834196891,1,0.023327486468065,"Lung Adenocarcinoma","Blood Derived Normal"
"213",0.189119170984456,1,0.0230773765952866,"Lung Adenocarcinoma","Blood Derived Normal"
"214",0.190414507772021,1,0.0229525083050462,"Lung Adenocarcinoma","Blood Derived Normal"
"215",0.191709844559585,1,0.0226270145185816,"Lung Adenocarcinoma","Blood Derived Normal"
"216",0.19300518134715,1,0.0224956527402279,"Lung Adenocarcinoma","Blood Derived Normal"
"217",0.194300518134715,1,0.0223612435787521,"Lung Adenocarcinoma","Blood Derived Normal"
"218",0.19559585492228,1,0.0223046170550819,"Lung Adenocarcinoma","Blood Derived Normal"
"219",0.196891191709845,1,0.0220078640525208,"Lung Adenocarcinoma","Blood Derived Normal"
"220",0.198186528497409,1,0.0218911613354092,"Lung Adenocarcinoma","Blood Derived Normal"
"221",0.199481865284974,1,0.0217766960118657,"Lung Adenocarcinoma","Blood Derived Normal"
"222",0.200777202072539,1,0.0217108455972113,"Lung Adenocarcinoma","Blood Derived Normal"
"223",0.202072538860104,1,0.0211659737873112,"Lung Adenocarcinoma","Blood Derived Normal"
"224",0.203367875647668,1,0.020251232407247,"Lung Adenocarcinoma","Blood Derived Normal"
"225",0.204663212435233,1,0.0197882292799921,"Lung Adenocarcinoma","Blood Derived Normal"
"226",0.205958549222798,1,0.0195716097095601,"Lung Adenocarcinoma","Blood Derived Normal"
"227",0.207253886010363,1,0.0195663101282112,"Lung Adenocarcinoma","Blood Derived Normal"
"228",0.208549222797927,1,0.0193640002674481,"Lung Adenocarcinoma","Blood Derived Normal"
"229",0.209844559585492,1,0.0187942217555878,"Lung Adenocarcinoma","Blood Derived Normal"
"230",0.211139896373057,1,0.0184252706992558,"Lung Adenocarcinoma","Blood Derived Normal"
"231",0.212435233160622,1,0.018185458886597,"Lung Adenocarcinoma","Blood Derived Normal"
"232",0.213730569948187,1,0.0179170575725435,"Lung Adenocarcinoma","Blood Derived Normal"
"233",0.215025906735751,1,0.0178971185753235,"Lung Adenocarcinoma","Blood Derived Normal"
"234",0.216321243523316,1,0.0176026211891214,"Lung Adenocarcinoma","Blood Derived Normal"
"235",0.217616580310881,1,0.017562398963582,"Lung Adenocarcinoma","Blood Derived Normal"
"236",0.218911917098446,1,0.0175479523360306,"Lung Adenocarcinoma","Blood Derived Normal"
"237",0.22020725388601,1,0.017404052983818,"Lung Adenocarcinoma","Blood Derived Normal"
"238",0.221502590673575,1,0.0172675768290917,"Lung Adenocarcinoma","Blood Derived Normal"
"239",0.22279792746114,1,0.0171174613905128,"Lung Adenocarcinoma","Blood Derived Normal"
"240",0.224093264248705,1,0.0170042822082512,"Lung Adenocarcinoma","Blood Derived Normal"
"241",0.225388601036269,1,0.0168410826881844,"Lung Adenocarcinoma","Blood Derived Normal"
"242",0.226683937823834,1,0.016805460458239,"Lung Adenocarcinoma","Blood Derived Normal"
"243",0.227979274611399,1,0.0166574201099616,"Lung Adenocarcinoma","Blood Derived Normal"
"244",0.229274611398964,1,0.0165436117814665,"Lung Adenocarcinoma","Blood Derived Normal"
"245",0.230569948186528,1,0.0165264415142501,"Lung Adenocarcinoma","Blood Derived Normal"
"246",0.231865284974093,1,0.0161032413409863,"Lung Adenocarcinoma","Blood Derived Normal"
"247",0.233160621761658,1,0.0158464064974351,"Lung Adenocarcinoma","Blood Derived Normal"
"248",0.234455958549223,1,0.0158111540567862,"Lung Adenocarcinoma","Blood Derived Normal"
"249",0.235751295336788,1,0.0157875051963294,"Lung Adenocarcinoma","Blood Derived Normal"
"250",0.237046632124352,1,0.0157622224682437,"Lung Adenocarcinoma","Blood Derived Normal"
"251",0.238341968911917,1,0.015649913709615,"Lung Adenocarcinoma","Blood Derived Normal"
"252",0.239637305699482,1,0.0156186167108441,"Lung Adenocarcinoma","Blood Derived Normal"
"253",0.240932642487047,1,0.0154456000953654,"Lung Adenocarcinoma","Blood Derived Normal"
"254",0.242227979274611,1,0.0154157678434632,"Lung Adenocarcinoma","Blood Derived Normal"
"255",0.243523316062176,1,0.0152354045431498,"Lung Adenocarcinoma","Blood Derived Normal"
"256",0.244818652849741,1,0.0151431137858041,"Lung Adenocarcinoma","Blood Derived Normal"
"257",0.246113989637306,1,0.0150859530064917,"Lung Adenocarcinoma","Blood Derived Normal"
"258",0.24740932642487,1,0.0149880301381074,"Lung Adenocarcinoma","Blood Derived Normal"
"259",0.248704663212435,1,0.0149134279285645,"Lung Adenocarcinoma","Blood Derived Normal"
"260",0.25,1,0.0148998491317372,"Lung Adenocarcinoma","Blood Derived Normal"
"261",0.251295336787565,1,0.0148451003759229,"Lung Adenocarcinoma","Blood Derived Normal"
"262",0.25259067357513,1,0.0148217738488946,"Lung Adenocarcinoma","Blood Derived Normal"
"263",0.253886010362694,1,0.0147018200286427,"Lung Adenocarcinoma","Blood Derived Normal"
"264",0.255181347150259,1,0.0144877612568003,"Lung Adenocarcinoma","Blood Derived Normal"
"265",0.256476683937824,1,0.0144564100874118,"Lung Adenocarcinoma","Blood Derived Normal"
"266",0.257772020725389,1,0.0144550304123979,"Lung Adenocarcinoma","Blood Derived Normal"
"267",0.259067357512953,1,0.0144266825361393,"Lung Adenocarcinoma","Blood Derived Normal"
"268",0.260362694300518,1,0.0142797146789644,"Lung Adenocarcinoma","Blood Derived Normal"
"269",0.261658031088083,1,0.0141226880342024,"Lung Adenocarcinoma","Blood Derived Normal"
"270",0.262953367875648,1,0.014105118727186,"Lung Adenocarcinoma","Blood Derived Normal"
"271",0.264248704663212,1,0.0140667940021032,"Lung Adenocarcinoma","Blood Derived Normal"
"272",0.265544041450777,1,0.0140001482124981,"Lung Adenocarcinoma","Blood Derived Normal"
"273",0.266839378238342,1,0.0138350743923874,"Lung Adenocarcinoma","Blood Derived Normal"
"274",0.268134715025907,1,0.0136750925624511,"Lung Adenocarcinoma","Blood Derived Normal"
"275",0.269430051813472,1,0.0136173394090772,"Lung Adenocarcinoma","Blood Derived Normal"
"276",0.270725388601036,1,0.0135425886464931,"Lung Adenocarcinoma","Blood Derived Normal"
"277",0.272020725388601,1,0.0130836853018737,"Lung Adenocarcinoma","Blood Derived Normal"
"278",0.273316062176166,1,0.0130232038798394,"Lung Adenocarcinoma","Blood Derived Normal"
"279",0.274611398963731,1,0.012855449275808,"Lung Adenocarcinoma","Blood Derived Normal"
"280",0.275906735751295,1,0.0128531480074072,"Lung Adenocarcinoma","Blood Derived Normal"
"281",0.27720207253886,1,0.0128452448834485,"Lung Adenocarcinoma","Blood Derived Normal"
"282",0.278497409326425,1,0.0125799525085899,"Lung Adenocarcinoma","Blood Derived Normal"
"283",0.27979274611399,1,0.012390328168766,"Lung Adenocarcinoma","Blood Derived Normal"
"284",0.281088082901554,1,0.0123318192876959,"Lung Adenocarcinoma","Blood Derived Normal"
"285",0.282383419689119,1,0.0119665292980389,"Lung Adenocarcinoma","Blood Derived Normal"
"286",0.283678756476684,1,0.0119588124524763,"Lung Adenocarcinoma","Blood Derived Normal"
"287",0.284974093264249,1,0.0119374013510602,"Lung Adenocarcinoma","Blood Derived Normal"
"288",0.286269430051813,1,0.011825357287014,"Lung Adenocarcinoma","Blood Derived Normal"
"289",0.287564766839378,1,0.0116483347610055,"Lung Adenocarcinoma","Blood Derived Normal"
"290",0.288860103626943,1,0.0115706574736294,"Lung Adenocarcinoma","Blood Derived Normal"
"291",0.290155440414508,1,0.0115405148220905,"Lung Adenocarcinoma","Blood Derived Normal"
"292",0.291450777202073,1,0.0115357919605033,"Lung Adenocarcinoma","Blood Derived Normal"
"293",0.292746113989637,1,0.0115232420598299,"Lung Adenocarcinoma","Blood Derived Normal"
"294",0.294041450777202,1,0.0114368972725715,"Lung Adenocarcinoma","Blood Derived Normal"
"295",0.295336787564767,1,0.0114198849110401,"Lung Adenocarcinoma","Blood Derived Normal"
"296",0.296632124352332,1,0.0113497512651014,"Lung Adenocarcinoma","Blood Derived Normal"
"297",0.297927461139896,1,0.0112707754228626,"Lung Adenocarcinoma","Blood Derived Normal"
"298",0.299222797927461,1,0.011197677519208,"Lung Adenocarcinoma","Blood Derived Normal"
"299",0.300518134715026,1,0.0111942406515518,"Lung Adenocarcinoma","Blood Derived Normal"
"300",0.301813471502591,1,0.0110760450977914,"Lung Adenocarcinoma","Blood Derived Normal"
"301",0.303108808290155,1,0.0110621744606883,"Lung Adenocarcinoma","Blood Derived Normal"
"302",0.30440414507772,1,0.0108699613298398,"Lung Adenocarcinoma","Blood Derived Normal"
"303",0.305699481865285,1,0.0108100851537088,"Lung Adenocarcinoma","Blood Derived Normal"
"304",0.30699481865285,1,0.0107028294586986,"Lung Adenocarcinoma","Blood Derived Normal"
"305",0.308290155440414,1,0.0106805910833432,"Lung Adenocarcinoma","Blood Derived Normal"
"306",0.309585492227979,1,0.0106752160667735,"Lung Adenocarcinoma","Blood Derived Normal"
"307",0.310880829015544,1,0.0106226926041589,"Lung Adenocarcinoma","Blood Derived Normal"
"308",0.312176165803109,1,0.0106028354984274,"Lung Adenocarcinoma","Blood Derived Normal"
"309",0.313471502590674,1,0.0105774737864297,"Lung Adenocarcinoma","Blood Derived Normal"
"310",0.314766839378238,1,0.0104187297084547,"Lung Adenocarcinoma","Blood Derived Normal"
"311",0.316062176165803,1,0.0103718989203538,"Lung Adenocarcinoma","Blood Derived Normal"
"312",0.317357512953368,1,0.0103288549443358,"Lung Adenocarcinoma","Blood Derived Normal"
"313",0.318652849740933,1,0.0103255671438739,"Lung Adenocarcinoma","Blood Derived Normal"
"314",0.319948186528497,1,0.010236383477789,"Lung Adenocarcinoma","Blood Derived Normal"
"315",0.321243523316062,1,0.0100618123561273,"Lung Adenocarcinoma","Blood Derived Normal"
"316",0.322538860103627,1,0.0100064341663207,"Lung Adenocarcinoma","Blood Derived Normal"
"317",0.323834196891192,1,0.0097353997175776,"Lung Adenocarcinoma","Blood Derived Normal"
"318",0.325129533678756,1,0.00963017015824735,"Lung Adenocarcinoma","Blood Derived Normal"
"319",0.326424870466321,1,0.00955823683776745,"Lung Adenocarcinoma","Blood Derived Normal"
"320",0.327720207253886,1,0.00945630702595521,"Lung Adenocarcinoma","Blood Derived Normal"
"321",0.329015544041451,1,0.00944842129491198,"Lung Adenocarcinoma","Blood Derived Normal"
"322",0.330310880829016,1,0.00942967595265654,"Lung Adenocarcinoma","Blood Derived Normal"
"323",0.33160621761658,1,0.00931525228403536,"Lung Adenocarcinoma","Blood Derived Normal"
"324",0.332901554404145,1,0.00918406605172278,"Lung Adenocarcinoma","Blood Derived Normal"
"325",0.33419689119171,1,0.00909116399631029,"Lung Adenocarcinoma","Blood Derived Normal"
"326",0.335492227979275,1,0.00900160308380275,"Lung Adenocarcinoma","Blood Derived Normal"
"327",0.336787564766839,1,0.00896785004901205,"Lung Adenocarcinoma","Blood Derived Normal"
"328",0.338082901554404,1,0.00896295034056934,"Lung Adenocarcinoma","Blood Derived Normal"
"329",0.339378238341969,1,0.00890879606053962,"Lung Adenocarcinoma","Blood Derived Normal"
"330",0.340673575129534,1,0.00890592517340997,"Lung Adenocarcinoma","Blood Derived Normal"
"331",0.341968911917098,1,0.00873309153078488,"Lung Adenocarcinoma","Blood Derived Normal"
"332",0.343264248704663,1,0.00872978769985295,"Lung Adenocarcinoma","Blood Derived Normal"
"333",0.344559585492228,1,0.00871806822722324,"Lung Adenocarcinoma","Blood Derived Normal"
"334",0.345854922279793,1,0.00870510800975533,"Lung Adenocarcinoma","Blood Derived Normal"
"335",0.347150259067358,1,0.00866046967220373,"Lung Adenocarcinoma","Blood Derived Normal"
"336",0.348445595854922,1,0.00863798930758294,"Lung Adenocarcinoma","Blood Derived Normal"
"337",0.349740932642487,1,0.00863359491672313,"Lung Adenocarcinoma","Blood Derived Normal"
"338",0.351036269430052,1,0.00861648070573592,"Lung Adenocarcinoma","Blood Derived Normal"
"339",0.352331606217617,1,0.00858962864889328,"Lung Adenocarcinoma","Blood Derived Normal"
"340",0.353626943005181,1,0.00843214321211896,"Lung Adenocarcinoma","Blood Derived Normal"
"341",0.354922279792746,1,0.00837318318222498,"Lung Adenocarcinoma","Blood Derived Normal"
"342",0.356217616580311,1,0.00832550843707545,"Lung Adenocarcinoma","Blood Derived Normal"
"343",0.357512953367876,1,0.00826811620464453,"Lung Adenocarcinoma","Blood Derived Normal"
"344",0.35880829015544,1,0.00818566551449259,"Lung Adenocarcinoma","Blood Derived Normal"
"345",0.360103626943005,1,0.00803796848612656,"Lung Adenocarcinoma","Blood Derived Normal"
"346",0.36139896373057,1,0.00800119940058459,"Lung Adenocarcinoma","Blood Derived Normal"
"347",0.362694300518135,1,0.00798857914266354,"Lung Adenocarcinoma","Blood Derived Normal"
"348",0.363989637305699,1,0.0079516162784511,"Lung Adenocarcinoma","Blood Derived Normal"
"349",0.365284974093264,1,0.00788025829643876,"Lung Adenocarcinoma","Blood Derived Normal"
"350",0.366580310880829,1,0.00777019484845112,"Lung Adenocarcinoma","Blood Derived Normal"
"351",0.367875647668394,1,0.00759139166578137,"Lung Adenocarcinoma","Blood Derived Normal"
"352",0.369170984455959,1,0.00752771775695732,"Lung Adenocarcinoma","Blood Derived Normal"
"353",0.370466321243523,1,0.00746590938018165,"Lung Adenocarcinoma","Blood Derived Normal"
"354",0.371761658031088,1,0.0074558596648866,"Lung Adenocarcinoma","Blood Derived Normal"
"355",0.373056994818653,1,0.00740857786386034,"Lung Adenocarcinoma","Blood Derived Normal"
"356",0.374352331606218,1,0.00736717232238995,"Lung Adenocarcinoma","Blood Derived Normal"
"357",0.375647668393782,1,0.00733119001843775,"Lung Adenocarcinoma","Blood Derived Normal"
"358",0.376943005181347,1,0.00720285249684516,"Lung Adenocarcinoma","Blood Derived Normal"
"359",0.378238341968912,1,0.00718744263890067,"Lung Adenocarcinoma","Blood Derived Normal"
"360",0.379533678756477,1,0.00715116186948658,"Lung Adenocarcinoma","Blood Derived Normal"
"361",0.380829015544041,1,0.00709647177506955,"Lung Adenocarcinoma","Blood Derived Normal"
"362",0.382124352331606,1,0.00693215039814998,"Lung Adenocarcinoma","Blood Derived Normal"
"363",0.383419689119171,1,0.00683978085060598,"Lung Adenocarcinoma","Blood Derived Normal"
"364",0.384715025906736,1,0.00678856456511988,"Lung Adenocarcinoma","Blood Derived Normal"
"365",0.386010362694301,1,0.00674447496521289,"Lung Adenocarcinoma","Blood Derived Normal"
"366",0.387305699481865,1,0.00666560664218894,"Lung Adenocarcinoma","Blood Derived Normal"
"367",0.38860103626943,1,0.0066141135292765,"Lung Adenocarcinoma","Blood Derived Normal"
"368",0.389896373056995,1,0.00658225808760203,"Lung Adenocarcinoma","Blood Derived Normal"
"369",0.39119170984456,1,0.00650290676685225,"Lung Adenocarcinoma","Blood Derived Normal"
"370",0.392487046632124,1,0.00647912988198404,"Lung Adenocarcinoma","Blood Derived Normal"
"371",0.393782383419689,1,0.00644374975989263,"Lung Adenocarcinoma","Blood Derived Normal"
"372",0.395077720207254,1,0.00644236640699384,"Lung Adenocarcinoma","Blood Derived Normal"
"373",0.396373056994819,1,0.00642161237651266,"Lung Adenocarcinoma","Blood Derived Normal"
"374",0.397668393782383,1,0.0063988479567473,"Lung Adenocarcinoma","Blood Derived Normal"
"375",0.398963730569948,1,0.00635031335739359,"Lung Adenocarcinoma","Blood Derived Normal"
"376",0.400259067357513,1,0.00628653002465118,"Lung Adenocarcinoma","Blood Derived Normal"
"377",0.401554404145078,1,0.00627258048013322,"Lung Adenocarcinoma","Blood Derived Normal"
"378",0.402849740932642,1,0.0062612109032314,"Lung Adenocarcinoma","Blood Derived Normal"
"379",0.404145077720207,1,0.00624496013512709,"Lung Adenocarcinoma","Blood Derived Normal"
"380",0.405440414507772,1,0.00603165678030644,"Lung Adenocarcinoma","Blood Derived Normal"
"381",0.406735751295337,1,0.00600938940963273,"Lung Adenocarcinoma","Blood Derived Normal"
"382",0.408031088082902,1,0.00600412329897594,"Lung Adenocarcinoma","Blood Derived Normal"
"383",0.409326424870466,1,0.00599334279800874,"Lung Adenocarcinoma","Blood Derived Normal"
"384",0.410621761658031,1,0.00594639429498095,"Lung Adenocarcinoma","Blood Derived Normal"
"385",0.411917098445596,1,0.00589812329692493,"Lung Adenocarcinoma","Blood Derived Normal"
"386",0.413212435233161,1,0.00588733923892917,"Lung Adenocarcinoma","Blood Derived Normal"
"387",0.414507772020725,1,0.0058667774758834,"Lung Adenocarcinoma","Blood Derived Normal"
"388",0.41580310880829,1,0.00578762422677518,"Lung Adenocarcinoma","Blood Derived Normal"
"389",0.417098445595855,1,0.00572382821566715,"Lung Adenocarcinoma","Blood Derived Normal"
"390",0.41839378238342,1,0.00572074089695357,"Lung Adenocarcinoma","Blood Derived Normal"
"391",0.419689119170984,1,0.00570664510025379,"Lung Adenocarcinoma","Blood Derived Normal"
"392",0.420984455958549,1,0.00560972666725795,"Lung Adenocarcinoma","Blood Derived Normal"
"393",0.422279792746114,1,0.00560250324217808,"Lung Adenocarcinoma","Blood Derived Normal"
"394",0.423575129533679,1,0.00558438721244683,"Lung Adenocarcinoma","Blood Derived Normal"
"395",0.424870466321244,1,0.00551316348363316,"Lung Adenocarcinoma","Blood Derived Normal"
"396",0.426165803108808,1,0.00543020678573124,"Lung Adenocarcinoma","Blood Derived Normal"
"397",0.427461139896373,1,0.00541384996789606,"Lung Adenocarcinoma","Blood Derived Normal"
"398",0.428756476683938,1,0.0052820187114481,"Lung Adenocarcinoma","Blood Derived Normal"
"399",0.430051813471503,1,0.00526230538611115,"Lung Adenocarcinoma","Blood Derived Normal"
"400",0.431347150259067,1,0.00523915416851542,"Lung Adenocarcinoma","Blood Derived Normal"
"401",0.432642487046632,1,0.00519459494482361,"Lung Adenocarcinoma","Blood Derived Normal"
"402",0.433937823834197,1,0.00518084535393636,"Lung Adenocarcinoma","Blood Derived Normal"
"403",0.435233160621762,1,0.0051651687968468,"Lung Adenocarcinoma","Blood Derived Normal"
"404",0.436528497409326,1,0.00515506862512241,"Lung Adenocarcinoma","Blood Derived Normal"
"405",0.437823834196891,1,0.00513006645640467,"Lung Adenocarcinoma","Blood Derived Normal"
"406",0.439119170984456,1,0.00509590631768032,"Lung Adenocarcinoma","Blood Derived Normal"
"407",0.440414507772021,1,0.00499180259561015,"Lung Adenocarcinoma","Blood Derived Normal"
"408",0.441709844559586,1,0.0049693410186533,"Lung Adenocarcinoma","Blood Derived Normal"
"409",0.44300518134715,1,0.00495110679545641,"Lung Adenocarcinoma","Blood Derived Normal"
"410",0.444300518134715,1,0.00490174032128697,"Lung Adenocarcinoma","Blood Derived Normal"
"411",0.44559585492228,1,0.00487679372639069,"Lung Adenocarcinoma","Blood Derived Normal"
"412",0.446891191709845,1,0.00484466874547855,"Lung Adenocarcinoma","Blood Derived Normal"
"413",0.448186528497409,1,0.00482087227898197,"Lung Adenocarcinoma","Blood Derived Normal"
"414",0.449481865284974,1,0.00478662158506402,"Lung Adenocarcinoma","Blood Derived Normal"
"415",0.450777202072539,1,0.00477730977386887,"Lung Adenocarcinoma","Blood Derived Normal"
"416",0.452072538860104,1,0.00476288954027953,"Lung Adenocarcinoma","Blood Derived Normal"
"417",0.453367875647668,1,0.00474671069622768,"Lung Adenocarcinoma","Blood Derived Normal"
"418",0.454663212435233,1,0.00472196117853493,"Lung Adenocarcinoma","Blood Derived Normal"
"419",0.455958549222798,1,0.00468507375378751,"Lung Adenocarcinoma","Blood Derived Normal"
"420",0.457253886010363,1,0.00457893019979056,"Lung Adenocarcinoma","Blood Derived Normal"
"421",0.458549222797927,1,0.0045770563958993,"Lung Adenocarcinoma","Blood Derived Normal"
"422",0.459844559585492,1,0.00453011302608349,"Lung Adenocarcinoma","Blood Derived Normal"
"423",0.461139896373057,1,0.00450247627271111,"Lung Adenocarcinoma","Blood Derived Normal"
"424",0.462435233160622,1,0.00449505490970522,"Lung Adenocarcinoma","Blood Derived Normal"
"425",0.463730569948187,1,0.00434667618602765,"Lung Adenocarcinoma","Blood Derived Normal"
"426",0.465025906735751,1,0.0043447024323713,"Lung Adenocarcinoma","Blood Derived Normal"
"427",0.466321243523316,1,0.00434230407146001,"Lung Adenocarcinoma","Blood Derived Normal"
"428",0.467616580310881,1,0.00431472348856359,"Lung Adenocarcinoma","Blood Derived Normal"
"429",0.468911917098446,1,0.00431469781059168,"Lung Adenocarcinoma","Blood Derived Normal"
"430",0.47020725388601,1,0.00431200350680763,"Lung Adenocarcinoma","Blood Derived Normal"
"431",0.471502590673575,1,0.00427355643677471,"Lung Adenocarcinoma","Blood Derived Normal"
"432",0.47279792746114,1,0.00426622338311958,"Lung Adenocarcinoma","Blood Derived Normal"
"433",0.474093264248705,1,0.00423702626059798,"Lung Adenocarcinoma","Blood Derived Normal"
"434",0.475388601036269,1,0.00423525164254505,"Lung Adenocarcinoma","Blood Derived Normal"
"435",0.476683937823834,1,0.00416898288470137,"Lung Adenocarcinoma","Blood Derived Normal"
"436",0.477979274611399,1,0.00414906669594948,"Lung Adenocarcinoma","Blood Derived Normal"
"437",0.479274611398964,1,0.0041416938553208,"Lung Adenocarcinoma","Blood Derived Normal"
"438",0.480569948186528,1,0.0041153283823488,"Lung Adenocarcinoma","Blood Derived Normal"
"439",0.481865284974093,1,0.00411225197374821,"Lung Adenocarcinoma","Blood Derived Normal"
"440",0.483160621761658,1,0.0040971588100121,"Lung Adenocarcinoma","Blood Derived Normal"
"441",0.484455958549223,1,0.00408998546053368,"Lung Adenocarcinoma","Blood Derived Normal"
"442",0.485751295336788,1,0.00407956047215647,"Lung Adenocarcinoma","Blood Derived Normal"
"443",0.487046632124352,1,0.00399011464815557,"Lung Adenocarcinoma","Blood Derived Normal"
"444",0.488341968911917,1,0.00398842743861947,"Lung Adenocarcinoma","Blood Derived Normal"
"445",0.489637305699482,1,0.0039486647008406,"Lung Adenocarcinoma","Blood Derived Normal"
"446",0.490932642487047,1,0.00394436748583441,"Lung Adenocarcinoma","Blood Derived Normal"
"447",0.492227979274611,1,0.00394399951584962,"Lung Adenocarcinoma","Blood Derived Normal"
"448",0.493523316062176,1,0.00393636029139258,"Lung Adenocarcinoma","Blood Derived Normal"
"449",0.494818652849741,1,0.0039330075302149,"Lung Adenocarcinoma","Blood Derived Normal"
"450",0.496113989637306,1,0.00390472722390467,"Lung Adenocarcinoma","Blood Derived Normal"
"451",0.49740932642487,1,0.00389023559072538,"Lung Adenocarcinoma","Blood Derived Normal"
"452",0.498704663212435,1,0.00387701573558819,"Lung Adenocarcinoma","Blood Derived Normal"
"453",0.5,1,0.00387190684960973,"Lung Adenocarcinoma","Blood Derived Normal"
"454",0.501295336787565,1,0.0038707847993959,"Lung Adenocarcinoma","Blood Derived Normal"
"455",0.50259067357513,1,0.00385722043406059,"Lung Adenocarcinoma","Blood Derived Normal"
"456",0.503886010362694,1,0.0038187632518832,"Lung Adenocarcinoma","Blood Derived Normal"
"457",0.505181347150259,1,0.00379275366143834,"Lung Adenocarcinoma","Blood Derived Normal"
"458",0.506476683937824,1,0.00377429496746868,"Lung Adenocarcinoma","Blood Derived Normal"
"459",0.507772020725389,1,0.00376775124487626,"Lung Adenocarcinoma","Blood Derived Normal"
"460",0.509067357512953,1,0.00375355917665249,"Lung Adenocarcinoma","Blood Derived Normal"
"461",0.510362694300518,1,0.00373140171738957,"Lung Adenocarcinoma","Blood Derived Normal"
"462",0.511658031088083,1,0.00372987178220806,"Lung Adenocarcinoma","Blood Derived Normal"
"463",0.512953367875648,1,0.00369572745392925,"Lung Adenocarcinoma","Blood Derived Normal"
"464",0.514248704663212,1,0.00368983615365615,"Lung Adenocarcinoma","Blood Derived Normal"
"465",0.515544041450777,1,0.00360773226625087,"Lung Adenocarcinoma","Blood Derived Normal"
"466",0.516839378238342,1,0.00358398770119188,"Lung Adenocarcinoma","Blood Derived Normal"
"467",0.518134715025907,1,0.00357206338761994,"Lung Adenocarcinoma","Blood Derived Normal"
"468",0.519430051813471,1,0.00356171683243258,"Lung Adenocarcinoma","Blood Derived Normal"
"469",0.520725388601036,1,0.00356071129286624,"Lung Adenocarcinoma","Blood Derived Normal"
"470",0.522020725388601,1,0.00355833477073148,"Lung Adenocarcinoma","Blood Derived Normal"
"471",0.523316062176166,1,0.00354626643385206,"Lung Adenocarcinoma","Blood Derived Normal"
"472",0.524611398963731,1,0.00353579181689411,"Lung Adenocarcinoma","Blood Derived Normal"
"473",0.525906735751295,1,0.00353026214092053,"Lung Adenocarcinoma","Blood Derived Normal"
"474",0.52720207253886,1,0.00352783458238209,"Lung Adenocarcinoma","Blood Derived Normal"
"475",0.528497409326425,1,0.00347996570363659,"Lung Adenocarcinoma","Blood Derived Normal"
"476",0.52979274611399,1,0.00347416498373135,"Lung Adenocarcinoma","Blood Derived Normal"
"477",0.531088082901554,1,0.00344581019088454,"Lung Adenocarcinoma","Blood Derived Normal"
"478",0.532383419689119,1,0.00344126419839775,"Lung Adenocarcinoma","Blood Derived Normal"
"479",0.533678756476684,1,0.00343930864956928,"Lung Adenocarcinoma","Blood Derived Normal"
"480",0.534974093264249,1,0.0034243371144316,"Lung Adenocarcinoma","Blood Derived Normal"
"481",0.536269430051813,1,0.00341469540904188,"Lung Adenocarcinoma","Blood Derived Normal"
"482",0.537564766839378,1,0.00336132381372451,"Lung Adenocarcinoma","Blood Derived Normal"
"483",0.538860103626943,1,0.00334630147671286,"Lung Adenocarcinoma","Blood Derived Normal"
"484",0.540155440414508,1,0.00330918373966056,"Lung Adenocarcinoma","Blood Derived Normal"
"485",0.541450777202073,1,0.00330122639001123,"Lung Adenocarcinoma","Blood Derived Normal"
"486",0.542746113989637,1,0.00327457187961521,"Lung Adenocarcinoma","Blood Derived Normal"
"487",0.544041450777202,1,0.00323980928562428,"Lung Adenocarcinoma","Blood Derived Normal"
"488",0.545336787564767,1,0.00323618949550904,"Lung Adenocarcinoma","Blood Derived Normal"
"489",0.546632124352332,1,0.00322112827635414,"Lung Adenocarcinoma","Blood Derived Normal"
"490",0.547927461139896,1,0.00321896508994343,"Lung Adenocarcinoma","Blood Derived Normal"
"491",0.549222797927461,1,0.00320744221059131,"Lung Adenocarcinoma","Blood Derived Normal"
"492",0.550518134715026,1,0.00320545896568198,"Lung Adenocarcinoma","Blood Derived Normal"
"493",0.551813471502591,1,0.00319698885699415,"Lung Adenocarcinoma","Blood Derived Normal"
"494",0.553108808290155,1,0.00319638778296995,"Lung Adenocarcinoma","Blood Derived Normal"
"495",0.55440414507772,1,0.00313697407178526,"Lung Adenocarcinoma","Blood Derived Normal"
"496",0.555699481865285,1,0.00310652020010052,"Lung Adenocarcinoma","Blood Derived Normal"
"497",0.55699481865285,1,0.00309374206380131,"Lung Adenocarcinoma","Blood Derived Normal"
"498",0.558290155440414,1,0.00304803003924905,"Lung Adenocarcinoma","Blood Derived Normal"
"499",0.559585492227979,1,0.00303993602995693,"Lung Adenocarcinoma","Blood Derived Normal"
"500",0.560880829015544,1,0.00303221932134622,"Lung Adenocarcinoma","Blood Derived Normal"
"501",0.562176165803109,1,0.00303154601237082,"Lung Adenocarcinoma","Blood Derived Normal"
"502",0.563471502590674,1,0.00302240411866521,"Lung Adenocarcinoma","Blood Derived Normal"
"503",0.564766839378238,1,0.00301715188953306,"Lung Adenocarcinoma","Blood Derived Normal"
"504",0.566062176165803,1,0.00300911169790004,"Lung Adenocarcinoma","Blood Derived Normal"
"505",0.567357512953368,1,0.00299720311537862,"Lung Adenocarcinoma","Blood Derived Normal"
"506",0.568652849740933,1,0.00299581549524086,"Lung Adenocarcinoma","Blood Derived Normal"
"507",0.569948186528497,1,0.00299409691411287,"Lung Adenocarcinoma","Blood Derived Normal"
"508",0.571243523316062,1,0.00298862960391443,"Lung Adenocarcinoma","Blood Derived Normal"
"509",0.572538860103627,1,0.00297836079492197,"Lung Adenocarcinoma","Blood Derived Normal"
"510",0.573834196891192,1,0.00295983267164274,"Lung Adenocarcinoma","Blood Derived Normal"
"511",0.575129533678757,1,0.0029482663074009,"Lung Adenocarcinoma","Blood Derived Normal"
"512",0.576424870466321,1,0.00293003674075229,"Lung Adenocarcinoma","Blood Derived Normal"
"513",0.577720207253886,1,0.00292863346213098,"Lung Adenocarcinoma","Blood Derived Normal"
"514",0.579015544041451,1,0.00291772265286383,"Lung Adenocarcinoma","Blood Derived Normal"
"515",0.580310880829015,1,0.00291707925378676,"Lung Adenocarcinoma","Blood Derived Normal"
"516",0.58160621761658,1,0.00291623771592171,"Lung Adenocarcinoma","Blood Derived Normal"
"517",0.582901554404145,1,0.00291111283840434,"Lung Adenocarcinoma","Blood Derived Normal"
"518",0.58419689119171,1,0.00290974722289797,"Lung Adenocarcinoma","Blood Derived Normal"
"519",0.585492227979275,1,0.00287670159539122,"Lung Adenocarcinoma","Blood Derived Normal"
"520",0.586787564766839,1,0.002874538708095,"Lung Adenocarcinoma","Blood Derived Normal"
"521",0.588082901554404,1,0.00286445857752739,"Lung Adenocarcinoma","Blood Derived Normal"
"522",0.589378238341969,1,0.00285791725978211,"Lung Adenocarcinoma","Blood Derived Normal"
"523",0.590673575129534,1,0.00285432115470437,"Lung Adenocarcinoma","Blood Derived Normal"
"524",0.591968911917098,1,0.00283817778077695,"Lung Adenocarcinoma","Blood Derived Normal"
"525",0.593264248704663,1,0.00281296872133854,"Lung Adenocarcinoma","Blood Derived Normal"
"526",0.594559585492228,1,0.00278767237687876,"Lung Adenocarcinoma","Blood Derived Normal"
"527",0.595854922279793,1,0.00277866974456538,"Lung Adenocarcinoma","Blood Derived Normal"
"528",0.597150259067358,1,0.00277347406731407,"Lung Adenocarcinoma","Blood Derived Normal"
"529",0.598445595854922,1,0.00273004665077588,"Lung Adenocarcinoma","Blood Derived Normal"
"530",0.599740932642487,1,0.00270212237642677,"Lung Adenocarcinoma","Blood Derived Normal"
"531",0.601036269430052,1,0.00266612313959786,"Lung Adenocarcinoma","Blood Derived Normal"
"532",0.602331606217617,1,0.00265969032780499,"Lung Adenocarcinoma","Blood Derived Normal"
"533",0.603626943005181,1,0.00263815164698264,"Lung Adenocarcinoma","Blood Derived Normal"
"534",0.604922279792746,1,0.00263548927740314,"Lung Adenocarcinoma","Blood Derived Normal"
"535",0.606217616580311,1,0.00262444682269489,"Lung Adenocarcinoma","Blood Derived Normal"
"536",0.607512953367876,1,0.00261829493481524,"Lung Adenocarcinoma","Blood Derived Normal"
"537",0.60880829015544,1,0.0026071310695137,"Lung Adenocarcinoma","Blood Derived Normal"
"538",0.610103626943005,1,0.00260185080673125,"Lung Adenocarcinoma","Blood Derived Normal"
"539",0.61139896373057,1,0.00260140939319558,"Lung Adenocarcinoma","Blood Derived Normal"
"540",0.612694300518135,1,0.0025772022165989,"Lung Adenocarcinoma","Blood Derived Normal"
"541",0.613989637305699,1,0.00257087590879689,"Lung Adenocarcinoma","Blood Derived Normal"
"542",0.615284974093264,1,0.00255324669471209,"Lung Adenocarcinoma","Blood Derived Normal"
"543",0.616580310880829,1,0.00251251289375244,"Lung Adenocarcinoma","Blood Derived Normal"
"544",0.617875647668394,1,0.00250122359358212,"Lung Adenocarcinoma","Blood Derived Normal"
"545",0.619170984455959,1,0.00247768787731155,"Lung Adenocarcinoma","Blood Derived Normal"
"546",0.620466321243523,1,0.00246914116046828,"Lung Adenocarcinoma","Blood Derived Normal"
"547",0.621761658031088,1,0.00246201135237623,"Lung Adenocarcinoma","Blood Derived Normal"
"548",0.623056994818653,1,0.00245630419850091,"Lung Adenocarcinoma","Blood Derived Normal"
"549",0.624352331606218,1,0.00245204697374992,"Lung Adenocarcinoma","Blood Derived Normal"
"550",0.625647668393782,1,0.00243280590982301,"Lung Adenocarcinoma","Blood Derived Normal"
"551",0.626943005181347,1,0.00242136071527979,"Lung Adenocarcinoma","Blood Derived Normal"
"552",0.628238341968912,1,0.00238451394753926,"Lung Adenocarcinoma","Blood Derived Normal"
"553",0.629533678756477,1,0.00237660129398137,"Lung Adenocarcinoma","Blood Derived Normal"
"554",0.630829015544041,1,0.00235311051096694,"Lung Adenocarcinoma","Blood Derived Normal"
"555",0.632124352331606,1,0.00233006820025626,"Lung Adenocarcinoma","Blood Derived Normal"
"556",0.633419689119171,1,0.00223506142259534,"Lung Adenocarcinoma","Blood Derived Normal"
"557",0.634715025906736,1,0.00223394858226277,"Lung Adenocarcinoma","Blood Derived Normal"
"558",0.636010362694301,1,0.00223258667604682,"Lung Adenocarcinoma","Blood Derived Normal"
"559",0.637305699481865,1,0.002231433860472,"Lung Adenocarcinoma","Blood Derived Normal"
"560",0.63860103626943,1,0.00222812542575023,"Lung Adenocarcinoma","Blood Derived Normal"
"561",0.639896373056995,1,0.00222240627709976,"Lung Adenocarcinoma","Blood Derived Normal"
"562",0.64119170984456,1,0.00222027711919369,"Lung Adenocarcinoma","Blood Derived Normal"
"563",0.642487046632124,1,0.00221471403638502,"Lung Adenocarcinoma","Blood Derived Normal"
"564",0.643782383419689,1,0.00219231583316026,"Lung Adenocarcinoma","Blood Derived Normal"
"565",0.645077720207254,1,0.00218681961101234,"Lung Adenocarcinoma","Blood Derived Normal"
"566",0.646373056994819,1,0.00218024837571879,"Lung Adenocarcinoma","Blood Derived Normal"
"567",0.647668393782383,1,0.00217998388141091,"Lung Adenocarcinoma","Blood Derived Normal"
"568",0.648963730569948,1,0.00216878805267266,"Lung Adenocarcinoma","Blood Derived Normal"
"569",0.650259067357513,1,0.00213491821946001,"Lung Adenocarcinoma","Blood Derived Normal"
"570",0.651554404145078,1,0.00212313225953961,"Lung Adenocarcinoma","Blood Derived Normal"
"571",0.652849740932642,1,0.00212194164101991,"Lung Adenocarcinoma","Blood Derived Normal"
"572",0.654145077720207,1,0.00211264727864205,"Lung Adenocarcinoma","Blood Derived Normal"
"573",0.655440414507772,1,0.00210295054064205,"Lung Adenocarcinoma","Blood Derived Normal"
"574",0.656735751295337,1,0.0020931136836588,"Lung Adenocarcinoma","Blood Derived Normal"
"575",0.658031088082902,1,0.00208813513976755,"Lung Adenocarcinoma","Blood Derived Normal"
"576",0.659326424870466,1,0.00208395083104182,"Lung Adenocarcinoma","Blood Derived Normal"
"577",0.660621761658031,1,0.00206377724931878,"Lung Adenocarcinoma","Blood Derived Normal"
"578",0.661917098445596,1,0.00206138284383341,"Lung Adenocarcinoma","Blood Derived Normal"
"579",0.663212435233161,1,0.00204254273118865,"Lung Adenocarcinoma","Blood Derived Normal"
"580",0.664507772020725,1,0.00201323451033414,"Lung Adenocarcinoma","Blood Derived Normal"
"581",0.66580310880829,1,0.00201093063180679,"Lung Adenocarcinoma","Blood Derived Normal"
"582",0.667098445595855,1,0.00199342355253402,"Lung Adenocarcinoma","Blood Derived Normal"
"583",0.66839378238342,1,0.00197757584799889,"Lung Adenocarcinoma","Blood Derived Normal"
"584",0.669689119170985,1,0.0019773709249087,"Lung Adenocarcinoma","Blood Derived Normal"
"585",0.670984455958549,1,0.00196289960729619,"Lung Adenocarcinoma","Blood Derived Normal"
"586",0.672279792746114,1,0.00195736429079953,"Lung Adenocarcinoma","Blood Derived Normal"
"587",0.673575129533679,1,0.00194589871193126,"Lung Adenocarcinoma","Blood Derived Normal"
"588",0.674870466321243,1,0.00193428066859006,"Lung Adenocarcinoma","Blood Derived Normal"
"589",0.676165803108808,1,0.0019082947211325,"Lung Adenocarcinoma","Blood Derived Normal"
"590",0.677461139896373,1,0.00190740526657973,"Lung Adenocarcinoma","Blood Derived Normal"
"591",0.678756476683938,1,0.00189739402942356,"Lung Adenocarcinoma","Blood Derived Normal"
"592",0.680051813471503,1,0.0018946666492234,"Lung Adenocarcinoma","Blood Derived Normal"
"593",0.681347150259067,1,0.00188630738881515,"Lung Adenocarcinoma","Blood Derived Normal"
"594",0.682642487046632,1,0.00187596027007185,"Lung Adenocarcinoma","Blood Derived Normal"
"595",0.683937823834197,1,0.0018710988729916,"Lung Adenocarcinoma","Blood Derived Normal"
"596",0.685233160621762,1,0.00185885553423735,"Lung Adenocarcinoma","Blood Derived Normal"
"597",0.686528497409326,1,0.0018547889525886,"Lung Adenocarcinoma","Blood Derived Normal"
"598",0.687823834196891,1,0.00184095900199739,"Lung Adenocarcinoma","Blood Derived Normal"
"599",0.689119170984456,1,0.00184089182319119,"Lung Adenocarcinoma","Blood Derived Normal"
"600",0.690414507772021,1,0.00183302894424646,"Lung Adenocarcinoma","Blood Derived Normal"
"601",0.691709844559586,1,0.00183192735910381,"Lung Adenocarcinoma","Blood Derived Normal"
"602",0.69300518134715,1,0.00181288330133472,"Lung Adenocarcinoma","Blood Derived Normal"
"603",0.694300518134715,1,0.00180562949018347,"Lung Adenocarcinoma","Blood Derived Normal"
"604",0.69559585492228,1,0.00179912399640003,"Lung Adenocarcinoma","Blood Derived Normal"
"605",0.696891191709845,1,0.00177093578155804,"Lung Adenocarcinoma","Blood Derived Normal"
"606",0.698186528497409,1,0.00177010626109104,"Lung Adenocarcinoma","Blood Derived Normal"
"607",0.699481865284974,1,0.00176765785152288,"Lung Adenocarcinoma","Blood Derived Normal"
"608",0.700777202072539,1,0.00176173852907033,"Lung Adenocarcinoma","Blood Derived Normal"
"609",0.702072538860104,1,0.00174922989198414,"Lung Adenocarcinoma","Blood Derived Normal"
"610",0.703367875647668,1,0.00174711260730346,"Lung Adenocarcinoma","Blood Derived Normal"
"611",0.704663212435233,1,0.00174274920420099,"Lung Adenocarcinoma","Blood Derived Normal"
"612",0.705958549222798,1,0.00173986376973789,"Lung Adenocarcinoma","Blood Derived Normal"
"613",0.707253886010363,1,0.00173744465977708,"Lung Adenocarcinoma","Blood Derived Normal"
"614",0.708549222797927,1,0.00173187864828247,"Lung Adenocarcinoma","Blood Derived Normal"
"615",0.709844559585492,1,0.00172886896481012,"Lung Adenocarcinoma","Blood Derived Normal"
"616",0.711139896373057,1,0.00172282945605337,"Lung Adenocarcinoma","Blood Derived Normal"
"617",0.712435233160622,1,0.00171886675533338,"Lung Adenocarcinoma","Blood Derived Normal"
"618",0.713730569948187,1,0.00170601256461803,"Lung Adenocarcinoma","Blood Derived Normal"
"619",0.715025906735751,1,0.00169802041080027,"Lung Adenocarcinoma","Blood Derived Normal"
"620",0.716321243523316,1,0.00168320058377709,"Lung Adenocarcinoma","Blood Derived Normal"
"621",0.717616580310881,1,0.00168053005985433,"Lung Adenocarcinoma","Blood Derived Normal"
"622",0.718911917098446,1,0.00167514282369396,"Lung Adenocarcinoma","Blood Derived Normal"
"623",0.72020725388601,1,0.00166587689056095,"Lung Adenocarcinoma","Blood Derived Normal"
"624",0.721502590673575,1,0.00166477444576943,"Lung Adenocarcinoma","Blood Derived Normal"
"625",0.72279792746114,1,0.0016633186999061,"Lung Adenocarcinoma","Blood Derived Normal"
"626",0.724093264248705,1,0.00165494960183304,"Lung Adenocarcinoma","Blood Derived Normal"
"627",0.725388601036269,1,0.00164357404765628,"Lung Adenocarcinoma","Blood Derived Normal"
"628",0.726683937823834,1,0.00163655299541038,"Lung Adenocarcinoma","Blood Derived Normal"
"629",0.727979274611399,1,0.00161953024202468,"Lung Adenocarcinoma","Blood Derived Normal"
"630",0.729274611398964,1,0.00158076527497792,"Lung Adenocarcinoma","Blood Derived Normal"
"631",0.730569948186529,1,0.00157666713222353,"Lung Adenocarcinoma","Blood Derived Normal"
"632",0.731865284974093,1,0.0015712837611697,"Lung Adenocarcinoma","Blood Derived Normal"
"633",0.733160621761658,1,0.00153469103259857,"Lung Adenocarcinoma","Blood Derived Normal"
"634",0.734455958549223,1,0.00153120481276296,"Lung Adenocarcinoma","Blood Derived Normal"
"635",0.735751295336788,1,0.00153052725157065,"Lung Adenocarcinoma","Blood Derived Normal"
"636",0.737046632124352,1,0.00152411097268356,"Lung Adenocarcinoma","Blood Derived Normal"
"637",0.738341968911917,1,0.00150721169961441,"Lung Adenocarcinoma","Blood Derived Normal"
"638",0.739637305699482,1,0.00149253169832372,"Lung Adenocarcinoma","Blood Derived Normal"
"639",0.740932642487047,1,0.00148694179569844,"Lung Adenocarcinoma","Blood Derived Normal"
"640",0.742227979274611,1,0.00148334729675048,"Lung Adenocarcinoma","Blood Derived Normal"
"641",0.743523316062176,1,0.00147939066592551,"Lung Adenocarcinoma","Blood Derived Normal"
"642",0.744818652849741,1,0.00144846020689956,"Lung Adenocarcinoma","Blood Derived Normal"
"643",0.746113989637306,1,0.00144244051428915,"Lung Adenocarcinoma","Blood Derived Normal"
"644",0.74740932642487,1,0.00143008321131755,"Lung Adenocarcinoma","Blood Derived Normal"
"645",0.748704663212435,1,0.00142271382472968,"Lung Adenocarcinoma","Blood Derived Normal"
"646",0.75,1,0.00141514577194289,"Lung Adenocarcinoma","Blood Derived Normal"
"647",0.751295336787565,1,0.00140334467035263,"Lung Adenocarcinoma","Blood Derived Normal"
"648",0.75259067357513,1,0.00139963818311738,"Lung Adenocarcinoma","Blood Derived Normal"
"649",0.753886010362694,1,0.00139855952787842,"Lung Adenocarcinoma","Blood Derived Normal"
"650",0.755181347150259,1,0.00139480171928452,"Lung Adenocarcinoma","Blood Derived Normal"
"651",0.756476683937824,1,0.00138861564280578,"Lung Adenocarcinoma","Blood Derived Normal"
"652",0.757772020725389,1,0.00138436244595811,"Lung Adenocarcinoma","Blood Derived Normal"
"653",0.759067357512953,1,0.00138340948606149,"Lung Adenocarcinoma","Blood Derived Normal"
"654",0.760362694300518,1,0.00136998177444778,"Lung Adenocarcinoma","Blood Derived Normal"
"655",0.761658031088083,1,0.00136080696675032,"Lung Adenocarcinoma","Blood Derived Normal"
"656",0.762953367875648,1,0.00135670923244503,"Lung Adenocarcinoma","Blood Derived Normal"
"657",0.764248704663212,1,0.00135548615019212,"Lung Adenocarcinoma","Blood Derived Normal"
"658",0.765544041450777,1,0.00134574268181598,"Lung Adenocarcinoma","Blood Derived Normal"
"659",0.766839378238342,1,0.00133103389848877,"Lung Adenocarcinoma","Blood Derived Normal"
"660",0.768134715025907,1,0.00133029610936422,"Lung Adenocarcinoma","Blood Derived Normal"
"661",0.769430051813471,1,0.00132944169182215,"Lung Adenocarcinoma","Blood Derived Normal"
"662",0.770725388601036,1,0.00132906452209571,"Lung Adenocarcinoma","Blood Derived Normal"
"663",0.772020725388601,1,0.00132392045106747,"Lung Adenocarcinoma","Blood Derived Normal"
"664",0.773316062176166,1,0.00131654733134253,"Lung Adenocarcinoma","Blood Derived Normal"
"665",0.774611398963731,1,0.0013159544101679,"Lung Adenocarcinoma","Blood Derived Normal"
"666",0.775906735751295,1,0.00131059227065446,"Lung Adenocarcinoma","Blood Derived Normal"
"667",0.77720207253886,1,0.00129849612954953,"Lung Adenocarcinoma","Blood Derived Normal"
"668",0.778497409326425,1,0.00127929807269619,"Lung Adenocarcinoma","Blood Derived Normal"
"669",0.77979274611399,1,0.00127344719737801,"Lung Adenocarcinoma","Blood Derived Normal"
"670",0.781088082901554,1,0.00126430137919099,"Lung Adenocarcinoma","Blood Derived Normal"
"671",0.782383419689119,1,0.00125286665038163,"Lung Adenocarcinoma","Blood Derived Normal"
"672",0.783678756476684,1,0.00125164952727714,"Lung Adenocarcinoma","Blood Derived Normal"
"673",0.784974093264249,1,0.00125145033711931,"Lung Adenocarcinoma","Blood Derived Normal"
"674",0.786269430051813,1,0.00124056080437268,"Lung Adenocarcinoma","Blood Derived Normal"
"675",0.787564766839378,1,0.00123831232896351,"Lung Adenocarcinoma","Blood Derived Normal"
"676",0.788860103626943,1,0.00123787201650158,"Lung Adenocarcinoma","Blood Derived Normal"
"677",0.790155440414508,1,0.00122902379794046,"Lung Adenocarcinoma","Blood Derived Normal"
"678",0.791450777202073,1,0.00122764630409562,"Lung Adenocarcinoma","Blood Derived Normal"
"679",0.792746113989637,1,0.00122393855465577,"Lung Adenocarcinoma","Blood Derived Normal"
"680",0.794041450777202,1,0.00122166894732863,"Lung Adenocarcinoma","Blood Derived Normal"
"681",0.795336787564767,1,0.0012201820041136,"Lung Adenocarcinoma","Blood Derived Normal"
"682",0.796632124352332,1,0.0012198662233853,"Lung Adenocarcinoma","Blood Derived Normal"
"683",0.797927461139896,1,0.00121780795715876,"Lung Adenocarcinoma","Blood Derived Normal"
"684",0.799222797927461,1,0.00120748517303119,"Lung Adenocarcinoma","Blood Derived Normal"
"685",0.800518134715026,1,0.00118729693065468,"Lung Adenocarcinoma","Blood Derived Normal"
"686",0.801813471502591,1,0.00117340346504441,"Lung Adenocarcinoma","Blood Derived Normal"
"687",0.803108808290155,1,0.00117073978582177,"Lung Adenocarcinoma","Blood Derived Normal"
"688",0.80440414507772,1,0.00116990182151422,"Lung Adenocarcinoma","Blood Derived Normal"
"689",0.805699481865285,1,0.00115720047725897,"Lung Adenocarcinoma","Blood Derived Normal"
"690",0.80699481865285,1,0.00115314557366145,"Lung Adenocarcinoma","Blood Derived Normal"
"691",0.808290155440414,1,0.001145939629508,"Lung Adenocarcinoma","Blood Derived Normal"
"692",0.809585492227979,1,0.0011448956861015,"Lung Adenocarcinoma","Blood Derived Normal"
"693",0.810880829015544,1,0.00113792786620822,"Lung Adenocarcinoma","Blood Derived Normal"
"694",0.812176165803109,1,0.00113360737908562,"Lung Adenocarcinoma","Blood Derived Normal"
"695",0.813471502590674,1,0.00111967756330748,"Lung Adenocarcinoma","Blood Derived Normal"
"696",0.814766839378238,1,0.00111648503799659,"Lung Adenocarcinoma","Blood Derived Normal"
"697",0.816062176165803,1,0.00111358760202649,"Lung Adenocarcinoma","Blood Derived Normal"
"698",0.817357512953368,1,0.00111296337812111,"Lung Adenocarcinoma","Blood Derived Normal"
"699",0.818652849740933,1,0.00111260301545801,"Lung Adenocarcinoma","Blood Derived Normal"
"700",0.819948186528497,1,0.00110617393787626,"Lung Adenocarcinoma","Blood Derived Normal"
"701",0.821243523316062,1,0.00110090690393712,"Lung Adenocarcinoma","Blood Derived Normal"
"702",0.822538860103627,1,0.00109589848780234,"Lung Adenocarcinoma","Blood Derived Normal"
"703",0.823834196891192,1,0.00108491515673895,"Lung Adenocarcinoma","Blood Derived Normal"
"704",0.825129533678757,1,0.00108453828786821,"Lung Adenocarcinoma","Blood Derived Normal"
"705",0.826424870466321,1,0.00108417642154831,"Lung Adenocarcinoma","Blood Derived Normal"
"706",0.827720207253886,1,0.00108406715169397,"Lung Adenocarcinoma","Blood Derived Normal"
"707",0.829015544041451,1,0.00108372680468101,"Lung Adenocarcinoma","Blood Derived Normal"
"708",0.830310880829015,1,0.00108296249541973,"Lung Adenocarcinoma","Blood Derived Normal"
"709",0.83160621761658,1,0.0010802212494045,"Lung Adenocarcinoma","Blood Derived Normal"
"710",0.832901554404145,1,0.00106758066117559,"Lung Adenocarcinoma","Blood Derived Normal"
"711",0.83419689119171,1,0.00105887874806358,"Lung Adenocarcinoma","Blood Derived Normal"
"712",0.835492227979275,1,0.00105474724258225,"Lung Adenocarcinoma","Blood Derived Normal"
"713",0.836787564766839,1,0.0010515765087949,"Lung Adenocarcinoma","Blood Derived Normal"
"714",0.838082901554404,1,0.0010469402989599,"Lung Adenocarcinoma","Blood Derived Normal"
"715",0.839378238341969,1,0.00104263728510438,"Lung Adenocarcinoma","Blood Derived Normal"
"716",0.840673575129534,1,0.00104198317565743,"Lung Adenocarcinoma","Blood Derived Normal"
"717",0.841968911917098,1,0.00104109604852851,"Lung Adenocarcinoma","Blood Derived Normal"
"718",0.843264248704663,1,0.00104046635181199,"Lung Adenocarcinoma","Blood Derived Normal"
"719",0.844559585492228,1,0.00103588221495276,"Lung Adenocarcinoma","Blood Derived Normal"
"720",0.845854922279793,1,0.00103548813356784,"Lung Adenocarcinoma","Blood Derived Normal"
"721",0.847150259067358,1,0.00103123439689975,"Lung Adenocarcinoma","Blood Derived Normal"
"722",0.848445595854922,1,0.00103048158222047,"Lung Adenocarcinoma","Blood Derived Normal"
"723",0.849740932642487,1,0.00102658227764172,"Lung Adenocarcinoma","Blood Derived Normal"
"724",0.851036269430052,1,0.00101962387182263,"Lung Adenocarcinoma","Blood Derived Normal"
"725",0.852331606217617,1,0.00101899553583457,"Lung Adenocarcinoma","Blood Derived Normal"
"726",0.853626943005181,1,0.00100757635890342,"Lung Adenocarcinoma","Blood Derived Normal"
"727",0.854922279792746,1,0.00100731207233195,"Lung Adenocarcinoma","Blood Derived Normal"
"728",0.856217616580311,1,0.00100631447535001,"Lung Adenocarcinoma","Blood Derived Normal"
"729",0.857512953367876,1,0.00100292578586126,"Lung Adenocarcinoma","Blood Derived Normal"
"730",0.85880829015544,1,0.00100174257145065,"Lung Adenocarcinoma","Blood Derived Normal"
"731",0.860103626943005,1,0.00099769299366073,"Lung Adenocarcinoma","Blood Derived Normal"
"732",0.86139896373057,1,0.000994416670335664,"Lung Adenocarcinoma","Blood Derived Normal"
"733",0.862694300518135,1,0.000994032084549043,"Lung Adenocarcinoma","Blood Derived Normal"
"734",0.863989637305699,1,0.000991402207714431,"Lung Adenocarcinoma","Blood Derived Normal"
"735",0.865284974093264,1,0.00099065010968677,"Lung Adenocarcinoma","Blood Derived Normal"
"736",0.866580310880829,1,0.000984906946151008,"Lung Adenocarcinoma","Blood Derived Normal"
"737",0.867875647668394,1,0.000978854384288102,"Lung Adenocarcinoma","Blood Derived Normal"
"738",0.869170984455959,1,0.000976063371110227,"Lung Adenocarcinoma","Blood Derived Normal"
"739",0.870466321243523,1,0.000961289751079151,"Lung Adenocarcinoma","Blood Derived Normal"
"740",0.871761658031088,1,0.000947885002725951,"Lung Adenocarcinoma","Blood Derived Normal"
"741",0.873056994818653,1,0.000944972055357302,"Lung Adenocarcinoma","Blood Derived Normal"
"742",0.874352331606218,1,0.000928183593333634,"Lung Adenocarcinoma","Blood Derived Normal"
"743",0.875647668393782,1,0.000927878131358343,"Lung Adenocarcinoma","Blood Derived Normal"
"744",0.876943005181347,1,0.000920785498917379,"Lung Adenocarcinoma","Blood Derived Normal"
"745",0.878238341968912,1,0.00091337071641025,"Lung Adenocarcinoma","Blood Derived Normal"
"746",0.879533678756477,1,0.000905540715400533,"Lung Adenocarcinoma","Blood Derived Normal"
"747",0.880829015544041,1,0.000902974386861298,"Lung Adenocarcinoma","Blood Derived Normal"
"748",0.882124352331606,1,0.00089516070190809,"Lung Adenocarcinoma","Blood Derived Normal"
"749",0.883419689119171,1,0.000878530147467632,"Lung Adenocarcinoma","Blood Derived Normal"
"750",0.884715025906736,1,0.000877550424338431,"Lung Adenocarcinoma","Blood Derived Normal"
"751",0.886010362694301,1,0.000875884587444306,"Lung Adenocarcinoma","Blood Derived Normal"
"752",0.887305699481865,1,0.000867024665734255,"Lung Adenocarcinoma","Blood Derived Normal"
"753",0.88860103626943,1,0.000855773961350449,"Lung Adenocarcinoma","Blood Derived Normal"
"754",0.889896373056995,1,0.000846648930674617,"Lung Adenocarcinoma","Blood Derived Normal"
"755",0.89119170984456,1,0.00084625344569004,"Lung Adenocarcinoma","Blood Derived Normal"
"756",0.892487046632124,1,0.000844300706203898,"Lung Adenocarcinoma","Blood Derived Normal"
"757",0.893782383419689,1,0.000844137763919644,"Lung Adenocarcinoma","Blood Derived Normal"
"758",0.895077720207254,1,0.000842462450459684,"Lung Adenocarcinoma","Blood Derived Normal"
"759",0.896373056994819,1,0.000838099772663411,"Lung Adenocarcinoma","Blood Derived Normal"
"760",0.897668393782383,1,0.000822852089266997,"Lung Adenocarcinoma","Blood Derived Normal"
"761",0.898963730569948,1,0.00081321016671968,"Lung Adenocarcinoma","Blood Derived Normal"
"762",0.900259067357513,1,0.000812831695575242,"Lung Adenocarcinoma","Blood Derived Normal"
"763",0.901554404145078,1,0.000811770147000181,"Lung Adenocarcinoma","Blood Derived Normal"
"764",0.902849740932642,1,0.000810456732141478,"Lung Adenocarcinoma","Blood Derived Normal"
"765",0.904145077720207,1,0.000805838152951326,"Lung Adenocarcinoma","Blood Derived Normal"
"766",0.905440414507772,1,0.00078556880610891,"Lung Adenocarcinoma","Blood Derived Normal"
"767",0.906735751295337,1,0.000784941982332623,"Lung Adenocarcinoma","Blood Derived Normal"
"768",0.908031088082902,1,0.000776599251142738,"Lung Adenocarcinoma","Blood Derived Normal"
"769",0.909326424870466,1,0.000773072449013282,"Lung Adenocarcinoma","Blood Derived Normal"
"770",0.910621761658031,1,0.000769988909287605,"Lung Adenocarcinoma","Blood Derived Normal"
"771",0.911917098445596,1,0.000758264422573825,"Lung Adenocarcinoma","Blood Derived Normal"
"772",0.913212435233161,1,0.000756707242211645,"Lung Adenocarcinoma","Blood Derived Normal"
"773",0.914507772020725,1,0.000754827194313861,"Lung Adenocarcinoma","Blood Derived Normal"
"774",0.91580310880829,1,0.000753560587996079,"Lung Adenocarcinoma","Blood Derived Normal"
"775",0.917098445595855,1,0.000749323198019767,"Lung Adenocarcinoma","Blood Derived Normal"
"776",0.91839378238342,1,0.000749311134658492,"Lung Adenocarcinoma","Blood Derived Normal"
"777",0.920984455958549,1,0.000747197095714964,"Lung Adenocarcinoma","Blood Derived Normal"
"778",0.922279792746114,1,0.000743723184501443,"Lung Adenocarcinoma","Blood Derived Normal"
"779",0.923575129533679,1,0.000741626627189368,"Lung Adenocarcinoma","Blood Derived Normal"
"780",0.924870466321243,1,0.000735403766931892,"Lung Adenocarcinoma","Blood Derived Normal"
"781",0.926165803108808,1,0.000723446303183666,"Lung Adenocarcinoma","Blood Derived Normal"
"782",0.927461139896373,1,0.000722957587468402,"Lung Adenocarcinoma","Blood Derived Normal"
"783",0.928756476683938,1,0.000722466348711368,"Lung Adenocarcinoma","Blood Derived Normal"
"784",0.930051813471503,1,0.000709692116925537,"Lung Adenocarcinoma","Blood Derived Normal"
"785",0.931347150259067,1,0.00070950487913187,"Lung Adenocarcinoma","Blood Derived Normal"
"786",0.932642487046632,1,0.000698072376254132,"Lung Adenocarcinoma","Blood Derived Normal"
"787",0.933937823834197,1,0.00069751014399848,"Lung Adenocarcinoma","Blood Derived Normal"
"788",0.935233160621762,1,0.000693257777534151,"Lung Adenocarcinoma","Blood Derived Normal"
"789",0.936528497409326,1,0.000678434660235933,"Lung Adenocarcinoma","Blood Derived Normal"
"790",0.937823834196891,1,0.000675654750433272,"Lung Adenocarcinoma","Blood Derived Normal"
"791",0.939119170984456,1,0.000666452856396164,"Lung Adenocarcinoma","Blood Derived Normal"
"792",0.940414507772021,1,0.000664681995951284,"Lung Adenocarcinoma","Blood Derived Normal"
"793",0.941709844559586,1,0.000663720798744246,"Lung Adenocarcinoma","Blood Derived Normal"
"794",0.94300518134715,1,0.000661929471217837,"Lung Adenocarcinoma","Blood Derived Normal"
"795",0.944300518134715,1,0.000657215842031198,"Lung Adenocarcinoma","Blood Derived Normal"
"796",0.94559585492228,1,0.000615167642087875,"Lung Adenocarcinoma","Blood Derived Normal"
"797",0.946891191709845,1,0.000582286943112868,"Lung Adenocarcinoma","Blood Derived Normal"
"798",0.948186528497409,1,0.000581542178677008,"Lung Adenocarcinoma","Blood Derived Normal"
"799",0.949481865284974,1,0.000580755338600769,"Lung Adenocarcinoma","Blood Derived Normal"
"800",0.950777202072539,1,0.000576362955820645,"Lung Adenocarcinoma","Blood Derived Normal"
"801",0.952072538860104,1,0.000567729952163644,"Lung Adenocarcinoma","Blood Derived Normal"
"802",0.953367875647668,1,0.000549185710215286,"Lung Adenocarcinoma","Blood Derived Normal"
"803",0.954663212435233,1,0.00054905999121249,"Lung Adenocarcinoma","Blood Derived Normal"
"804",0.955958549222798,1,0.000545665925738325,"Lung Adenocarcinoma","Blood Derived Normal"
"805",0.957253886010363,1,0.000535293278551689,"Lung Adenocarcinoma","Blood Derived Normal"
"806",0.958549222797927,1,0.000532529026723244,"Lung Adenocarcinoma","Blood Derived Normal"
"807",0.959844559585492,1,0.000525573016994766,"Lung Adenocarcinoma","Blood Derived Normal"
"808",0.961139896373057,1,0.000525538713377522,"Lung Adenocarcinoma","Blood Derived Normal"
"809",0.962435233160622,1,0.000524786612915767,"Lung Adenocarcinoma","Blood Derived Normal"
"810",0.963730569948187,1,0.000509808962852986,"Lung Adenocarcinoma","Blood Derived Normal"
"811",0.965025906735751,1,0.000497122817703653,"Lung Adenocarcinoma","Blood Derived Normal"
"812",0.966321243523316,1,0.000495819553432988,"Lung Adenocarcinoma","Blood Derived Normal"
"813",0.967616580310881,1,0.000490998354680522,"Lung Adenocarcinoma","Blood Derived Normal"
"814",0.968911917098446,1,0.000478606803491283,"Lung Adenocarcinoma","Blood Derived Normal"
"815",0.97020725388601,1,0.000476793873788686,"Lung Adenocarcinoma","Blood Derived Normal"
"816",0.971502590673575,1,0.000457753233496186,"Lung Adenocarcinoma","Blood Derived Normal"
"817",0.97279792746114,1,0.000457078793732395,"Lung Adenocarcinoma","Blood Derived Normal"
"818",0.974093264248705,1,0.000450470731551594,"Lung Adenocarcinoma","Blood Derived Normal"
"819",0.975388601036269,1,0.000449926245185074,"Lung Adenocarcinoma","Blood Derived Normal"
"820",0.976683937823834,1,0.00044180172212689,"Lung Adenocarcinoma","Blood Derived Normal"
"821",0.977979274611399,1,0.000441090699126362,"Lung Adenocarcinoma","Blood Derived Normal"
"822",0.979274611398964,1,0.000439854215489132,"Lung Adenocarcinoma","Blood Derived Normal"
"823",0.980569948186529,1,0.00042721869558902,"Lung Adenocarcinoma","Blood Derived Normal"
"824",0.981865284974093,1,0.0004152291121297,"Lung Adenocarcinoma","Blood Derived Normal"
"825",0.983160621761658,1,0.000409398919559851,"Lung Adenocarcinoma","Blood Derived Normal"
"826",0.984455958549223,1,0.000397754105843046,"Lung Adenocarcinoma","Blood Derived Normal"
"827",0.985751295336788,1,0.000357732916166958,"Lung Adenocarcinoma","Blood Derived Normal"
"828",0.987046632124352,1,0.000339835997698145,"Lung Adenocarcinoma","Blood Derived Normal"
"829",0.988341968911917,1,0.000309879830141719,"Lung Adenocarcinoma","Blood Derived Normal"
"830",0.989637305699482,1,0.000303724629304898,"Lung Adenocarcinoma","Blood Derived Normal"
"831",0.990932642487047,1,0.000273382390440547,"Lung Adenocarcinoma","Blood Derived Normal"
"832",0.992227979274611,1,0.00024713944631004,"Lung Adenocarcinoma","Blood Derived Normal"
"833",0.993523316062176,1,0.000232319078201947,"Lung Adenocarcinoma","Blood Derived Normal"
"834",0.994818652849741,1,0.00022359832739127,"Lung Adenocarcinoma","Blood Derived Normal"
"835",0.996113989637306,1,0.00014548191983756,"Lung Adenocarcinoma","Blood Derived Normal"
"836",0.99740932642487,1,0.000126889515068348,"Lung Adenocarcinoma","Blood Derived Normal"
"837",0.998704663212435,1,7.25586780650071e-05,"Lung Adenocarcinoma","Blood Derived Normal"
"838",1,1,7.25586780650071e-05,"Lung Adenocarcinoma","Blood Derived Normal"
