"1",0,0,0.99959587618244,"Esophageal Carcinoma","Primary Tumor"
"2",0,0.00543478260869565,0.999575619477028,"Esophageal Carcinoma","Primary Tumor"
"3",0,0.0108695652173913,0.999542288240575,"Esophageal Carcinoma","Primary Tumor"
"4",0,0.016304347826087,0.999538128925651,"Esophageal Carcinoma","Primary Tumor"
"5",0,0.0217391304347826,0.999430680849015,"Esophageal Carcinoma","Primary Tumor"
"6",0,0.0271739130434783,0.999329652966518,"Esophageal Carcinoma","Primary Tumor"
"7",0,0.0326086956521739,0.999329563897965,"Esophageal Carcinoma","Primary Tumor"
"8",0,0.0380434782608696,0.999231255166264,"Esophageal Carcinoma","Primary Tumor"
"9",0,0.0434782608695652,0.999183149108474,"Esophageal Carcinoma","Primary Tumor"
"10",0,0.0489130434782609,0.999070486661727,"Esophageal Carcinoma","Primary Tumor"
"11",0,0.0543478260869565,0.99890684419073,"Esophageal Carcinoma","Primary Tumor"
"12",0,0.0597826086956522,0.998892277549988,"Esophageal Carcinoma","Primary Tumor"
"13",0,0.0652173913043478,0.998837658831891,"Esophageal Carcinoma","Primary Tumor"
"14",0,0.0706521739130435,0.99879146836386,"Esophageal Carcinoma","Primary Tumor"
"15",0,0.0760869565217391,0.998771695616871,"Esophageal Carcinoma","Primary Tumor"
"16",0,0.0815217391304348,0.998770081973422,"Esophageal Carcinoma","Primary Tumor"
"17",0,0.0869565217391304,0.998760636244036,"Esophageal Carcinoma","Primary Tumor"
"18",0,0.0923913043478261,0.998667396903183,"Esophageal Carcinoma","Primary Tumor"
"19",0,0.0978260869565217,0.998587913479549,"Esophageal Carcinoma","Primary Tumor"
"20",0,0.103260869565217,0.998574126625975,"Esophageal Carcinoma","Primary Tumor"
"21",0,0.108695652173913,0.998551697732096,"Esophageal Carcinoma","Primary Tumor"
"22",0,0.114130434782609,0.998540462785564,"Esophageal Carcinoma","Primary Tumor"
"23",0,0.119565217391304,0.99834382125248,"Esophageal Carcinoma","Primary Tumor"
"24",0,0.125,0.998280922826864,"Esophageal Carcinoma","Primary Tumor"
"25",0,0.130434782608696,0.998227114337817,"Esophageal Carcinoma","Primary Tumor"
"26",0,0.135869565217391,0.998134761717627,"Esophageal Carcinoma","Primary Tumor"
"27",0,0.141304347826087,0.998131293749388,"Esophageal Carcinoma","Primary Tumor"
"28",0,0.146739130434783,0.998069149550117,"Esophageal Carcinoma","Primary Tumor"
"29",0,0.152173913043478,0.998012608365199,"Esophageal Carcinoma","Primary Tumor"
"30",0,0.157608695652174,0.997972683517702,"Esophageal Carcinoma","Primary Tumor"
"31",0,0.16304347826087,0.997957741937952,"Esophageal Carcinoma","Primary Tumor"
"32",0,0.168478260869565,0.99771510960733,"Esophageal Carcinoma","Primary Tumor"
"33",0,0.173913043478261,0.997676284621628,"Esophageal Carcinoma","Primary Tumor"
"34",0,0.179347826086957,0.997641174557097,"Esophageal Carcinoma","Primary Tumor"
"35",0,0.184782608695652,0.997632624319373,"Esophageal Carcinoma","Primary Tumor"
"36",0,0.190217391304348,0.997612832311628,"Esophageal Carcinoma","Primary Tumor"
"37",0,0.195652173913043,0.997328835257896,"Esophageal Carcinoma","Primary Tumor"
"38",0,0.201086956521739,0.997324181886391,"Esophageal Carcinoma","Primary Tumor"
"39",0,0.206521739130435,0.997302107281413,"Esophageal Carcinoma","Primary Tumor"
"40",0,0.21195652173913,0.99710322821924,"Esophageal Carcinoma","Primary Tumor"
"41",0,0.217391304347826,0.99705339821418,"Esophageal Carcinoma","Primary Tumor"
"42",0,0.222826086956522,0.996993129173313,"Esophageal Carcinoma","Primary Tumor"
"43",0,0.228260869565217,0.996880356031539,"Esophageal Carcinoma","Primary Tumor"
"44",0,0.233695652173913,0.996804171124822,"Esophageal Carcinoma","Primary Tumor"
"45",0,0.239130434782609,0.996720181952978,"Esophageal Carcinoma","Primary Tumor"
"46",0,0.244565217391304,0.996718274896982,"Esophageal Carcinoma","Primary Tumor"
"47",0,0.25,0.99666548240606,"Esophageal Carcinoma","Primary Tumor"
"48",0,0.255434782608696,0.996523246634421,"Esophageal Carcinoma","Primary Tumor"
"49",0,0.260869565217391,0.996503858586872,"Esophageal Carcinoma","Primary Tumor"
"50",0,0.266304347826087,0.996416825958878,"Esophageal Carcinoma","Primary Tumor"
"51",0,0.271739130434783,0.996323828777955,"Esophageal Carcinoma","Primary Tumor"
"52",0,0.277173913043478,0.996306055810896,"Esophageal Carcinoma","Primary Tumor"
"53",0,0.282608695652174,0.99621299137672,"Esophageal Carcinoma","Primary Tumor"
"54",0,0.28804347826087,0.996205701209984,"Esophageal Carcinoma","Primary Tumor"
"55",0,0.293478260869565,0.996178752241753,"Esophageal Carcinoma","Primary Tumor"
"56",0,0.298913043478261,0.996161626027872,"Esophageal Carcinoma","Primary Tumor"
"57",0,0.304347826086957,0.996159588238493,"Esophageal Carcinoma","Primary Tumor"
"58",0,0.309782608695652,0.995622539026054,"Esophageal Carcinoma","Primary Tumor"
"59",0,0.315217391304348,0.995612906041488,"Esophageal Carcinoma","Primary Tumor"
"60",0,0.320652173913043,0.995430875530239,"Esophageal Carcinoma","Primary Tumor"
"61",0,0.326086956521739,0.995280723690423,"Esophageal Carcinoma","Primary Tumor"
"62",0,0.331521739130435,0.995209419846945,"Esophageal Carcinoma","Primary Tumor"
"63",0,0.33695652173913,0.995175590887918,"Esophageal Carcinoma","Primary Tumor"
"64",0,0.342391304347826,0.995164820369772,"Esophageal Carcinoma","Primary Tumor"
"65",0,0.347826086956522,0.995142616646392,"Esophageal Carcinoma","Primary Tumor"
"66",0,0.353260869565217,0.994948003561597,"Esophageal Carcinoma","Primary Tumor"
"67",0,0.358695652173913,0.994902206415278,"Esophageal Carcinoma","Primary Tumor"
"68",0,0.364130434782609,0.994805374133123,"Esophageal Carcinoma","Primary Tumor"
"69",0,0.369565217391304,0.994778926657902,"Esophageal Carcinoma","Primary Tumor"
"70",0,0.375,0.994479836627609,"Esophageal Carcinoma","Primary Tumor"
"71",0,0.380434782608696,0.994343120218857,"Esophageal Carcinoma","Primary Tumor"
"72",0,0.385869565217391,0.994305878013074,"Esophageal Carcinoma","Primary Tumor"
"73",0,0.391304347826087,0.994108285467654,"Esophageal Carcinoma","Primary Tumor"
"74",0,0.396739130434783,0.993970626637114,"Esophageal Carcinoma","Primary Tumor"
"75",0,0.402173913043478,0.993710625754571,"Esophageal Carcinoma","Primary Tumor"
"76",0,0.407608695652174,0.993475366299527,"Esophageal Carcinoma","Primary Tumor"
"77",0,0.41304347826087,0.99344381772623,"Esophageal Carcinoma","Primary Tumor"
"78",0,0.418478260869565,0.993377400367879,"Esophageal Carcinoma","Primary Tumor"
"79",0,0.423913043478261,0.993297264039065,"Esophageal Carcinoma","Primary Tumor"
"80",0,0.429347826086957,0.99329470198776,"Esophageal Carcinoma","Primary Tumor"
"81",0,0.434782608695652,0.993242944292379,"Esophageal Carcinoma","Primary Tumor"
"82",0,0.440217391304348,0.99321338880301,"Esophageal Carcinoma","Primary Tumor"
"83",0,0.445652173913043,0.992844405488708,"Esophageal Carcinoma","Primary Tumor"
"84",0,0.451086956521739,0.992834628863982,"Esophageal Carcinoma","Primary Tumor"
"85",0,0.456521739130435,0.992035722076471,"Esophageal Carcinoma","Primary Tumor"
"86",0,0.46195652173913,0.991756222656416,"Esophageal Carcinoma","Primary Tumor"
"87",0,0.467391304347826,0.991571398320307,"Esophageal Carcinoma","Primary Tumor"
"88",0,0.472826086956522,0.991528002264671,"Esophageal Carcinoma","Primary Tumor"
"89",0,0.478260869565217,0.991452506622308,"Esophageal Carcinoma","Primary Tumor"
"90",0,0.483695652173913,0.991235768639904,"Esophageal Carcinoma","Primary Tumor"
"91",0,0.489130434782609,0.991018009260354,"Esophageal Carcinoma","Primary Tumor"
"92",0,0.494565217391304,0.990584017095458,"Esophageal Carcinoma","Primary Tumor"
"93",0,0.5,0.990111166199146,"Esophageal Carcinoma","Primary Tumor"
"94",0,0.505434782608696,0.990002763948605,"Esophageal Carcinoma","Primary Tumor"
"95",0,0.510869565217391,0.989969998742113,"Esophageal Carcinoma","Primary Tumor"
"96",0,0.516304347826087,0.989809437699271,"Esophageal Carcinoma","Primary Tumor"
"97",0,0.521739130434783,0.989457362072415,"Esophageal Carcinoma","Primary Tumor"
"98",0,0.527173913043478,0.989434962788151,"Esophageal Carcinoma","Primary Tumor"
"99",0,0.532608695652174,0.989067107390094,"Esophageal Carcinoma","Primary Tumor"
"100",0,0.53804347826087,0.988767656544114,"Esophageal Carcinoma","Primary Tumor"
"101",0,0.543478260869565,0.988688435096908,"Esophageal Carcinoma","Primary Tumor"
"102",0,0.548913043478261,0.988354838784333,"Esophageal Carcinoma","Primary Tumor"
"103",0,0.554347826086957,0.98825888765281,"Esophageal Carcinoma","Primary Tumor"
"104",0,0.559782608695652,0.987939345807073,"Esophageal Carcinoma","Primary Tumor"
"105",0,0.565217391304348,0.987668357626021,"Esophageal Carcinoma","Primary Tumor"
"106",0,0.570652173913043,0.987577198634614,"Esophageal Carcinoma","Primary Tumor"
"107",0,0.576086956521739,0.985807415016828,"Esophageal Carcinoma","Primary Tumor"
"108",0,0.581521739130435,0.985765200343289,"Esophageal Carcinoma","Primary Tumor"
"109",0,0.58695652173913,0.985750213639407,"Esophageal Carcinoma","Primary Tumor"
"110",0,0.592391304347826,0.985221851376875,"Esophageal Carcinoma","Primary Tumor"
"111",0,0.597826086956522,0.983287749805892,"Esophageal Carcinoma","Primary Tumor"
"112",0,0.603260869565217,0.982740610364149,"Esophageal Carcinoma","Primary Tumor"
"113",0,0.608695652173913,0.982255520383287,"Esophageal Carcinoma","Primary Tumor"
"114",0,0.614130434782609,0.981988236404092,"Esophageal Carcinoma","Primary Tumor"
"115",0,0.619565217391304,0.981443261646184,"Esophageal Carcinoma","Primary Tumor"
"116",0,0.625,0.981429418234537,"Esophageal Carcinoma","Primary Tumor"
"117",0,0.630434782608696,0.980371154420193,"Esophageal Carcinoma","Primary Tumor"
"118",0,0.635869565217391,0.979735045617912,"Esophageal Carcinoma","Primary Tumor"
"119",0,0.641304347826087,0.979189318152318,"Esophageal Carcinoma","Primary Tumor"
"120",0,0.646739130434783,0.978573383690844,"Esophageal Carcinoma","Primary Tumor"
"121",0,0.652173913043478,0.978445715277794,"Esophageal Carcinoma","Primary Tumor"
"122",0,0.657608695652174,0.978429841907455,"Esophageal Carcinoma","Primary Tumor"
"123",0,0.66304347826087,0.977468613110056,"Esophageal Carcinoma","Primary Tumor"
"124",0,0.668478260869565,0.973748583183531,"Esophageal Carcinoma","Primary Tumor"
"125",0,0.673913043478261,0.973179030411914,"Esophageal Carcinoma","Primary Tumor"
"126",0,0.679347826086957,0.972244348662537,"Esophageal Carcinoma","Primary Tumor"
"127",0,0.684782608695652,0.970285496228692,"Esophageal Carcinoma","Primary Tumor"
"128",0,0.690217391304348,0.969716610403257,"Esophageal Carcinoma","Primary Tumor"
"129",0,0.695652173913043,0.969146457456146,"Esophageal Carcinoma","Primary Tumor"
"130",0,0.701086956521739,0.968648470854306,"Esophageal Carcinoma","Primary Tumor"
"131",0,0.706521739130435,0.967966146750646,"Esophageal Carcinoma","Primary Tumor"
"132",0,0.71195652173913,0.966406003071316,"Esophageal Carcinoma","Primary Tumor"
"133",0,0.717391304347826,0.965435517188331,"Esophageal Carcinoma","Primary Tumor"
"134",0,0.722826086956522,0.963619167263858,"Esophageal Carcinoma","Primary Tumor"
"135",0,0.728260869565217,0.96188832050992,"Esophageal Carcinoma","Primary Tumor"
"136",0,0.733695652173913,0.959979821116882,"Esophageal Carcinoma","Primary Tumor"
"137",0,0.739130434782609,0.955736400677183,"Esophageal Carcinoma","Primary Tumor"
"138",0,0.744565217391304,0.954923846013425,"Esophageal Carcinoma","Primary Tumor"
"139",0,0.75,0.951509559353703,"Esophageal Carcinoma","Primary Tumor"
"140",0,0.755434782608696,0.94973202810217,"Esophageal Carcinoma","Primary Tumor"
"141",0,0.760869565217391,0.948598508023812,"Esophageal Carcinoma","Primary Tumor"
"142",0,0.766304347826087,0.947650626720841,"Esophageal Carcinoma","Primary Tumor"
"143",0,0.771739130434783,0.945866554456194,"Esophageal Carcinoma","Primary Tumor"
"144",0,0.777173913043478,0.944483794279431,"Esophageal Carcinoma","Primary Tumor"
"145",0,0.782608695652174,0.944353246264692,"Esophageal Carcinoma","Primary Tumor"
"146",0.00069060773480663,0.782608695652174,0.943747532531745,"Esophageal Carcinoma","Primary Tumor"
"147",0.00069060773480663,0.78804347826087,0.940080042667179,"Esophageal Carcinoma","Primary Tumor"
"148",0.00069060773480663,0.793478260869565,0.93797526464638,"Esophageal Carcinoma","Primary Tumor"
"149",0.00138121546961326,0.793478260869565,0.935708395287948,"Esophageal Carcinoma","Primary Tumor"
"150",0.00138121546961326,0.798913043478261,0.930959571070278,"Esophageal Carcinoma","Primary Tumor"
"151",0.00138121546961326,0.804347826086957,0.92927702887421,"Esophageal Carcinoma","Primary Tumor"
"152",0.00138121546961326,0.809782608695652,0.928821287056332,"Esophageal Carcinoma","Primary Tumor"
"153",0.00138121546961326,0.815217391304348,0.914802256945544,"Esophageal Carcinoma","Primary Tumor"
"154",0.00138121546961326,0.820652173913043,0.908767868950313,"Esophageal Carcinoma","Primary Tumor"
"155",0.00138121546961326,0.826086956521739,0.902549138461195,"Esophageal Carcinoma","Primary Tumor"
"156",0.00138121546961326,0.831521739130435,0.89744841607576,"Esophageal Carcinoma","Primary Tumor"
"157",0.00138121546961326,0.83695652173913,0.896031474659961,"Esophageal Carcinoma","Primary Tumor"
"158",0.00138121546961326,0.842391304347826,0.89194294343441,"Esophageal Carcinoma","Primary Tumor"
"159",0.00138121546961326,0.847826086956522,0.889355081460739,"Esophageal Carcinoma","Primary Tumor"
"160",0.00207182320441989,0.847826086956522,0.887210215101714,"Esophageal Carcinoma","Primary Tumor"
"161",0.00207182320441989,0.853260869565217,0.886624231945513,"Esophageal Carcinoma","Primary Tumor"
"162",0.00207182320441989,0.858695652173913,0.883842310922387,"Esophageal Carcinoma","Primary Tumor"
"163",0.00207182320441989,0.864130434782609,0.866635390921209,"Esophageal Carcinoma","Primary Tumor"
"164",0.00207182320441989,0.869565217391304,0.856464475095621,"Esophageal Carcinoma","Primary Tumor"
"165",0.00207182320441989,0.875,0.850237507476158,"Esophageal Carcinoma","Primary Tumor"
"166",0.00207182320441989,0.880434782608696,0.848706437927091,"Esophageal Carcinoma","Primary Tumor"
"167",0.00207182320441989,0.885869565217391,0.848373250305189,"Esophageal Carcinoma","Primary Tumor"
"168",0.00207182320441989,0.891304347826087,0.843763497237905,"Esophageal Carcinoma","Primary Tumor"
"169",0.00207182320441989,0.896739130434783,0.829179859123963,"Esophageal Carcinoma","Primary Tumor"
"170",0.00207182320441989,0.902173913043478,0.818467831808276,"Esophageal Carcinoma","Primary Tumor"
"171",0.00207182320441989,0.907608695652174,0.814322492487802,"Esophageal Carcinoma","Primary Tumor"
"172",0.00207182320441989,0.91304347826087,0.77422867164738,"Esophageal Carcinoma","Primary Tumor"
"173",0.00276243093922652,0.91304347826087,0.76641628762296,"Esophageal Carcinoma","Primary Tumor"
"174",0.00276243093922652,0.918478260869565,0.736484922705714,"Esophageal Carcinoma","Primary Tumor"
"175",0.00276243093922652,0.923913043478261,0.733223914571059,"Esophageal Carcinoma","Primary Tumor"
"176",0.00345303867403315,0.923913043478261,0.721748085505993,"Esophageal Carcinoma","Primary Tumor"
"177",0.00345303867403315,0.929347826086957,0.704156711552709,"Esophageal Carcinoma","Primary Tumor"
"178",0.00345303867403315,0.934782608695652,0.695437091163519,"Esophageal Carcinoma","Primary Tumor"
"179",0.00414364640883978,0.934782608695652,0.683529829390213,"Esophageal Carcinoma","Primary Tumor"
"180",0.00414364640883978,0.940217391304348,0.645621084667211,"Esophageal Carcinoma","Primary Tumor"
"181",0.00414364640883978,0.945652173913043,0.611690127681825,"Esophageal Carcinoma","Primary Tumor"
"182",0.00483425414364641,0.945652173913043,0.59469108928805,"Esophageal Carcinoma","Primary Tumor"
"183",0.00552486187845304,0.945652173913043,0.580444581998926,"Esophageal Carcinoma","Primary Tumor"
"184",0.00552486187845304,0.951086956521739,0.567988476740761,"Esophageal Carcinoma","Primary Tumor"
"185",0.00552486187845304,0.956521739130435,0.558570346090477,"Esophageal Carcinoma","Primary Tumor"
"186",0.00621546961325967,0.956521739130435,0.557654849269724,"Esophageal Carcinoma","Primary Tumor"
"187",0.0069060773480663,0.956521739130435,0.523031683492553,"Esophageal Carcinoma","Primary Tumor"
"188",0.0069060773480663,0.96195652173913,0.493034722333076,"Esophageal Carcinoma","Primary Tumor"
"189",0.0069060773480663,0.967391304347826,0.475254396048521,"Esophageal Carcinoma","Primary Tumor"
"190",0.00759668508287293,0.967391304347826,0.453018115279223,"Esophageal Carcinoma","Primary Tumor"
"191",0.00828729281767956,0.967391304347826,0.429668860956914,"Esophageal Carcinoma","Primary Tumor"
"192",0.00897790055248619,0.967391304347826,0.426042628909618,"Esophageal Carcinoma","Primary Tumor"
"193",0.00897790055248619,0.972826086956522,0.424094979053808,"Esophageal Carcinoma","Primary Tumor"
"194",0.00966850828729282,0.972826086956522,0.398763899869044,"Esophageal Carcinoma","Primary Tumor"
"195",0.00966850828729282,0.978260869565217,0.394119000085102,"Esophageal Carcinoma","Primary Tumor"
"196",0.0103591160220994,0.978260869565217,0.38922625221564,"Esophageal Carcinoma","Primary Tumor"
"197",0.0110497237569061,0.978260869565217,0.381755449328654,"Esophageal Carcinoma","Primary Tumor"
"198",0.0117403314917127,0.978260869565217,0.370577674946493,"Esophageal Carcinoma","Primary Tumor"
"199",0.0117403314917127,0.983695652173913,0.364511027077463,"Esophageal Carcinoma","Primary Tumor"
"200",0.0117403314917127,0.989130434782609,0.338962718333708,"Esophageal Carcinoma","Primary Tumor"
"201",0.0124309392265193,0.989130434782609,0.337584241931425,"Esophageal Carcinoma","Primary Tumor"
"202",0.013121546961326,0.989130434782609,0.328201106625402,"Esophageal Carcinoma","Primary Tumor"
"203",0.0138121546961326,0.989130434782609,0.323409109976235,"Esophageal Carcinoma","Primary Tumor"
"204",0.0145027624309392,0.989130434782609,0.284522486048804,"Esophageal Carcinoma","Primary Tumor"
"205",0.0151933701657459,0.989130434782609,0.269146678059439,"Esophageal Carcinoma","Primary Tumor"
"206",0.0158839779005525,0.989130434782609,0.2578124495954,"Esophageal Carcinoma","Primary Tumor"
"207",0.0165745856353591,0.989130434782609,0.251671191816496,"Esophageal Carcinoma","Primary Tumor"
"208",0.0172651933701657,0.989130434782609,0.237783523183492,"Esophageal Carcinoma","Primary Tumor"
"209",0.0179558011049724,0.989130434782609,0.225019697101567,"Esophageal Carcinoma","Primary Tumor"
"210",0.0179558011049724,0.994565217391304,0.222205863619644,"Esophageal Carcinoma","Primary Tumor"
"211",0.018646408839779,0.994565217391304,0.212099080549848,"Esophageal Carcinoma","Primary Tumor"
"212",0.0193370165745856,0.994565217391304,0.211968587743893,"Esophageal Carcinoma","Primary Tumor"
"213",0.0200276243093923,0.994565217391304,0.20550975044373,"Esophageal Carcinoma","Primary Tumor"
"214",0.0207182320441989,0.994565217391304,0.200735007415726,"Esophageal Carcinoma","Primary Tumor"
"215",0.0214088397790055,0.994565217391304,0.188617019773801,"Esophageal Carcinoma","Primary Tumor"
"216",0.0220994475138122,0.994565217391304,0.184832021340724,"Esophageal Carcinoma","Primary Tumor"
"217",0.0234806629834254,0.994565217391304,0.169240454691282,"Esophageal Carcinoma","Primary Tumor"
"218",0.024171270718232,0.994565217391304,0.16635113465134,"Esophageal Carcinoma","Primary Tumor"
"219",0.0248618784530387,0.994565217391304,0.147680674257345,"Esophageal Carcinoma","Primary Tumor"
"220",0.0255524861878453,0.994565217391304,0.146315681532,"Esophageal Carcinoma","Primary Tumor"
"221",0.0262430939226519,0.994565217391304,0.144597804311987,"Esophageal Carcinoma","Primary Tumor"
"222",0.0269337016574586,0.994565217391304,0.143362501971136,"Esophageal Carcinoma","Primary Tumor"
"223",0.0276243093922652,0.994565217391304,0.134420452923524,"Esophageal Carcinoma","Primary Tumor"
"224",0.0283149171270718,0.994565217391304,0.1319312319801,"Esophageal Carcinoma","Primary Tumor"
"225",0.0290055248618785,0.994565217391304,0.124076692981361,"Esophageal Carcinoma","Primary Tumor"
"226",0.0296961325966851,0.994565217391304,0.117398473188937,"Esophageal Carcinoma","Primary Tumor"
"227",0.0303867403314917,0.994565217391304,0.116600026467512,"Esophageal Carcinoma","Primary Tumor"
"228",0.0310773480662983,0.994565217391304,0.114603293681571,"Esophageal Carcinoma","Primary Tumor"
"229",0.031767955801105,0.994565217391304,0.113166798281378,"Esophageal Carcinoma","Primary Tumor"
"230",0.0324585635359116,0.994565217391304,0.111838024537364,"Esophageal Carcinoma","Primary Tumor"
"231",0.0331491712707182,0.994565217391304,0.111196990636482,"Esophageal Carcinoma","Primary Tumor"
"232",0.0345303867403315,0.994565217391304,0.0998309017480803,"Esophageal Carcinoma","Primary Tumor"
"233",0.0352209944751381,0.994565217391304,0.0986549063598769,"Esophageal Carcinoma","Primary Tumor"
"234",0.0359116022099447,0.994565217391304,0.0975345713798881,"Esophageal Carcinoma","Primary Tumor"
"235",0.0366022099447514,0.994565217391304,0.0971563671486606,"Esophageal Carcinoma","Primary Tumor"
"236",0.037292817679558,0.994565217391304,0.0968882109552747,"Esophageal Carcinoma","Primary Tumor"
"237",0.0379834254143646,0.994565217391304,0.0915914826992808,"Esophageal Carcinoma","Primary Tumor"
"238",0.0386740331491713,0.994565217391304,0.0915555641699639,"Esophageal Carcinoma","Primary Tumor"
"239",0.0393646408839779,0.994565217391304,0.089851814924642,"Esophageal Carcinoma","Primary Tumor"
"240",0.0400552486187845,0.994565217391304,0.0897756792338331,"Esophageal Carcinoma","Primary Tumor"
"241",0.0407458563535912,0.994565217391304,0.0877189586692811,"Esophageal Carcinoma","Primary Tumor"
"242",0.0414364640883978,0.994565217391304,0.0853535166976748,"Esophageal Carcinoma","Primary Tumor"
"243",0.0421270718232044,0.994565217391304,0.0829420801043764,"Esophageal Carcinoma","Primary Tumor"
"244",0.0428176795580111,0.994565217391304,0.0821759054472508,"Esophageal Carcinoma","Primary Tumor"
"245",0.0435082872928177,0.994565217391304,0.0818064271757732,"Esophageal Carcinoma","Primary Tumor"
"246",0.0441988950276243,0.994565217391304,0.0811528679933589,"Esophageal Carcinoma","Primary Tumor"
"247",0.0448895027624309,0.994565217391304,0.0811524392826908,"Esophageal Carcinoma","Primary Tumor"
"248",0.0455801104972376,0.994565217391304,0.0791652965521858,"Esophageal Carcinoma","Primary Tumor"
"249",0.0462707182320442,0.994565217391304,0.0770653578660645,"Esophageal Carcinoma","Primary Tumor"
"250",0.0469613259668508,0.994565217391304,0.076724508960775,"Esophageal Carcinoma","Primary Tumor"
"251",0.0476519337016575,0.994565217391304,0.0740484285387567,"Esophageal Carcinoma","Primary Tumor"
"252",0.0483425414364641,0.994565217391304,0.0735657534037302,"Esophageal Carcinoma","Primary Tumor"
"253",0.0490331491712707,0.994565217391304,0.0703405953936087,"Esophageal Carcinoma","Primary Tumor"
"254",0.0497237569060773,0.994565217391304,0.0698893848734208,"Esophageal Carcinoma","Primary Tumor"
"255",0.050414364640884,0.994565217391304,0.0690101787589632,"Esophageal Carcinoma","Primary Tumor"
"256",0.0511049723756906,0.994565217391304,0.0657946545861163,"Esophageal Carcinoma","Primary Tumor"
"257",0.0517955801104972,0.994565217391304,0.0647328755741286,"Esophageal Carcinoma","Primary Tumor"
"258",0.0524861878453039,0.994565217391304,0.064496432418453,"Esophageal Carcinoma","Primary Tumor"
"259",0.0531767955801105,0.994565217391304,0.0644679520627326,"Esophageal Carcinoma","Primary Tumor"
"260",0.0538674033149171,0.994565217391304,0.0629386401874234,"Esophageal Carcinoma","Primary Tumor"
"261",0.0545580110497238,0.994565217391304,0.0626676227668151,"Esophageal Carcinoma","Primary Tumor"
"262",0.0552486187845304,0.994565217391304,0.0617845248711758,"Esophageal Carcinoma","Primary Tumor"
"263",0.055939226519337,0.994565217391304,0.0608524714191367,"Esophageal Carcinoma","Primary Tumor"
"264",0.0566298342541436,0.994565217391304,0.0595502145457414,"Esophageal Carcinoma","Primary Tumor"
"265",0.0573204419889503,0.994565217391304,0.0593451048964829,"Esophageal Carcinoma","Primary Tumor"
"266",0.0580110497237569,0.994565217391304,0.0571878823740093,"Esophageal Carcinoma","Primary Tumor"
"267",0.0587016574585635,0.994565217391304,0.0561249682082894,"Esophageal Carcinoma","Primary Tumor"
"268",0.0593922651933702,0.994565217391304,0.0549772462208944,"Esophageal Carcinoma","Primary Tumor"
"269",0.0600828729281768,0.994565217391304,0.0544869133834552,"Esophageal Carcinoma","Primary Tumor"
"270",0.0607734806629834,0.994565217391304,0.0540614461220431,"Esophageal Carcinoma","Primary Tumor"
"271",0.0614640883977901,0.994565217391304,0.0525753622053838,"Esophageal Carcinoma","Primary Tumor"
"272",0.0621546961325967,0.994565217391304,0.0509609133101559,"Esophageal Carcinoma","Primary Tumor"
"273",0.0628453038674033,0.994565217391304,0.0499002220161965,"Esophageal Carcinoma","Primary Tumor"
"274",0.0635359116022099,0.994565217391304,0.0492288238544583,"Esophageal Carcinoma","Primary Tumor"
"275",0.0642265193370166,0.994565217391304,0.0490292590383006,"Esophageal Carcinoma","Primary Tumor"
"276",0.0649171270718232,0.994565217391304,0.0489991683473631,"Esophageal Carcinoma","Primary Tumor"
"277",0.0656077348066298,0.994565217391304,0.0488299024748082,"Esophageal Carcinoma","Primary Tumor"
"278",0.0662983425414365,0.994565217391304,0.0485592478693747,"Esophageal Carcinoma","Primary Tumor"
"279",0.0669889502762431,0.994565217391304,0.0484937388000651,"Esophageal Carcinoma","Primary Tumor"
"280",0.0676795580110497,0.994565217391304,0.0479464530681335,"Esophageal Carcinoma","Primary Tumor"
"281",0.0683701657458564,0.994565217391304,0.046847454266536,"Esophageal Carcinoma","Primary Tumor"
"282",0.069060773480663,0.994565217391304,0.0464943908653687,"Esophageal Carcinoma","Primary Tumor"
"283",0.0697513812154696,0.994565217391304,0.0464216791456567,"Esophageal Carcinoma","Primary Tumor"
"284",0.0704419889502762,0.994565217391304,0.0454778666870794,"Esophageal Carcinoma","Primary Tumor"
"285",0.0711325966850829,0.994565217391304,0.0447524367666065,"Esophageal Carcinoma","Primary Tumor"
"286",0.0718232044198895,0.994565217391304,0.0446428002731869,"Esophageal Carcinoma","Primary Tumor"
"287",0.0725138121546961,0.994565217391304,0.0441829261260517,"Esophageal Carcinoma","Primary Tumor"
"288",0.0732044198895028,0.994565217391304,0.0438879363283366,"Esophageal Carcinoma","Primary Tumor"
"289",0.0738950276243094,0.994565217391304,0.0437580114254911,"Esophageal Carcinoma","Primary Tumor"
"290",0.074585635359116,0.994565217391304,0.0433857908480276,"Esophageal Carcinoma","Primary Tumor"
"291",0.0752762430939227,0.994565217391304,0.0433841859290647,"Esophageal Carcinoma","Primary Tumor"
"292",0.0759668508287293,0.994565217391304,0.0430211658803515,"Esophageal Carcinoma","Primary Tumor"
"293",0.0766574585635359,0.994565217391304,0.0427798907156717,"Esophageal Carcinoma","Primary Tumor"
"294",0.0773480662983425,0.994565217391304,0.0426514047489436,"Esophageal Carcinoma","Primary Tumor"
"295",0.0780386740331492,0.994565217391304,0.0421398628311022,"Esophageal Carcinoma","Primary Tumor"
"296",0.0787292817679558,0.994565217391304,0.0414364028500754,"Esophageal Carcinoma","Primary Tumor"
"297",0.0794198895027624,0.994565217391304,0.0412239129087117,"Esophageal Carcinoma","Primary Tumor"
"298",0.0801104972375691,0.994565217391304,0.0406313802864452,"Esophageal Carcinoma","Primary Tumor"
"299",0.0808011049723757,0.994565217391304,0.0403252379388329,"Esophageal Carcinoma","Primary Tumor"
"300",0.0814917127071823,0.994565217391304,0.0387943834887402,"Esophageal Carcinoma","Primary Tumor"
"301",0.0821823204419889,0.994565217391304,0.0387904940625907,"Esophageal Carcinoma","Primary Tumor"
"302",0.0828729281767956,0.994565217391304,0.0384981075801184,"Esophageal Carcinoma","Primary Tumor"
"303",0.0835635359116022,0.994565217391304,0.0384431760819575,"Esophageal Carcinoma","Primary Tumor"
"304",0.0842541436464088,0.994565217391304,0.0382382767208186,"Esophageal Carcinoma","Primary Tumor"
"305",0.0849447513812155,0.994565217391304,0.0366482376084106,"Esophageal Carcinoma","Primary Tumor"
"306",0.0856353591160221,0.994565217391304,0.0361197259686617,"Esophageal Carcinoma","Primary Tumor"
"307",0.0863259668508287,0.994565217391304,0.0359956217375401,"Esophageal Carcinoma","Primary Tumor"
"308",0.0870165745856354,0.994565217391304,0.035992052965364,"Esophageal Carcinoma","Primary Tumor"
"309",0.087707182320442,0.994565217391304,0.0352195451208235,"Esophageal Carcinoma","Primary Tumor"
"310",0.0883977900552486,0.994565217391304,0.0351760111239232,"Esophageal Carcinoma","Primary Tumor"
"311",0.0890883977900552,0.994565217391304,0.0344207386959368,"Esophageal Carcinoma","Primary Tumor"
"312",0.0897790055248619,0.994565217391304,0.033496839082056,"Esophageal Carcinoma","Primary Tumor"
"313",0.0904696132596685,0.994565217391304,0.0333153385642379,"Esophageal Carcinoma","Primary Tumor"
"314",0.0911602209944751,0.994565217391304,0.033241596700654,"Esophageal Carcinoma","Primary Tumor"
"315",0.0918508287292818,0.994565217391304,0.0327075156952854,"Esophageal Carcinoma","Primary Tumor"
"316",0.0925414364640884,0.994565217391304,0.0326566168516325,"Esophageal Carcinoma","Primary Tumor"
"317",0.093232044198895,0.994565217391304,0.0323993544548152,"Esophageal Carcinoma","Primary Tumor"
"318",0.0939226519337017,0.994565217391304,0.0322789187825197,"Esophageal Carcinoma","Primary Tumor"
"319",0.0946132596685083,0.994565217391304,0.0308046681930513,"Esophageal Carcinoma","Primary Tumor"
"320",0.0953038674033149,0.994565217391304,0.0306618541649807,"Esophageal Carcinoma","Primary Tumor"
"321",0.0959944751381216,0.994565217391304,0.0302262691469745,"Esophageal Carcinoma","Primary Tumor"
"322",0.0966850828729282,0.994565217391304,0.0302079951991171,"Esophageal Carcinoma","Primary Tumor"
"323",0.0973756906077348,0.994565217391304,0.0301451462160081,"Esophageal Carcinoma","Primary Tumor"
"324",0.0980662983425414,0.994565217391304,0.0296262743916025,"Esophageal Carcinoma","Primary Tumor"
"325",0.0987569060773481,0.994565217391304,0.0295479914210717,"Esophageal Carcinoma","Primary Tumor"
"326",0.0994475138121547,0.994565217391304,0.02954060881064,"Esophageal Carcinoma","Primary Tumor"
"327",0.100138121546961,0.994565217391304,0.0287974173024192,"Esophageal Carcinoma","Primary Tumor"
"328",0.100828729281768,0.994565217391304,0.0283219296596161,"Esophageal Carcinoma","Primary Tumor"
"329",0.101519337016575,0.994565217391304,0.0282555442554451,"Esophageal Carcinoma","Primary Tumor"
"330",0.102209944751381,0.994565217391304,0.0277457942182796,"Esophageal Carcinoma","Primary Tumor"
"331",0.102900552486188,0.994565217391304,0.0277355952576235,"Esophageal Carcinoma","Primary Tumor"
"332",0.103591160220994,0.994565217391304,0.0277285204126127,"Esophageal Carcinoma","Primary Tumor"
"333",0.104281767955801,0.994565217391304,0.0276607576119348,"Esophageal Carcinoma","Primary Tumor"
"334",0.104972375690608,0.994565217391304,0.027367947578367,"Esophageal Carcinoma","Primary Tumor"
"335",0.105662983425414,0.994565217391304,0.0272287851117132,"Esophageal Carcinoma","Primary Tumor"
"336",0.106353591160221,0.994565217391304,0.0272229791015008,"Esophageal Carcinoma","Primary Tumor"
"337",0.107044198895028,0.994565217391304,0.0269855848354522,"Esophageal Carcinoma","Primary Tumor"
"338",0.107734806629834,0.994565217391304,0.0269420875507368,"Esophageal Carcinoma","Primary Tumor"
"339",0.108425414364641,0.994565217391304,0.0267216343560964,"Esophageal Carcinoma","Primary Tumor"
"340",0.109116022099448,0.994565217391304,0.02640026307465,"Esophageal Carcinoma","Primary Tumor"
"341",0.109806629834254,0.994565217391304,0.0263783051376147,"Esophageal Carcinoma","Primary Tumor"
"342",0.110497237569061,0.994565217391304,0.0259786374403403,"Esophageal Carcinoma","Primary Tumor"
"343",0.111187845303867,0.994565217391304,0.0259016292302072,"Esophageal Carcinoma","Primary Tumor"
"344",0.111878453038674,0.994565217391304,0.0258185195339128,"Esophageal Carcinoma","Primary Tumor"
"345",0.112569060773481,0.994565217391304,0.025689136508235,"Esophageal Carcinoma","Primary Tumor"
"346",0.113259668508287,0.994565217391304,0.0256473272127993,"Esophageal Carcinoma","Primary Tumor"
"347",0.113950276243094,0.994565217391304,0.0255730528492452,"Esophageal Carcinoma","Primary Tumor"
"348",0.114640883977901,0.994565217391304,0.0253993717188957,"Esophageal Carcinoma","Primary Tumor"
"349",0.115331491712707,0.994565217391304,0.0253496475077721,"Esophageal Carcinoma","Primary Tumor"
"350",0.116022099447514,0.994565217391304,0.025142267311324,"Esophageal Carcinoma","Primary Tumor"
"351",0.11671270718232,0.994565217391304,0.0251331333757251,"Esophageal Carcinoma","Primary Tumor"
"352",0.117403314917127,0.994565217391304,0.0245299780808296,"Esophageal Carcinoma","Primary Tumor"
"353",0.118093922651934,0.994565217391304,0.0245245896783863,"Esophageal Carcinoma","Primary Tumor"
"354",0.11878453038674,0.994565217391304,0.0245089222609238,"Esophageal Carcinoma","Primary Tumor"
"355",0.119475138121547,0.994565217391304,0.0241741954980355,"Esophageal Carcinoma","Primary Tumor"
"356",0.120165745856354,0.994565217391304,0.024040992562596,"Esophageal Carcinoma","Primary Tumor"
"357",0.12085635359116,0.994565217391304,0.024013320606935,"Esophageal Carcinoma","Primary Tumor"
"358",0.121546961325967,0.994565217391304,0.0237938777939504,"Esophageal Carcinoma","Primary Tumor"
"359",0.122237569060773,0.994565217391304,0.0237324738624487,"Esophageal Carcinoma","Primary Tumor"
"360",0.12292817679558,0.994565217391304,0.0236016536218808,"Esophageal Carcinoma","Primary Tumor"
"361",0.123618784530387,0.994565217391304,0.0235177067390197,"Esophageal Carcinoma","Primary Tumor"
"362",0.124309392265193,0.994565217391304,0.02296105543024,"Esophageal Carcinoma","Primary Tumor"
"363",0.125,0.994565217391304,0.0229571046134646,"Esophageal Carcinoma","Primary Tumor"
"364",0.125690607734807,0.994565217391304,0.0227617085652866,"Esophageal Carcinoma","Primary Tumor"
"365",0.126381215469613,0.994565217391304,0.0225855829645767,"Esophageal Carcinoma","Primary Tumor"
"366",0.12707182320442,0.994565217391304,0.0225066327898944,"Esophageal Carcinoma","Primary Tumor"
"367",0.127762430939227,0.994565217391304,0.0221925917651677,"Esophageal Carcinoma","Primary Tumor"
"368",0.128453038674033,0.994565217391304,0.0220461269505263,"Esophageal Carcinoma","Primary Tumor"
"369",0.12914364640884,0.994565217391304,0.0219778663279732,"Esophageal Carcinoma","Primary Tumor"
"370",0.129834254143646,0.994565217391304,0.0218702492305347,"Esophageal Carcinoma","Primary Tumor"
"371",0.130524861878453,0.994565217391304,0.0217698626673311,"Esophageal Carcinoma","Primary Tumor"
"372",0.13121546961326,0.994565217391304,0.0217298175379689,"Esophageal Carcinoma","Primary Tumor"
"373",0.131906077348066,0.994565217391304,0.0217219149034184,"Esophageal Carcinoma","Primary Tumor"
"374",0.132596685082873,0.994565217391304,0.0216965325779785,"Esophageal Carcinoma","Primary Tumor"
"375",0.13328729281768,0.994565217391304,0.021591005968487,"Esophageal Carcinoma","Primary Tumor"
"376",0.133977900552486,0.994565217391304,0.0213596112163791,"Esophageal Carcinoma","Primary Tumor"
"377",0.134668508287293,0.994565217391304,0.0213139062235521,"Esophageal Carcinoma","Primary Tumor"
"378",0.135359116022099,0.994565217391304,0.021148983940814,"Esophageal Carcinoma","Primary Tumor"
"379",0.136049723756906,0.994565217391304,0.0209357006805314,"Esophageal Carcinoma","Primary Tumor"
"380",0.136740331491713,0.994565217391304,0.0208082214270141,"Esophageal Carcinoma","Primary Tumor"
"381",0.137430939226519,0.994565217391304,0.0203232613142846,"Esophageal Carcinoma","Primary Tumor"
"382",0.138121546961326,0.994565217391304,0.0201338257581788,"Esophageal Carcinoma","Primary Tumor"
"383",0.138812154696133,0.994565217391304,0.0199529915348439,"Esophageal Carcinoma","Primary Tumor"
"384",0.139502762430939,0.994565217391304,0.0196592929913712,"Esophageal Carcinoma","Primary Tumor"
"385",0.140193370165746,0.994565217391304,0.0195068264984808,"Esophageal Carcinoma","Primary Tumor"
"386",0.140883977900552,0.994565217391304,0.0190564972780632,"Esophageal Carcinoma","Primary Tumor"
"387",0.141574585635359,0.994565217391304,0.0189866376734464,"Esophageal Carcinoma","Primary Tumor"
"388",0.142265193370166,0.994565217391304,0.0185373159317204,"Esophageal Carcinoma","Primary Tumor"
"389",0.142955801104972,0.994565217391304,0.0184315313631685,"Esophageal Carcinoma","Primary Tumor"
"390",0.143646408839779,0.994565217391304,0.0184189994937685,"Esophageal Carcinoma","Primary Tumor"
"391",0.144337016574586,0.994565217391304,0.0184105822359046,"Esophageal Carcinoma","Primary Tumor"
"392",0.145027624309392,0.994565217391304,0.0182836509467089,"Esophageal Carcinoma","Primary Tumor"
"393",0.145718232044199,0.994565217391304,0.0179631830575568,"Esophageal Carcinoma","Primary Tumor"
"394",0.146408839779006,0.994565217391304,0.0179580662384658,"Esophageal Carcinoma","Primary Tumor"
"395",0.147099447513812,0.994565217391304,0.0179531992335843,"Esophageal Carcinoma","Primary Tumor"
"396",0.147790055248619,0.994565217391304,0.0177354505814765,"Esophageal Carcinoma","Primary Tumor"
"397",0.148480662983425,0.994565217391304,0.017685537438272,"Esophageal Carcinoma","Primary Tumor"
"398",0.149861878453039,0.994565217391304,0.0175774035095887,"Esophageal Carcinoma","Primary Tumor"
"399",0.150552486187845,0.994565217391304,0.0174347739793406,"Esophageal Carcinoma","Primary Tumor"
"400",0.151933701657459,0.994565217391304,0.0173930553135646,"Esophageal Carcinoma","Primary Tumor"
"401",0.152624309392265,0.994565217391304,0.0173688616343118,"Esophageal Carcinoma","Primary Tumor"
"402",0.154005524861878,0.994565217391304,0.0171753167125477,"Esophageal Carcinoma","Primary Tumor"
"403",0.154696132596685,0.994565217391304,0.0171122721023899,"Esophageal Carcinoma","Primary Tumor"
"404",0.155386740331492,0.994565217391304,0.0170709837423976,"Esophageal Carcinoma","Primary Tumor"
"405",0.156077348066298,0.994565217391304,0.0170136216220861,"Esophageal Carcinoma","Primary Tumor"
"406",0.156767955801105,0.994565217391304,0.016900360552317,"Esophageal Carcinoma","Primary Tumor"
"407",0.157458563535912,0.994565217391304,0.0167221295787249,"Esophageal Carcinoma","Primary Tumor"
"408",0.158149171270718,0.994565217391304,0.0166737587357337,"Esophageal Carcinoma","Primary Tumor"
"409",0.158839779005525,0.994565217391304,0.0165092207432486,"Esophageal Carcinoma","Primary Tumor"
"410",0.159530386740331,0.994565217391304,0.0164577609358007,"Esophageal Carcinoma","Primary Tumor"
"411",0.160220994475138,0.994565217391304,0.0164517241014931,"Esophageal Carcinoma","Primary Tumor"
"412",0.160911602209945,0.994565217391304,0.0160529987999902,"Esophageal Carcinoma","Primary Tumor"
"413",0.161602209944751,0.994565217391304,0.0157357573532571,"Esophageal Carcinoma","Primary Tumor"
"414",0.162292817679558,0.994565217391304,0.0156810186855917,"Esophageal Carcinoma","Primary Tumor"
"415",0.162983425414365,0.994565217391304,0.0154388167086405,"Esophageal Carcinoma","Primary Tumor"
"416",0.163674033149171,0.994565217391304,0.0153834160152607,"Esophageal Carcinoma","Primary Tumor"
"417",0.164364640883978,0.994565217391304,0.0153083531479045,"Esophageal Carcinoma","Primary Tumor"
"418",0.165055248618785,0.994565217391304,0.0152611939396945,"Esophageal Carcinoma","Primary Tumor"
"419",0.165745856353591,0.994565217391304,0.0151894748857663,"Esophageal Carcinoma","Primary Tumor"
"420",0.166436464088398,0.994565217391304,0.0150284967128898,"Esophageal Carcinoma","Primary Tumor"
"421",0.167127071823204,0.994565217391304,0.0150136531867667,"Esophageal Carcinoma","Primary Tumor"
"422",0.167817679558011,0.994565217391304,0.0149432750543192,"Esophageal Carcinoma","Primary Tumor"
"423",0.168508287292818,0.994565217391304,0.0149039140275537,"Esophageal Carcinoma","Primary Tumor"
"424",0.169198895027624,0.994565217391304,0.0147020722975615,"Esophageal Carcinoma","Primary Tumor"
"425",0.169889502762431,0.994565217391304,0.0146423654028769,"Esophageal Carcinoma","Primary Tumor"
"426",0.170580110497238,0.994565217391304,0.0143573136216022,"Esophageal Carcinoma","Primary Tumor"
"427",0.171270718232044,0.994565217391304,0.014100942182817,"Esophageal Carcinoma","Primary Tumor"
"428",0.171961325966851,0.994565217391304,0.0138274445291887,"Esophageal Carcinoma","Primary Tumor"
"429",0.172651933701657,0.994565217391304,0.0137901661656554,"Esophageal Carcinoma","Primary Tumor"
"430",0.173342541436464,0.994565217391304,0.0136083216361654,"Esophageal Carcinoma","Primary Tumor"
"431",0.174033149171271,0.994565217391304,0.0134443983469543,"Esophageal Carcinoma","Primary Tumor"
"432",0.174723756906077,0.994565217391304,0.013378605940777,"Esophageal Carcinoma","Primary Tumor"
"433",0.175414364640884,0.994565217391304,0.0131868724122648,"Esophageal Carcinoma","Primary Tumor"
"434",0.176104972375691,0.994565217391304,0.0131826118700613,"Esophageal Carcinoma","Primary Tumor"
"435",0.176795580110497,0.994565217391304,0.0130061157308115,"Esophageal Carcinoma","Primary Tumor"
"436",0.177486187845304,0.994565217391304,0.012914206068253,"Esophageal Carcinoma","Primary Tumor"
"437",0.17817679558011,0.994565217391304,0.0128852980219594,"Esophageal Carcinoma","Primary Tumor"
"438",0.178867403314917,0.994565217391304,0.0128445199114459,"Esophageal Carcinoma","Primary Tumor"
"439",0.179558011049724,0.994565217391304,0.0128251994591257,"Esophageal Carcinoma","Primary Tumor"
"440",0.18024861878453,0.994565217391304,0.0127078211907262,"Esophageal Carcinoma","Primary Tumor"
"441",0.180939226519337,0.994565217391304,0.0126822400951704,"Esophageal Carcinoma","Primary Tumor"
"442",0.181629834254144,0.994565217391304,0.0126299937382957,"Esophageal Carcinoma","Primary Tumor"
"443",0.18232044198895,0.994565217391304,0.0125971077036209,"Esophageal Carcinoma","Primary Tumor"
"444",0.183011049723757,0.994565217391304,0.0125849274923001,"Esophageal Carcinoma","Primary Tumor"
"445",0.183701657458564,0.994565217391304,0.0124231840237247,"Esophageal Carcinoma","Primary Tumor"
"446",0.18439226519337,0.994565217391304,0.0123093233465963,"Esophageal Carcinoma","Primary Tumor"
"447",0.185082872928177,0.994565217391304,0.0122829074058771,"Esophageal Carcinoma","Primary Tumor"
"448",0.185773480662983,0.994565217391304,0.0120737914415415,"Esophageal Carcinoma","Primary Tumor"
"449",0.18646408839779,0.994565217391304,0.0119353154911533,"Esophageal Carcinoma","Primary Tumor"
"450",0.187154696132597,0.994565217391304,0.0119171479080958,"Esophageal Carcinoma","Primary Tumor"
"451",0.187845303867403,0.994565217391304,0.0119065049172568,"Esophageal Carcinoma","Primary Tumor"
"452",0.18853591160221,0.994565217391304,0.0117392283789601,"Esophageal Carcinoma","Primary Tumor"
"453",0.189226519337017,0.994565217391304,0.0116994369695688,"Esophageal Carcinoma","Primary Tumor"
"454",0.189917127071823,0.994565217391304,0.0116812624595805,"Esophageal Carcinoma","Primary Tumor"
"455",0.19060773480663,0.994565217391304,0.0116710688348339,"Esophageal Carcinoma","Primary Tumor"
"456",0.191298342541436,0.994565217391304,0.0116592664922597,"Esophageal Carcinoma","Primary Tumor"
"457",0.191988950276243,0.994565217391304,0.0116313524253009,"Esophageal Carcinoma","Primary Tumor"
"458",0.19267955801105,0.994565217391304,0.0115597086733682,"Esophageal Carcinoma","Primary Tumor"
"459",0.193370165745856,0.994565217391304,0.0114986759366381,"Esophageal Carcinoma","Primary Tumor"
"460",0.194060773480663,0.994565217391304,0.0113543709122679,"Esophageal Carcinoma","Primary Tumor"
"461",0.19475138121547,0.994565217391304,0.0112789131623086,"Esophageal Carcinoma","Primary Tumor"
"462",0.195441988950276,0.994565217391304,0.0112603364541513,"Esophageal Carcinoma","Primary Tumor"
"463",0.196132596685083,0.994565217391304,0.0111516748384313,"Esophageal Carcinoma","Primary Tumor"
"464",0.19682320441989,0.994565217391304,0.011085509861723,"Esophageal Carcinoma","Primary Tumor"
"465",0.197513812154696,0.994565217391304,0.0110535557313423,"Esophageal Carcinoma","Primary Tumor"
"466",0.198204419889503,0.994565217391304,0.0110123222502588,"Esophageal Carcinoma","Primary Tumor"
"467",0.198895027624309,0.994565217391304,0.0109575656845013,"Esophageal Carcinoma","Primary Tumor"
"468",0.199585635359116,0.994565217391304,0.0109050792801144,"Esophageal Carcinoma","Primary Tumor"
"469",0.200276243093923,0.994565217391304,0.0109034750531952,"Esophageal Carcinoma","Primary Tumor"
"470",0.200966850828729,0.994565217391304,0.0108781592430771,"Esophageal Carcinoma","Primary Tumor"
"471",0.201657458563536,0.994565217391304,0.0108683082407903,"Esophageal Carcinoma","Primary Tumor"
"472",0.202348066298343,0.994565217391304,0.0108678686144266,"Esophageal Carcinoma","Primary Tumor"
"473",0.203038674033149,0.994565217391304,0.0108539750132399,"Esophageal Carcinoma","Primary Tumor"
"474",0.203729281767956,0.994565217391304,0.0108328899499442,"Esophageal Carcinoma","Primary Tumor"
"475",0.204419889502762,0.994565217391304,0.0108125842631221,"Esophageal Carcinoma","Primary Tumor"
"476",0.205110497237569,0.994565217391304,0.0107638453972228,"Esophageal Carcinoma","Primary Tumor"
"477",0.205801104972376,0.994565217391304,0.0107635222853933,"Esophageal Carcinoma","Primary Tumor"
"478",0.206491712707182,0.994565217391304,0.0107486930222627,"Esophageal Carcinoma","Primary Tumor"
"479",0.207182320441989,0.994565217391304,0.0106409309147795,"Esophageal Carcinoma","Primary Tumor"
"480",0.207872928176796,0.994565217391304,0.0106401674140295,"Esophageal Carcinoma","Primary Tumor"
"481",0.208563535911602,0.994565217391304,0.0105819207859383,"Esophageal Carcinoma","Primary Tumor"
"482",0.209254143646409,0.994565217391304,0.0105490497597803,"Esophageal Carcinoma","Primary Tumor"
"483",0.209944751381215,0.994565217391304,0.0105462719388462,"Esophageal Carcinoma","Primary Tumor"
"484",0.210635359116022,0.994565217391304,0.0105201369352102,"Esophageal Carcinoma","Primary Tumor"
"485",0.211325966850829,0.994565217391304,0.010502762598803,"Esophageal Carcinoma","Primary Tumor"
"486",0.212016574585635,0.994565217391304,0.0104904496627951,"Esophageal Carcinoma","Primary Tumor"
"487",0.212707182320442,0.994565217391304,0.0104637575544084,"Esophageal Carcinoma","Primary Tumor"
"488",0.213397790055249,0.994565217391304,0.0104500979971332,"Esophageal Carcinoma","Primary Tumor"
"489",0.214088397790055,0.994565217391304,0.0104264141389736,"Esophageal Carcinoma","Primary Tumor"
"490",0.214779005524862,0.994565217391304,0.0103810594718005,"Esophageal Carcinoma","Primary Tumor"
"491",0.215469613259669,0.994565217391304,0.010352677439873,"Esophageal Carcinoma","Primary Tumor"
"492",0.216160220994475,0.994565217391304,0.010153017541655,"Esophageal Carcinoma","Primary Tumor"
"493",0.216850828729282,0.994565217391304,0.010143698397848,"Esophageal Carcinoma","Primary Tumor"
"494",0.217541436464088,0.994565217391304,0.0101238071395934,"Esophageal Carcinoma","Primary Tumor"
"495",0.218232044198895,0.994565217391304,0.0101042786177788,"Esophageal Carcinoma","Primary Tumor"
"496",0.218922651933702,0.994565217391304,0.0100135497991264,"Esophageal Carcinoma","Primary Tumor"
"497",0.219613259668508,0.994565217391304,0.0100073613222295,"Esophageal Carcinoma","Primary Tumor"
"498",0.220303867403315,0.994565217391304,0.00998257230015892,"Esophageal Carcinoma","Primary Tumor"
"499",0.220994475138122,0.994565217391304,0.00984717919124994,"Esophageal Carcinoma","Primary Tumor"
"500",0.221685082872928,0.994565217391304,0.00984366093284149,"Esophageal Carcinoma","Primary Tumor"
"501",0.222375690607735,0.994565217391304,0.00982623235102579,"Esophageal Carcinoma","Primary Tumor"
"502",0.223066298342541,0.994565217391304,0.00979775801393925,"Esophageal Carcinoma","Primary Tumor"
"503",0.223756906077348,0.994565217391304,0.00969049501786632,"Esophageal Carcinoma","Primary Tumor"
"504",0.224447513812155,0.994565217391304,0.00953326686945616,"Esophageal Carcinoma","Primary Tumor"
"505",0.225138121546961,0.994565217391304,0.00953277237776574,"Esophageal Carcinoma","Primary Tumor"
"506",0.225828729281768,0.994565217391304,0.00940795365739593,"Esophageal Carcinoma","Primary Tumor"
"507",0.227209944751381,0.994565217391304,0.00937879735749758,"Esophageal Carcinoma","Primary Tumor"
"508",0.227900552486188,0.994565217391304,0.00934783558944558,"Esophageal Carcinoma","Primary Tumor"
"509",0.228591160220994,0.994565217391304,0.00933831107206647,"Esophageal Carcinoma","Primary Tumor"
"510",0.229281767955801,0.994565217391304,0.00932184192021972,"Esophageal Carcinoma","Primary Tumor"
"511",0.229972375690608,0.994565217391304,0.00928410709951446,"Esophageal Carcinoma","Primary Tumor"
"512",0.230662983425414,0.994565217391304,0.00927871647008694,"Esophageal Carcinoma","Primary Tumor"
"513",0.231353591160221,0.994565217391304,0.00926870522160401,"Esophageal Carcinoma","Primary Tumor"
"514",0.232044198895028,0.994565217391304,0.0092142470511282,"Esophageal Carcinoma","Primary Tumor"
"515",0.232734806629834,0.994565217391304,0.00919265263933475,"Esophageal Carcinoma","Primary Tumor"
"516",0.233425414364641,0.994565217391304,0.00912517810622684,"Esophageal Carcinoma","Primary Tumor"
"517",0.234116022099448,0.994565217391304,0.00911890223596904,"Esophageal Carcinoma","Primary Tumor"
"518",0.234806629834254,0.994565217391304,0.00911372239685787,"Esophageal Carcinoma","Primary Tumor"
"519",0.235497237569061,0.994565217391304,0.00905274340883918,"Esophageal Carcinoma","Primary Tumor"
"520",0.236187845303867,0.994565217391304,0.00905248234699968,"Esophageal Carcinoma","Primary Tumor"
"521",0.236878453038674,0.994565217391304,0.00899385300154382,"Esophageal Carcinoma","Primary Tumor"
"522",0.237569060773481,0.994565217391304,0.00890725834501462,"Esophageal Carcinoma","Primary Tumor"
"523",0.238259668508287,0.994565217391304,0.00884782699871268,"Esophageal Carcinoma","Primary Tumor"
"524",0.238950276243094,0.994565217391304,0.0087957104313195,"Esophageal Carcinoma","Primary Tumor"
"525",0.239640883977901,0.994565217391304,0.00875002727107421,"Esophageal Carcinoma","Primary Tumor"
"526",0.240331491712707,0.994565217391304,0.00872922877363722,"Esophageal Carcinoma","Primary Tumor"
"527",0.241022099447514,0.994565217391304,0.00872828800714827,"Esophageal Carcinoma","Primary Tumor"
"528",0.24171270718232,0.994565217391304,0.00870599404727453,"Esophageal Carcinoma","Primary Tumor"
"529",0.242403314917127,0.994565217391304,0.0086530292771264,"Esophageal Carcinoma","Primary Tumor"
"530",0.243093922651934,0.994565217391304,0.00864921801656157,"Esophageal Carcinoma","Primary Tumor"
"531",0.24378453038674,0.994565217391304,0.00857983353655397,"Esophageal Carcinoma","Primary Tumor"
"532",0.244475138121547,0.994565217391304,0.008532623053817,"Esophageal Carcinoma","Primary Tumor"
"533",0.24585635359116,0.994565217391304,0.00852415015723794,"Esophageal Carcinoma","Primary Tumor"
"534",0.246546961325967,0.994565217391304,0.00851957417399381,"Esophageal Carcinoma","Primary Tumor"
"535",0.247237569060773,0.994565217391304,0.00837390968670366,"Esophageal Carcinoma","Primary Tumor"
"536",0.24792817679558,0.994565217391304,0.00836536657189442,"Esophageal Carcinoma","Primary Tumor"
"537",0.248618784530387,0.994565217391304,0.00834738769009204,"Esophageal Carcinoma","Primary Tumor"
"538",0.249309392265193,0.994565217391304,0.00833877956887697,"Esophageal Carcinoma","Primary Tumor"
"539",0.25,0.994565217391304,0.00821422051444738,"Esophageal Carcinoma","Primary Tumor"
"540",0.250690607734807,0.994565217391304,0.00818616997840812,"Esophageal Carcinoma","Primary Tumor"
"541",0.251381215469613,0.994565217391304,0.00816670146177424,"Esophageal Carcinoma","Primary Tumor"
"542",0.25207182320442,0.994565217391304,0.00815230522670677,"Esophageal Carcinoma","Primary Tumor"
"543",0.252762430939227,0.994565217391304,0.00810531078688567,"Esophageal Carcinoma","Primary Tumor"
"544",0.253453038674033,0.994565217391304,0.00809522708453787,"Esophageal Carcinoma","Primary Tumor"
"545",0.25414364640884,0.994565217391304,0.00808138617421463,"Esophageal Carcinoma","Primary Tumor"
"546",0.255524861878453,0.994565217391304,0.00806604641101489,"Esophageal Carcinoma","Primary Tumor"
"547",0.25621546961326,0.994565217391304,0.00802574746203691,"Esophageal Carcinoma","Primary Tumor"
"548",0.256906077348066,0.994565217391304,0.0080152202206751,"Esophageal Carcinoma","Primary Tumor"
"549",0.257596685082873,0.994565217391304,0.00800337806265861,"Esophageal Carcinoma","Primary Tumor"
"550",0.25828729281768,0.994565217391304,0.0079026381921646,"Esophageal Carcinoma","Primary Tumor"
"551",0.258977900552486,0.994565217391304,0.0078923911260794,"Esophageal Carcinoma","Primary Tumor"
"552",0.259668508287293,0.994565217391304,0.00788402863297162,"Esophageal Carcinoma","Primary Tumor"
"553",0.260359116022099,0.994565217391304,0.00778706813884268,"Esophageal Carcinoma","Primary Tumor"
"554",0.261049723756906,0.994565217391304,0.00777510756696307,"Esophageal Carcinoma","Primary Tumor"
"555",0.261740331491713,0.994565217391304,0.00775351075178713,"Esophageal Carcinoma","Primary Tumor"
"556",0.262430939226519,0.994565217391304,0.00774285509539911,"Esophageal Carcinoma","Primary Tumor"
"557",0.263121546961326,0.994565217391304,0.00770268709430498,"Esophageal Carcinoma","Primary Tumor"
"558",0.263812154696133,0.994565217391304,0.00769550526106776,"Esophageal Carcinoma","Primary Tumor"
"559",0.264502762430939,0.994565217391304,0.00769240263048045,"Esophageal Carcinoma","Primary Tumor"
"560",0.265193370165746,0.994565217391304,0.00766995474770659,"Esophageal Carcinoma","Primary Tumor"
"561",0.265883977900552,0.994565217391304,0.00766166965361498,"Esophageal Carcinoma","Primary Tumor"
"562",0.266574585635359,0.994565217391304,0.00763817912534242,"Esophageal Carcinoma","Primary Tumor"
"563",0.267265193370166,0.994565217391304,0.00761309731923871,"Esophageal Carcinoma","Primary Tumor"
"564",0.267955801104972,0.994565217391304,0.00757386561114289,"Esophageal Carcinoma","Primary Tumor"
"565",0.268646408839779,0.994565217391304,0.00751039645188356,"Esophageal Carcinoma","Primary Tumor"
"566",0.269337016574586,0.994565217391304,0.00742080442159519,"Esophageal Carcinoma","Primary Tumor"
"567",0.270027624309392,0.994565217391304,0.00741233247074971,"Esophageal Carcinoma","Primary Tumor"
"568",0.270718232044199,0.994565217391304,0.00740774310603578,"Esophageal Carcinoma","Primary Tumor"
"569",0.271408839779006,0.994565217391304,0.00739498378117756,"Esophageal Carcinoma","Primary Tumor"
"570",0.272099447513812,0.994565217391304,0.00727860542676968,"Esophageal Carcinoma","Primary Tumor"
"571",0.272790055248619,0.994565217391304,0.00720958080592268,"Esophageal Carcinoma","Primary Tumor"
"572",0.273480662983425,0.994565217391304,0.00720151546254703,"Esophageal Carcinoma","Primary Tumor"
"573",0.274171270718232,0.994565217391304,0.00719585543701012,"Esophageal Carcinoma","Primary Tumor"
"574",0.274861878453039,0.994565217391304,0.00715384178330942,"Esophageal Carcinoma","Primary Tumor"
"575",0.275552486187845,0.994565217391304,0.00713199485280498,"Esophageal Carcinoma","Primary Tumor"
"576",0.276933701657459,0.994565217391304,0.00709772753798338,"Esophageal Carcinoma","Primary Tumor"
"577",0.277624309392265,0.994565217391304,0.00708057227757353,"Esophageal Carcinoma","Primary Tumor"
"578",0.278314917127072,0.994565217391304,0.00706230575716538,"Esophageal Carcinoma","Primary Tumor"
"579",0.279005524861878,0.994565217391304,0.00705262199504454,"Esophageal Carcinoma","Primary Tumor"
"580",0.279696132596685,0.994565217391304,0.00704610110230914,"Esophageal Carcinoma","Primary Tumor"
"581",0.280386740331492,0.994565217391304,0.00700479388632451,"Esophageal Carcinoma","Primary Tumor"
"582",0.281077348066298,0.994565217391304,0.00699792020389997,"Esophageal Carcinoma","Primary Tumor"
"583",0.281767955801105,0.994565217391304,0.00698439621356808,"Esophageal Carcinoma","Primary Tumor"
"584",0.282458563535912,0.994565217391304,0.00692136852467135,"Esophageal Carcinoma","Primary Tumor"
"585",0.283149171270718,0.994565217391304,0.00692057268965682,"Esophageal Carcinoma","Primary Tumor"
"586",0.283839779005525,0.994565217391304,0.00691598542018739,"Esophageal Carcinoma","Primary Tumor"
"587",0.284530386740331,0.994565217391304,0.00688827931444122,"Esophageal Carcinoma","Primary Tumor"
"588",0.285911602209945,0.994565217391304,0.00688399866911285,"Esophageal Carcinoma","Primary Tumor"
"589",0.286602209944751,0.994565217391304,0.00679549753568,"Esophageal Carcinoma","Primary Tumor"
"590",0.287292817679558,0.994565217391304,0.00676941180054544,"Esophageal Carcinoma","Primary Tumor"
"591",0.287983425414365,0.994565217391304,0.00671341397583971,"Esophageal Carcinoma","Primary Tumor"
"592",0.288674033149171,0.994565217391304,0.00670622705074963,"Esophageal Carcinoma","Primary Tumor"
"593",0.289364640883978,0.994565217391304,0.00667011271165031,"Esophageal Carcinoma","Primary Tumor"
"594",0.290055248618785,0.994565217391304,0.00662216720011986,"Esophageal Carcinoma","Primary Tumor"
"595",0.290745856353591,0.994565217391304,0.00660264296950114,"Esophageal Carcinoma","Primary Tumor"
"596",0.291436464088398,0.994565217391304,0.00656282165439935,"Esophageal Carcinoma","Primary Tumor"
"597",0.292127071823204,0.994565217391304,0.00653940362365886,"Esophageal Carcinoma","Primary Tumor"
"598",0.292817679558011,0.994565217391304,0.00652709501754755,"Esophageal Carcinoma","Primary Tumor"
"599",0.293508287292818,0.994565217391304,0.00652199564976778,"Esophageal Carcinoma","Primary Tumor"
"600",0.294889502762431,0.994565217391304,0.00650993261334774,"Esophageal Carcinoma","Primary Tumor"
"601",0.295580110497238,0.994565217391304,0.0065091243718002,"Esophageal Carcinoma","Primary Tumor"
"602",0.296270718232044,0.994565217391304,0.00649514949743258,"Esophageal Carcinoma","Primary Tumor"
"603",0.296961325966851,0.994565217391304,0.00649088917482275,"Esophageal Carcinoma","Primary Tumor"
"604",0.297651933701657,0.994565217391304,0.00645953491736012,"Esophageal Carcinoma","Primary Tumor"
"605",0.298342541436464,0.994565217391304,0.00641173519591626,"Esophageal Carcinoma","Primary Tumor"
"606",0.299033149171271,0.994565217391304,0.00640885865801345,"Esophageal Carcinoma","Primary Tumor"
"607",0.299723756906077,0.994565217391304,0.00640645025514545,"Esophageal Carcinoma","Primary Tumor"
"608",0.300414364640884,0.994565217391304,0.00640376062192009,"Esophageal Carcinoma","Primary Tumor"
"609",0.301104972375691,0.994565217391304,0.00638469694526473,"Esophageal Carcinoma","Primary Tumor"
"610",0.301795580110497,0.994565217391304,0.00636976347465696,"Esophageal Carcinoma","Primary Tumor"
"611",0.302486187845304,0.994565217391304,0.00633338168482707,"Esophageal Carcinoma","Primary Tumor"
"612",0.303176795580111,0.994565217391304,0.0063097639963917,"Esophageal Carcinoma","Primary Tumor"
"613",0.303867403314917,0.994565217391304,0.00630639080500579,"Esophageal Carcinoma","Primary Tumor"
"614",0.304558011049724,0.994565217391304,0.00628529244628427,"Esophageal Carcinoma","Primary Tumor"
"615",0.30524861878453,0.994565217391304,0.00625959529583301,"Esophageal Carcinoma","Primary Tumor"
"616",0.305939226519337,0.994565217391304,0.00621912553251665,"Esophageal Carcinoma","Primary Tumor"
"617",0.306629834254144,0.994565217391304,0.00621682112600158,"Esophageal Carcinoma","Primary Tumor"
"618",0.30732044198895,0.994565217391304,0.00620857701424821,"Esophageal Carcinoma","Primary Tumor"
"619",0.308011049723757,0.994565217391304,0.00620199724421267,"Esophageal Carcinoma","Primary Tumor"
"620",0.308701657458564,0.994565217391304,0.00617691591352546,"Esophageal Carcinoma","Primary Tumor"
"621",0.30939226519337,0.994565217391304,0.00612361704662076,"Esophageal Carcinoma","Primary Tumor"
"622",0.310082872928177,0.994565217391304,0.00611477073353774,"Esophageal Carcinoma","Primary Tumor"
"623",0.310773480662983,0.994565217391304,0.00610935624034365,"Esophageal Carcinoma","Primary Tumor"
"624",0.31146408839779,0.994565217391304,0.00608086672485406,"Esophageal Carcinoma","Primary Tumor"
"625",0.312154696132597,0.994565217391304,0.00607251486852657,"Esophageal Carcinoma","Primary Tumor"
"626",0.312845303867403,0.994565217391304,0.00602374608488618,"Esophageal Carcinoma","Primary Tumor"
"627",0.31353591160221,0.994565217391304,0.00596136523866169,"Esophageal Carcinoma","Primary Tumor"
"628",0.314226519337017,0.994565217391304,0.00593312146842394,"Esophageal Carcinoma","Primary Tumor"
"629",0.314917127071823,0.994565217391304,0.00590155579608575,"Esophageal Carcinoma","Primary Tumor"
"630",0.31560773480663,0.994565217391304,0.00586483818098278,"Esophageal Carcinoma","Primary Tumor"
"631",0.316298342541436,0.994565217391304,0.00582866652849466,"Esophageal Carcinoma","Primary Tumor"
"632",0.316988950276243,0.994565217391304,0.00578559211621369,"Esophageal Carcinoma","Primary Tumor"
"633",0.31767955801105,0.994565217391304,0.00575353977094806,"Esophageal Carcinoma","Primary Tumor"
"634",0.318370165745856,0.994565217391304,0.005749614734314,"Esophageal Carcinoma","Primary Tumor"
"635",0.319060773480663,0.994565217391304,0.00573828617763051,"Esophageal Carcinoma","Primary Tumor"
"636",0.320441988950276,0.994565217391304,0.00571412253190612,"Esophageal Carcinoma","Primary Tumor"
"637",0.321132596685083,0.994565217391304,0.00569208569806516,"Esophageal Carcinoma","Primary Tumor"
"638",0.321823204419889,0.994565217391304,0.00566750286248035,"Esophageal Carcinoma","Primary Tumor"
"639",0.322513812154696,0.994565217391304,0.00566613445987638,"Esophageal Carcinoma","Primary Tumor"
"640",0.323204419889503,0.994565217391304,0.00566246564870857,"Esophageal Carcinoma","Primary Tumor"
"641",0.323895027624309,0.994565217391304,0.00561515597866594,"Esophageal Carcinoma","Primary Tumor"
"642",0.324585635359116,0.994565217391304,0.00558278146493871,"Esophageal Carcinoma","Primary Tumor"
"643",0.325276243093923,0.994565217391304,0.00555878801845402,"Esophageal Carcinoma","Primary Tumor"
"644",0.325966850828729,0.994565217391304,0.00555253398102318,"Esophageal Carcinoma","Primary Tumor"
"645",0.326657458563536,0.994565217391304,0.00554958387473209,"Esophageal Carcinoma","Primary Tumor"
"646",0.327348066298343,0.994565217391304,0.00553191337288512,"Esophageal Carcinoma","Primary Tumor"
"647",0.328038674033149,0.994565217391304,0.00552135527119257,"Esophageal Carcinoma","Primary Tumor"
"648",0.328729281767956,0.994565217391304,0.005518397533167,"Esophageal Carcinoma","Primary Tumor"
"649",0.329419889502762,0.994565217391304,0.00543912721889184,"Esophageal Carcinoma","Primary Tumor"
"650",0.330110497237569,0.994565217391304,0.00542405786861698,"Esophageal Carcinoma","Primary Tumor"
"651",0.330801104972376,0.994565217391304,0.00540240590574547,"Esophageal Carcinoma","Primary Tumor"
"652",0.331491712707182,0.994565217391304,0.0053772758789898,"Esophageal Carcinoma","Primary Tumor"
"653",0.332182320441989,0.994565217391304,0.0053763330694244,"Esophageal Carcinoma","Primary Tumor"
"654",0.332872928176796,0.994565217391304,0.00536331677348979,"Esophageal Carcinoma","Primary Tumor"
"655",0.333563535911602,0.994565217391304,0.00532173427708237,"Esophageal Carcinoma","Primary Tumor"
"656",0.334254143646409,0.994565217391304,0.00531940264583887,"Esophageal Carcinoma","Primary Tumor"
"657",0.334944751381215,0.994565217391304,0.00531729494159381,"Esophageal Carcinoma","Primary Tumor"
"658",0.335635359116022,0.994565217391304,0.00529562559205345,"Esophageal Carcinoma","Primary Tumor"
"659",0.336325966850829,0.994565217391304,0.0052831632083854,"Esophageal Carcinoma","Primary Tumor"
"660",0.337016574585635,0.994565217391304,0.00520719296042473,"Esophageal Carcinoma","Primary Tumor"
"661",0.337707182320442,0.994565217391304,0.00519880151384062,"Esophageal Carcinoma","Primary Tumor"
"662",0.338397790055249,0.994565217391304,0.00519579601339968,"Esophageal Carcinoma","Primary Tumor"
"663",0.339088397790055,0.994565217391304,0.00518333625312435,"Esophageal Carcinoma","Primary Tumor"
"664",0.339779005524862,0.994565217391304,0.00516368581900971,"Esophageal Carcinoma","Primary Tumor"
"665",0.340469613259669,0.994565217391304,0.00515119348390108,"Esophageal Carcinoma","Primary Tumor"
"666",0.341160220994475,0.994565217391304,0.00511450149206112,"Esophageal Carcinoma","Primary Tumor"
"667",0.341850828729282,0.994565217391304,0.00507144302451363,"Esophageal Carcinoma","Primary Tumor"
"668",0.342541436464088,0.994565217391304,0.00505424135913439,"Esophageal Carcinoma","Primary Tumor"
"669",0.343232044198895,0.994565217391304,0.00504378953567278,"Esophageal Carcinoma","Primary Tumor"
"670",0.343922651933702,0.994565217391304,0.00493078023673363,"Esophageal Carcinoma","Primary Tumor"
"671",0.344613259668508,0.994565217391304,0.00491812544076611,"Esophageal Carcinoma","Primary Tumor"
"672",0.345303867403315,0.994565217391304,0.00491494540650512,"Esophageal Carcinoma","Primary Tumor"
"673",0.345994475138122,0.994565217391304,0.00490588391570312,"Esophageal Carcinoma","Primary Tumor"
"674",0.346685082872928,0.994565217391304,0.00489738711576698,"Esophageal Carcinoma","Primary Tumor"
"675",0.347375690607735,0.994565217391304,0.00488474669111885,"Esophageal Carcinoma","Primary Tumor"
"676",0.348066298342541,0.994565217391304,0.00488063130774069,"Esophageal Carcinoma","Primary Tumor"
"677",0.348756906077348,0.994565217391304,0.00487912028129587,"Esophageal Carcinoma","Primary Tumor"
"678",0.349447513812155,0.994565217391304,0.00487878143395312,"Esophageal Carcinoma","Primary Tumor"
"679",0.350138121546961,0.994565217391304,0.0048611890775103,"Esophageal Carcinoma","Primary Tumor"
"680",0.350828729281768,0.994565217391304,0.00485594877233743,"Esophageal Carcinoma","Primary Tumor"
"681",0.351519337016575,0.994565217391304,0.00484169467592188,"Esophageal Carcinoma","Primary Tumor"
"682",0.352209944751381,0.994565217391304,0.00482942552386778,"Esophageal Carcinoma","Primary Tumor"
"683",0.352900552486188,0.994565217391304,0.0048185460320937,"Esophageal Carcinoma","Primary Tumor"
"684",0.353591160220994,0.994565217391304,0.00477319754099285,"Esophageal Carcinoma","Primary Tumor"
"685",0.354281767955801,0.994565217391304,0.00475859225225122,"Esophageal Carcinoma","Primary Tumor"
"686",0.354972375690608,0.994565217391304,0.00475437754457121,"Esophageal Carcinoma","Primary Tumor"
"687",0.355662983425414,0.994565217391304,0.0047499312106639,"Esophageal Carcinoma","Primary Tumor"
"688",0.356353591160221,0.994565217391304,0.00474158873886045,"Esophageal Carcinoma","Primary Tumor"
"689",0.357044198895028,0.994565217391304,0.00474154641479588,"Esophageal Carcinoma","Primary Tumor"
"690",0.357734806629834,0.994565217391304,0.00469737282083568,"Esophageal Carcinoma","Primary Tumor"
"691",0.358425414364641,0.994565217391304,0.00466882976970557,"Esophageal Carcinoma","Primary Tumor"
"692",0.359116022099448,0.994565217391304,0.00465520040052558,"Esophageal Carcinoma","Primary Tumor"
"693",0.359806629834254,0.994565217391304,0.00464953991407678,"Esophageal Carcinoma","Primary Tumor"
"694",0.360497237569061,0.994565217391304,0.00459970367051889,"Esophageal Carcinoma","Primary Tumor"
"695",0.361187845303867,0.994565217391304,0.00457201522055491,"Esophageal Carcinoma","Primary Tumor"
"696",0.361878453038674,0.994565217391304,0.00454411769486284,"Esophageal Carcinoma","Primary Tumor"
"697",0.362569060773481,0.994565217391304,0.00452576313470265,"Esophageal Carcinoma","Primary Tumor"
"698",0.363259668508287,0.994565217391304,0.00451834597859055,"Esophageal Carcinoma","Primary Tumor"
"699",0.363950276243094,0.994565217391304,0.00448199158613253,"Esophageal Carcinoma","Primary Tumor"
"700",0.364640883977901,0.994565217391304,0.00445787925526761,"Esophageal Carcinoma","Primary Tumor"
"701",0.365331491712707,0.994565217391304,0.00441466260114881,"Esophageal Carcinoma","Primary Tumor"
"702",0.366022099447514,0.994565217391304,0.00441323915516475,"Esophageal Carcinoma","Primary Tumor"
"703",0.36671270718232,0.994565217391304,0.00441101788051813,"Esophageal Carcinoma","Primary Tumor"
"704",0.367403314917127,0.994565217391304,0.00440426210535125,"Esophageal Carcinoma","Primary Tumor"
"705",0.368093922651934,0.994565217391304,0.00439964422839556,"Esophageal Carcinoma","Primary Tumor"
"706",0.36878453038674,0.994565217391304,0.00439838992033765,"Esophageal Carcinoma","Primary Tumor"
"707",0.369475138121547,0.994565217391304,0.00439584219236815,"Esophageal Carcinoma","Primary Tumor"
"708",0.370165745856354,0.994565217391304,0.00438615335342307,"Esophageal Carcinoma","Primary Tumor"
"709",0.37085635359116,0.994565217391304,0.00438283639556509,"Esophageal Carcinoma","Primary Tumor"
"710",0.371546961325967,0.994565217391304,0.00437879332609702,"Esophageal Carcinoma","Primary Tumor"
"711",0.372237569060773,0.994565217391304,0.00437454181105206,"Esophageal Carcinoma","Primary Tumor"
"712",0.37292817679558,0.994565217391304,0.00437330739401958,"Esophageal Carcinoma","Primary Tumor"
"713",0.373618784530387,0.994565217391304,0.00435966178838921,"Esophageal Carcinoma","Primary Tumor"
"714",0.374309392265193,0.994565217391304,0.00434016882263188,"Esophageal Carcinoma","Primary Tumor"
"715",0.375,0.994565217391304,0.00433890228897353,"Esophageal Carcinoma","Primary Tumor"
"716",0.375690607734807,0.994565217391304,0.00432448632570842,"Esophageal Carcinoma","Primary Tumor"
"717",0.376381215469613,0.994565217391304,0.00431597331898323,"Esophageal Carcinoma","Primary Tumor"
"718",0.37707182320442,0.994565217391304,0.00429390895672801,"Esophageal Carcinoma","Primary Tumor"
"719",0.377762430939227,0.994565217391304,0.00429188662326977,"Esophageal Carcinoma","Primary Tumor"
"720",0.378453038674033,0.994565217391304,0.00425549478347598,"Esophageal Carcinoma","Primary Tumor"
"721",0.37914364640884,0.994565217391304,0.00422410110212025,"Esophageal Carcinoma","Primary Tumor"
"722",0.379834254143646,0.994565217391304,0.00421139966258078,"Esophageal Carcinoma","Primary Tumor"
"723",0.380524861878453,0.994565217391304,0.00420652294614064,"Esophageal Carcinoma","Primary Tumor"
"724",0.38121546961326,0.994565217391304,0.00419915361702617,"Esophageal Carcinoma","Primary Tumor"
"725",0.381906077348066,0.994565217391304,0.0041925100671023,"Esophageal Carcinoma","Primary Tumor"
"726",0.382596685082873,0.994565217391304,0.00419180105344371,"Esophageal Carcinoma","Primary Tumor"
"727",0.38328729281768,0.994565217391304,0.00416670581355709,"Esophageal Carcinoma","Primary Tumor"
"728",0.384668508287293,0.994565217391304,0.00415161789849647,"Esophageal Carcinoma","Primary Tumor"
"729",0.385359116022099,0.994565217391304,0.00412820938932629,"Esophageal Carcinoma","Primary Tumor"
"730",0.386049723756906,0.994565217391304,0.00412743346027266,"Esophageal Carcinoma","Primary Tumor"
"731",0.386740331491713,0.994565217391304,0.00411114398518509,"Esophageal Carcinoma","Primary Tumor"
"732",0.387430939226519,0.994565217391304,0.00408572886494443,"Esophageal Carcinoma","Primary Tumor"
"733",0.388121546961326,0.994565217391304,0.00408296132179397,"Esophageal Carcinoma","Primary Tumor"
"734",0.388812154696133,0.994565217391304,0.00407902887533484,"Esophageal Carcinoma","Primary Tumor"
"735",0.389502762430939,0.994565217391304,0.0040788129882788,"Esophageal Carcinoma","Primary Tumor"
"736",0.390193370165746,0.994565217391304,0.00407620365115735,"Esophageal Carcinoma","Primary Tumor"
"737",0.390883977900552,0.994565217391304,0.00407239172049887,"Esophageal Carcinoma","Primary Tumor"
"738",0.391574585635359,0.994565217391304,0.00406617331185702,"Esophageal Carcinoma","Primary Tumor"
"739",0.392265193370166,0.994565217391304,0.00406371811453904,"Esophageal Carcinoma","Primary Tumor"
"740",0.392955801104972,0.994565217391304,0.00405766736097993,"Esophageal Carcinoma","Primary Tumor"
"741",0.393646408839779,0.994565217391304,0.00405723165983328,"Esophageal Carcinoma","Primary Tumor"
"742",0.394337016574586,0.994565217391304,0.00405104188858142,"Esophageal Carcinoma","Primary Tumor"
"743",0.395027624309392,0.994565217391304,0.00403831391672372,"Esophageal Carcinoma","Primary Tumor"
"744",0.395718232044199,0.994565217391304,0.00402789535330091,"Esophageal Carcinoma","Primary Tumor"
"745",0.396408839779006,0.994565217391304,0.00401331630774139,"Esophageal Carcinoma","Primary Tumor"
"746",0.397099447513812,0.994565217391304,0.00400720810981665,"Esophageal Carcinoma","Primary Tumor"
"747",0.397790055248619,0.994565217391304,0.00400097538756049,"Esophageal Carcinoma","Primary Tumor"
"748",0.398480662983425,0.994565217391304,0.00399072157479752,"Esophageal Carcinoma","Primary Tumor"
"749",0.399171270718232,0.994565217391304,0.00395403807897038,"Esophageal Carcinoma","Primary Tumor"
"750",0.400552486187845,0.994565217391304,0.00395012880550088,"Esophageal Carcinoma","Primary Tumor"
"751",0.401243093922652,0.994565217391304,0.00394280511613605,"Esophageal Carcinoma","Primary Tumor"
"752",0.401933701657459,0.994565217391304,0.00393663654590753,"Esophageal Carcinoma","Primary Tumor"
"753",0.402624309392265,0.994565217391304,0.00391889967542271,"Esophageal Carcinoma","Primary Tumor"
"754",0.403314917127072,0.994565217391304,0.00391544419016824,"Esophageal Carcinoma","Primary Tumor"
"755",0.404005524861878,0.994565217391304,0.00391316133340574,"Esophageal Carcinoma","Primary Tumor"
"756",0.404696132596685,0.994565217391304,0.00390876913443596,"Esophageal Carcinoma","Primary Tumor"
"757",0.405386740331492,0.994565217391304,0.00388657362814733,"Esophageal Carcinoma","Primary Tumor"
"758",0.406077348066298,0.994565217391304,0.0038865052080729,"Esophageal Carcinoma","Primary Tumor"
"759",0.406767955801105,0.994565217391304,0.00388494708805996,"Esophageal Carcinoma","Primary Tumor"
"760",0.407458563535912,0.994565217391304,0.00385150724969943,"Esophageal Carcinoma","Primary Tumor"
"761",0.408149171270718,0.994565217391304,0.00382269738219039,"Esophageal Carcinoma","Primary Tumor"
"762",0.408839779005525,0.994565217391304,0.0038154343745711,"Esophageal Carcinoma","Primary Tumor"
"763",0.409530386740331,0.994565217391304,0.00379905982922998,"Esophageal Carcinoma","Primary Tumor"
"764",0.410220994475138,0.994565217391304,0.00379320049331933,"Esophageal Carcinoma","Primary Tumor"
"765",0.410911602209945,0.994565217391304,0.00375517944986357,"Esophageal Carcinoma","Primary Tumor"
"766",0.411602209944751,0.994565217391304,0.00375441645897439,"Esophageal Carcinoma","Primary Tumor"
"767",0.412292817679558,0.994565217391304,0.00373755258903402,"Esophageal Carcinoma","Primary Tumor"
"768",0.412983425414365,0.994565217391304,0.00372995896967065,"Esophageal Carcinoma","Primary Tumor"
"769",0.413674033149171,0.994565217391304,0.00370730299554656,"Esophageal Carcinoma","Primary Tumor"
"770",0.414364640883978,0.994565217391304,0.0037047097881021,"Esophageal Carcinoma","Primary Tumor"
"771",0.415055248618785,0.994565217391304,0.00369996160339077,"Esophageal Carcinoma","Primary Tumor"
"772",0.415745856353591,0.994565217391304,0.0036910306298719,"Esophageal Carcinoma","Primary Tumor"
"773",0.416436464088398,0.994565217391304,0.00368582368492734,"Esophageal Carcinoma","Primary Tumor"
"774",0.417127071823204,0.994565217391304,0.00367984242183316,"Esophageal Carcinoma","Primary Tumor"
"775",0.417817679558011,0.994565217391304,0.00367165899671072,"Esophageal Carcinoma","Primary Tumor"
"776",0.418508287292818,0.994565217391304,0.0036547748803156,"Esophageal Carcinoma","Primary Tumor"
"777",0.419198895027624,0.994565217391304,0.00364522160989276,"Esophageal Carcinoma","Primary Tumor"
"778",0.419889502762431,0.994565217391304,0.00364416846311548,"Esophageal Carcinoma","Primary Tumor"
"779",0.420580110497238,0.994565217391304,0.00363683585540619,"Esophageal Carcinoma","Primary Tumor"
"780",0.421270718232044,0.994565217391304,0.00363648699858925,"Esophageal Carcinoma","Primary Tumor"
"781",0.421961325966851,0.994565217391304,0.00363306155127153,"Esophageal Carcinoma","Primary Tumor"
"782",0.422651933701657,0.994565217391304,0.00360665620167563,"Esophageal Carcinoma","Primary Tumor"
"783",0.423342541436464,0.994565217391304,0.00360584338334703,"Esophageal Carcinoma","Primary Tumor"
"784",0.424033149171271,0.994565217391304,0.00360542735317401,"Esophageal Carcinoma","Primary Tumor"
"785",0.424723756906077,0.994565217391304,0.00359110994062492,"Esophageal Carcinoma","Primary Tumor"
"786",0.424723756906077,1,0.00359035291355881,"Esophageal Carcinoma","Primary Tumor"
"787",0.425414364640884,1,0.00357164423435097,"Esophageal Carcinoma","Primary Tumor"
"788",0.426104972375691,1,0.00356819551131756,"Esophageal Carcinoma","Primary Tumor"
"789",0.426795580110497,1,0.00355555744678473,"Esophageal Carcinoma","Primary Tumor"
"790",0.427486187845304,1,0.00355080195357829,"Esophageal Carcinoma","Primary Tumor"
"791",0.428176795580111,1,0.00355046687238931,"Esophageal Carcinoma","Primary Tumor"
"792",0.428867403314917,1,0.00354526006188914,"Esophageal Carcinoma","Primary Tumor"
"793",0.429558011049724,1,0.00352932079846431,"Esophageal Carcinoma","Primary Tumor"
"794",0.43024861878453,1,0.00351193741234592,"Esophageal Carcinoma","Primary Tumor"
"795",0.430939226519337,1,0.00350084750012968,"Esophageal Carcinoma","Primary Tumor"
"796",0.431629834254144,1,0.0034991165308473,"Esophageal Carcinoma","Primary Tumor"
"797",0.43232044198895,1,0.00348992311673596,"Esophageal Carcinoma","Primary Tumor"
"798",0.433011049723757,1,0.00348606082263633,"Esophageal Carcinoma","Primary Tumor"
"799",0.433701657458564,1,0.00347506708749188,"Esophageal Carcinoma","Primary Tumor"
"800",0.43439226519337,1,0.00347273724521587,"Esophageal Carcinoma","Primary Tumor"
"801",0.435082872928177,1,0.00343001483911785,"Esophageal Carcinoma","Primary Tumor"
"802",0.435773480662983,1,0.00342715368956242,"Esophageal Carcinoma","Primary Tumor"
"803",0.43646408839779,1,0.00341549327253245,"Esophageal Carcinoma","Primary Tumor"
"804",0.437154696132597,1,0.00339944837419786,"Esophageal Carcinoma","Primary Tumor"
"805",0.437845303867403,1,0.00336705600570536,"Esophageal Carcinoma","Primary Tumor"
"806",0.43853591160221,1,0.00335773793403005,"Esophageal Carcinoma","Primary Tumor"
"807",0.439226519337017,1,0.00334791588755077,"Esophageal Carcinoma","Primary Tumor"
"808",0.439917127071823,1,0.00333608817379284,"Esophageal Carcinoma","Primary Tumor"
"809",0.44060773480663,1,0.00333607808844704,"Esophageal Carcinoma","Primary Tumor"
"810",0.441298342541436,1,0.00333157168419545,"Esophageal Carcinoma","Primary Tumor"
"811",0.441988950276243,1,0.00332818487809174,"Esophageal Carcinoma","Primary Tumor"
"812",0.44267955801105,1,0.00332566894763705,"Esophageal Carcinoma","Primary Tumor"
"813",0.443370165745856,1,0.00329874861508454,"Esophageal Carcinoma","Primary Tumor"
"814",0.444060773480663,1,0.00329784725997093,"Esophageal Carcinoma","Primary Tumor"
"815",0.44475138121547,1,0.00329546559628226,"Esophageal Carcinoma","Primary Tumor"
"816",0.446132596685083,1,0.0032945466461109,"Esophageal Carcinoma","Primary Tumor"
"817",0.446823204419889,1,0.00328632258775554,"Esophageal Carcinoma","Primary Tumor"
"818",0.447513812154696,1,0.00328024519531967,"Esophageal Carcinoma","Primary Tumor"
"819",0.448204419889503,1,0.00327908667559921,"Esophageal Carcinoma","Primary Tumor"
"820",0.448895027624309,1,0.00325278247600791,"Esophageal Carcinoma","Primary Tumor"
"821",0.449585635359116,1,0.00324914323118878,"Esophageal Carcinoma","Primary Tumor"
"822",0.450276243093923,1,0.00323637940091113,"Esophageal Carcinoma","Primary Tumor"
"823",0.450966850828729,1,0.00323239381835286,"Esophageal Carcinoma","Primary Tumor"
"824",0.451657458563536,1,0.00323187356314287,"Esophageal Carcinoma","Primary Tumor"
"825",0.452348066298343,1,0.00322837926910464,"Esophageal Carcinoma","Primary Tumor"
"826",0.453038674033149,1,0.00322077822763622,"Esophageal Carcinoma","Primary Tumor"
"827",0.453729281767956,1,0.00321388236436157,"Esophageal Carcinoma","Primary Tumor"
"828",0.454419889502762,1,0.00321329112377083,"Esophageal Carcinoma","Primary Tumor"
"829",0.455110497237569,1,0.00320450212716031,"Esophageal Carcinoma","Primary Tumor"
"830",0.455801104972376,1,0.00318617232664795,"Esophageal Carcinoma","Primary Tumor"
"831",0.456491712707182,1,0.00318383341115438,"Esophageal Carcinoma","Primary Tumor"
"832",0.457182320441989,1,0.00317524627787396,"Esophageal Carcinoma","Primary Tumor"
"833",0.457872928176796,1,0.0031728242910586,"Esophageal Carcinoma","Primary Tumor"
"834",0.458563535911602,1,0.00315541313435551,"Esophageal Carcinoma","Primary Tumor"
"835",0.459254143646409,1,0.00312391571873748,"Esophageal Carcinoma","Primary Tumor"
"836",0.459944751381215,1,0.00311724874844429,"Esophageal Carcinoma","Primary Tumor"
"837",0.460635359116022,1,0.00311696417090165,"Esophageal Carcinoma","Primary Tumor"
"838",0.461325966850829,1,0.00310870511745196,"Esophageal Carcinoma","Primary Tumor"
"839",0.462016574585635,1,0.0031073597948616,"Esophageal Carcinoma","Primary Tumor"
"840",0.462707182320442,1,0.0031037596667796,"Esophageal Carcinoma","Primary Tumor"
"841",0.463397790055249,1,0.00310237053133102,"Esophageal Carcinoma","Primary Tumor"
"842",0.464088397790055,1,0.00309627375543239,"Esophageal Carcinoma","Primary Tumor"
"843",0.464779005524862,1,0.00308642526312418,"Esophageal Carcinoma","Primary Tumor"
"844",0.465469613259669,1,0.00308635910501118,"Esophageal Carcinoma","Primary Tumor"
"845",0.466160220994475,1,0.00308082747928805,"Esophageal Carcinoma","Primary Tumor"
"846",0.466850828729282,1,0.00307753084112795,"Esophageal Carcinoma","Primary Tumor"
"847",0.467541436464088,1,0.00306881695253537,"Esophageal Carcinoma","Primary Tumor"
"848",0.468232044198895,1,0.00306244319250516,"Esophageal Carcinoma","Primary Tumor"
"849",0.468922651933702,1,0.0030581734668303,"Esophageal Carcinoma","Primary Tumor"
"850",0.469613259668508,1,0.00305789651724705,"Esophageal Carcinoma","Primary Tumor"
"851",0.470303867403315,1,0.00305513292274903,"Esophageal Carcinoma","Primary Tumor"
"852",0.470994475138122,1,0.003040121258337,"Esophageal Carcinoma","Primary Tumor"
"853",0.471685082872928,1,0.00302956130639016,"Esophageal Carcinoma","Primary Tumor"
"854",0.472375690607735,1,0.00302920576933827,"Esophageal Carcinoma","Primary Tumor"
"855",0.473066298342541,1,0.00302007805189347,"Esophageal Carcinoma","Primary Tumor"
"856",0.473756906077348,1,0.00301040697230866,"Esophageal Carcinoma","Primary Tumor"
"857",0.474447513812155,1,0.00300685484017325,"Esophageal Carcinoma","Primary Tumor"
"858",0.475138121546961,1,0.00300343395456837,"Esophageal Carcinoma","Primary Tumor"
"859",0.475828729281768,1,0.00298835790295368,"Esophageal Carcinoma","Primary Tumor"
"860",0.476519337016575,1,0.00298064453396617,"Esophageal Carcinoma","Primary Tumor"
"861",0.477209944751381,1,0.00297985105572494,"Esophageal Carcinoma","Primary Tumor"
"862",0.477900552486188,1,0.00297222181517962,"Esophageal Carcinoma","Primary Tumor"
"863",0.478591160220994,1,0.00296855133555023,"Esophageal Carcinoma","Primary Tumor"
"864",0.479281767955801,1,0.00296564004106029,"Esophageal Carcinoma","Primary Tumor"
"865",0.479972375690608,1,0.00296477352636995,"Esophageal Carcinoma","Primary Tumor"
"866",0.480662983425414,1,0.00296247210049632,"Esophageal Carcinoma","Primary Tumor"
"867",0.481353591160221,1,0.00295962205810931,"Esophageal Carcinoma","Primary Tumor"
"868",0.482044198895028,1,0.00295873907350381,"Esophageal Carcinoma","Primary Tumor"
"869",0.482734806629834,1,0.00294452245303991,"Esophageal Carcinoma","Primary Tumor"
"870",0.483425414364641,1,0.00294076749106603,"Esophageal Carcinoma","Primary Tumor"
"871",0.484116022099448,1,0.00293858053523764,"Esophageal Carcinoma","Primary Tumor"
"872",0.485497237569061,1,0.00293615902819292,"Esophageal Carcinoma","Primary Tumor"
"873",0.486187845303867,1,0.00293366110014069,"Esophageal Carcinoma","Primary Tumor"
"874",0.486878453038674,1,0.00293328057188096,"Esophageal Carcinoma","Primary Tumor"
"875",0.487569060773481,1,0.00293308351665862,"Esophageal Carcinoma","Primary Tumor"
"876",0.488259668508287,1,0.00292879472698585,"Esophageal Carcinoma","Primary Tumor"
"877",0.488950276243094,1,0.00291827614612589,"Esophageal Carcinoma","Primary Tumor"
"878",0.489640883977901,1,0.00291794943133479,"Esophageal Carcinoma","Primary Tumor"
"879",0.490331491712707,1,0.00291033713687093,"Esophageal Carcinoma","Primary Tumor"
"880",0.491022099447514,1,0.00291006035796725,"Esophageal Carcinoma","Primary Tumor"
"881",0.49171270718232,1,0.00290896788501948,"Esophageal Carcinoma","Primary Tumor"
"882",0.492403314917127,1,0.00290887913142123,"Esophageal Carcinoma","Primary Tumor"
"883",0.493093922651934,1,0.00290226461521501,"Esophageal Carcinoma","Primary Tumor"
"884",0.49378453038674,1,0.0028986359141663,"Esophageal Carcinoma","Primary Tumor"
"885",0.494475138121547,1,0.0028912542203979,"Esophageal Carcinoma","Primary Tumor"
"886",0.495165745856354,1,0.00287037706264264,"Esophageal Carcinoma","Primary Tumor"
"887",0.49585635359116,1,0.00286478977949032,"Esophageal Carcinoma","Primary Tumor"
"888",0.496546961325967,1,0.00286369411826744,"Esophageal Carcinoma","Primary Tumor"
"889",0.497237569060773,1,0.00285813314275712,"Esophageal Carcinoma","Primary Tumor"
"890",0.49792817679558,1,0.00285503798219372,"Esophageal Carcinoma","Primary Tumor"
"891",0.498618784530387,1,0.00285111937324579,"Esophageal Carcinoma","Primary Tumor"
"892",0.499309392265193,1,0.00283024907361569,"Esophageal Carcinoma","Primary Tumor"
"893",0.5,1,0.00282949643221613,"Esophageal Carcinoma","Primary Tumor"
"894",0.500690607734807,1,0.00281620126599122,"Esophageal Carcinoma","Primary Tumor"
"895",0.501381215469613,1,0.00281202268548069,"Esophageal Carcinoma","Primary Tumor"
"896",0.50207182320442,1,0.00280851974237632,"Esophageal Carcinoma","Primary Tumor"
"897",0.502762430939227,1,0.0028044627457618,"Esophageal Carcinoma","Primary Tumor"
"898",0.503453038674033,1,0.00280397828617107,"Esophageal Carcinoma","Primary Tumor"
"899",0.50414364640884,1,0.00280105701438788,"Esophageal Carcinoma","Primary Tumor"
"900",0.504834254143646,1,0.00280015777862393,"Esophageal Carcinoma","Primary Tumor"
"901",0.505524861878453,1,0.00280013503495728,"Esophageal Carcinoma","Primary Tumor"
"902",0.50621546961326,1,0.0027829462979351,"Esophageal Carcinoma","Primary Tumor"
"903",0.506906077348066,1,0.00278249018079156,"Esophageal Carcinoma","Primary Tumor"
"904",0.507596685082873,1,0.00277845188220789,"Esophageal Carcinoma","Primary Tumor"
"905",0.50828729281768,1,0.00277311760497913,"Esophageal Carcinoma","Primary Tumor"
"906",0.508977900552486,1,0.00277290640229034,"Esophageal Carcinoma","Primary Tumor"
"907",0.509668508287293,1,0.00276618356924129,"Esophageal Carcinoma","Primary Tumor"
"908",0.510359116022099,1,0.00276558920619035,"Esophageal Carcinoma","Primary Tumor"
"909",0.511049723756906,1,0.00276253995503508,"Esophageal Carcinoma","Primary Tumor"
"910",0.511740331491713,1,0.00275940111743221,"Esophageal Carcinoma","Primary Tumor"
"911",0.512430939226519,1,0.00274583741639373,"Esophageal Carcinoma","Primary Tumor"
"912",0.513121546961326,1,0.00272073200733945,"Esophageal Carcinoma","Primary Tumor"
"913",0.513812154696133,1,0.00269552165966723,"Esophageal Carcinoma","Primary Tumor"
"914",0.514502762430939,1,0.0026941995628718,"Esophageal Carcinoma","Primary Tumor"
"915",0.515193370165746,1,0.00267789685584914,"Esophageal Carcinoma","Primary Tumor"
"916",0.515883977900553,1,0.0026726924002691,"Esophageal Carcinoma","Primary Tumor"
"917",0.516574585635359,1,0.00265445803052177,"Esophageal Carcinoma","Primary Tumor"
"918",0.517265193370166,1,0.00265001828311707,"Esophageal Carcinoma","Primary Tumor"
"919",0.517955801104972,1,0.00264979778574255,"Esophageal Carcinoma","Primary Tumor"
"920",0.518646408839779,1,0.0026487977529223,"Esophageal Carcinoma","Primary Tumor"
"921",0.519337016574586,1,0.00264438627027829,"Esophageal Carcinoma","Primary Tumor"
"922",0.520027624309392,1,0.00264297637273295,"Esophageal Carcinoma","Primary Tumor"
"923",0.520718232044199,1,0.00264033644485648,"Esophageal Carcinoma","Primary Tumor"
"924",0.521408839779006,1,0.00262936235530094,"Esophageal Carcinoma","Primary Tumor"
"925",0.522099447513812,1,0.00262306176755239,"Esophageal Carcinoma","Primary Tumor"
"926",0.522790055248619,1,0.0026197026670244,"Esophageal Carcinoma","Primary Tumor"
"927",0.523480662983425,1,0.00261384837537389,"Esophageal Carcinoma","Primary Tumor"
"928",0.524171270718232,1,0.0026119414187506,"Esophageal Carcinoma","Primary Tumor"
"929",0.524861878453039,1,0.00259593239875411,"Esophageal Carcinoma","Primary Tumor"
"930",0.525552486187845,1,0.00258542031657464,"Esophageal Carcinoma","Primary Tumor"
"931",0.526243093922652,1,0.00258179577260813,"Esophageal Carcinoma","Primary Tumor"
"932",0.526933701657459,1,0.00257852446072286,"Esophageal Carcinoma","Primary Tumor"
"933",0.527624309392265,1,0.00257541967285916,"Esophageal Carcinoma","Primary Tumor"
"934",0.528314917127072,1,0.00256406445686481,"Esophageal Carcinoma","Primary Tumor"
"935",0.529005524861878,1,0.00256249400241368,"Esophageal Carcinoma","Primary Tumor"
"936",0.529696132596685,1,0.00255263076301862,"Esophageal Carcinoma","Primary Tumor"
"937",0.530386740331492,1,0.00255210276918834,"Esophageal Carcinoma","Primary Tumor"
"938",0.531077348066298,1,0.00254762639327258,"Esophageal Carcinoma","Primary Tumor"
"939",0.531767955801105,1,0.00254316010512658,"Esophageal Carcinoma","Primary Tumor"
"940",0.532458563535912,1,0.00254202691335619,"Esophageal Carcinoma","Primary Tumor"
"941",0.533149171270718,1,0.00254027772269503,"Esophageal Carcinoma","Primary Tumor"
"942",0.533839779005525,1,0.00253108445653026,"Esophageal Carcinoma","Primary Tumor"
"943",0.534530386740331,1,0.0025209709960496,"Esophageal Carcinoma","Primary Tumor"
"944",0.535220994475138,1,0.00250430643608121,"Esophageal Carcinoma","Primary Tumor"
"945",0.535911602209945,1,0.00250257146106883,"Esophageal Carcinoma","Primary Tumor"
"946",0.536602209944751,1,0.00249945816831329,"Esophageal Carcinoma","Primary Tumor"
"947",0.537292817679558,1,0.00248963210299438,"Esophageal Carcinoma","Primary Tumor"
"948",0.537983425414365,1,0.00247779912741584,"Esophageal Carcinoma","Primary Tumor"
"949",0.538674033149171,1,0.00247235146190681,"Esophageal Carcinoma","Primary Tumor"
"950",0.539364640883978,1,0.00246716255887982,"Esophageal Carcinoma","Primary Tumor"
"951",0.540055248618785,1,0.00246672555943211,"Esophageal Carcinoma","Primary Tumor"
"952",0.540745856353591,1,0.002463758490588,"Esophageal Carcinoma","Primary Tumor"
"953",0.541436464088398,1,0.00246118188131619,"Esophageal Carcinoma","Primary Tumor"
"954",0.542127071823204,1,0.00245633789717531,"Esophageal Carcinoma","Primary Tumor"
"955",0.542817679558011,1,0.0024517413589133,"Esophageal Carcinoma","Primary Tumor"
"956",0.543508287292818,1,0.00244177201824437,"Esophageal Carcinoma","Primary Tumor"
"957",0.544198895027624,1,0.00242838417642585,"Esophageal Carcinoma","Primary Tumor"
"958",0.544889502762431,1,0.00242074844054465,"Esophageal Carcinoma","Primary Tumor"
"959",0.545580110497238,1,0.00242037072504073,"Esophageal Carcinoma","Primary Tumor"
"960",0.546270718232044,1,0.00241968962050416,"Esophageal Carcinoma","Primary Tumor"
"961",0.546961325966851,1,0.00241010900760952,"Esophageal Carcinoma","Primary Tumor"
"962",0.547651933701657,1,0.00240657378492128,"Esophageal Carcinoma","Primary Tumor"
"963",0.548342541436464,1,0.00240461615196983,"Esophageal Carcinoma","Primary Tumor"
"964",0.549033149171271,1,0.00240065532368049,"Esophageal Carcinoma","Primary Tumor"
"965",0.549723756906077,1,0.00239573827879961,"Esophageal Carcinoma","Primary Tumor"
"966",0.550414364640884,1,0.00239437140457164,"Esophageal Carcinoma","Primary Tumor"
"967",0.551104972375691,1,0.00239364315083858,"Esophageal Carcinoma","Primary Tumor"
"968",0.551795580110497,1,0.00238225774516591,"Esophageal Carcinoma","Primary Tumor"
"969",0.552486187845304,1,0.00236610970956477,"Esophageal Carcinoma","Primary Tumor"
"970",0.55317679558011,1,0.00236095530734408,"Esophageal Carcinoma","Primary Tumor"
"971",0.553867403314917,1,0.00231390698140503,"Esophageal Carcinoma","Primary Tumor"
"972",0.554558011049724,1,0.00230716598499609,"Esophageal Carcinoma","Primary Tumor"
"973",0.55524861878453,1,0.00230319031885571,"Esophageal Carcinoma","Primary Tumor"
"974",0.555939226519337,1,0.00229919183234572,"Esophageal Carcinoma","Primary Tumor"
"975",0.556629834254144,1,0.00229271398389558,"Esophageal Carcinoma","Primary Tumor"
"976",0.55732044198895,1,0.00229078240998389,"Esophageal Carcinoma","Primary Tumor"
"977",0.558011049723757,1,0.00228323569775643,"Esophageal Carcinoma","Primary Tumor"
"978",0.558701657458563,1,0.00227867639110067,"Esophageal Carcinoma","Primary Tumor"
"979",0.55939226519337,1,0.00227449278273424,"Esophageal Carcinoma","Primary Tumor"
"980",0.560082872928177,1,0.00227290153921501,"Esophageal Carcinoma","Primary Tumor"
"981",0.560773480662983,1,0.00227041358255283,"Esophageal Carcinoma","Primary Tumor"
"982",0.56146408839779,1,0.00226738754664465,"Esophageal Carcinoma","Primary Tumor"
"983",0.562154696132597,1,0.00226678170160441,"Esophageal Carcinoma","Primary Tumor"
"984",0.562845303867403,1,0.00226212814868308,"Esophageal Carcinoma","Primary Tumor"
"985",0.56353591160221,1,0.00225762700555128,"Esophageal Carcinoma","Primary Tumor"
"986",0.564226519337017,1,0.00225581912270348,"Esophageal Carcinoma","Primary Tumor"
"987",0.564917127071823,1,0.00225167990760109,"Esophageal Carcinoma","Primary Tumor"
"988",0.56560773480663,1,0.0022512896276288,"Esophageal Carcinoma","Primary Tumor"
"989",0.566298342541437,1,0.00225127070341093,"Esophageal Carcinoma","Primary Tumor"
"990",0.566988950276243,1,0.00222479659663179,"Esophageal Carcinoma","Primary Tumor"
"991",0.56767955801105,1,0.00221491045305358,"Esophageal Carcinoma","Primary Tumor"
"992",0.568370165745856,1,0.00220155926406055,"Esophageal Carcinoma","Primary Tumor"
"993",0.569060773480663,1,0.00220032087577809,"Esophageal Carcinoma","Primary Tumor"
"994",0.56975138121547,1,0.00219895502915205,"Esophageal Carcinoma","Primary Tumor"
"995",0.570441988950276,1,0.00219749510812548,"Esophageal Carcinoma","Primary Tumor"
"996",0.571132596685083,1,0.00219564196209083,"Esophageal Carcinoma","Primary Tumor"
"997",0.57182320441989,1,0.00219464093405811,"Esophageal Carcinoma","Primary Tumor"
"998",0.572513812154696,1,0.00219050383502918,"Esophageal Carcinoma","Primary Tumor"
"999",0.573204419889503,1,0.00218264943048787,"Esophageal Carcinoma","Primary Tumor"
"1000",0.573895027624309,1,0.00217996332726107,"Esophageal Carcinoma","Primary Tumor"
"1001",0.574585635359116,1,0.00217572354979029,"Esophageal Carcinoma","Primary Tumor"
"1002",0.575276243093923,1,0.00217489386217503,"Esophageal Carcinoma","Primary Tumor"
"1003",0.575966850828729,1,0.00217247337987708,"Esophageal Carcinoma","Primary Tumor"
"1004",0.576657458563536,1,0.00217029056437846,"Esophageal Carcinoma","Primary Tumor"
"1005",0.577348066298343,1,0.00216098505642815,"Esophageal Carcinoma","Primary Tumor"
"1006",0.578038674033149,1,0.00215852305893052,"Esophageal Carcinoma","Primary Tumor"
"1007",0.578729281767956,1,0.00215333235504144,"Esophageal Carcinoma","Primary Tumor"
"1008",0.579419889502762,1,0.00215312913012451,"Esophageal Carcinoma","Primary Tumor"
"1009",0.580801104972376,1,0.00215299054909059,"Esophageal Carcinoma","Primary Tumor"
"1010",0.581491712707182,1,0.00214910202753913,"Esophageal Carcinoma","Primary Tumor"
"1011",0.582182320441989,1,0.00214561607125791,"Esophageal Carcinoma","Primary Tumor"
"1012",0.582872928176796,1,0.0021449350690456,"Esophageal Carcinoma","Primary Tumor"
"1013",0.583563535911602,1,0.0021401439720677,"Esophageal Carcinoma","Primary Tumor"
"1014",0.584254143646409,1,0.00213234869215887,"Esophageal Carcinoma","Primary Tumor"
"1015",0.584944751381215,1,0.00213038959462957,"Esophageal Carcinoma","Primary Tumor"
"1016",0.585635359116022,1,0.00212759761833887,"Esophageal Carcinoma","Primary Tumor"
"1017",0.586325966850829,1,0.0021270491387724,"Esophageal Carcinoma","Primary Tumor"
"1018",0.587016574585635,1,0.00212562823404469,"Esophageal Carcinoma","Primary Tumor"
"1019",0.587707182320442,1,0.00212482657450494,"Esophageal Carcinoma","Primary Tumor"
"1020",0.588397790055249,1,0.00210937450659153,"Esophageal Carcinoma","Primary Tumor"
"1021",0.589088397790055,1,0.0021030147342741,"Esophageal Carcinoma","Primary Tumor"
"1022",0.589779005524862,1,0.00209655734480097,"Esophageal Carcinoma","Primary Tumor"
"1023",0.590469613259669,1,0.0020932567482131,"Esophageal Carcinoma","Primary Tumor"
"1024",0.591160220994475,1,0.00209308810615515,"Esophageal Carcinoma","Primary Tumor"
"1025",0.591850828729282,1,0.0020925835889059,"Esophageal Carcinoma","Primary Tumor"
"1026",0.592541436464088,1,0.00208946428560205,"Esophageal Carcinoma","Primary Tumor"
"1027",0.593232044198895,1,0.00208229198705154,"Esophageal Carcinoma","Primary Tumor"
"1028",0.593922651933702,1,0.00207943016690296,"Esophageal Carcinoma","Primary Tumor"
"1029",0.594613259668508,1,0.00207868352940726,"Esophageal Carcinoma","Primary Tumor"
"1030",0.595303867403315,1,0.00207772787553511,"Esophageal Carcinoma","Primary Tumor"
"1031",0.595994475138122,1,0.00207628655004233,"Esophageal Carcinoma","Primary Tumor"
"1032",0.596685082872928,1,0.00207628413919917,"Esophageal Carcinoma","Primary Tumor"
"1033",0.597375690607735,1,0.00207220337172138,"Esophageal Carcinoma","Primary Tumor"
"1034",0.598066298342541,1,0.00206484323972059,"Esophageal Carcinoma","Primary Tumor"
"1035",0.598756906077348,1,0.00205802645880222,"Esophageal Carcinoma","Primary Tumor"
"1036",0.599447513812155,1,0.00205750069294067,"Esophageal Carcinoma","Primary Tumor"
"1037",0.600138121546961,1,0.00205653442120841,"Esophageal Carcinoma","Primary Tumor"
"1038",0.600828729281768,1,0.00204930160170954,"Esophageal Carcinoma","Primary Tumor"
"1039",0.601519337016575,1,0.00204312998816976,"Esophageal Carcinoma","Primary Tumor"
"1040",0.602209944751381,1,0.00204013025107159,"Esophageal Carcinoma","Primary Tumor"
"1041",0.602900552486188,1,0.00203531856562297,"Esophageal Carcinoma","Primary Tumor"
"1042",0.603591160220994,1,0.0020298386806462,"Esophageal Carcinoma","Primary Tumor"
"1043",0.604281767955801,1,0.0020292845685546,"Esophageal Carcinoma","Primary Tumor"
"1044",0.604972375690608,1,0.00202888835051611,"Esophageal Carcinoma","Primary Tumor"
"1045",0.605662983425414,1,0.0020022120561092,"Esophageal Carcinoma","Primary Tumor"
"1046",0.606353591160221,1,0.00200077445914068,"Esophageal Carcinoma","Primary Tumor"
"1047",0.607044198895028,1,0.00199336954064811,"Esophageal Carcinoma","Primary Tumor"
"1048",0.607734806629834,1,0.00199259056837722,"Esophageal Carcinoma","Primary Tumor"
"1049",0.608425414364641,1,0.00199054036576348,"Esophageal Carcinoma","Primary Tumor"
"1050",0.609116022099447,1,0.00198636766333448,"Esophageal Carcinoma","Primary Tumor"
"1051",0.609806629834254,1,0.00198313713299063,"Esophageal Carcinoma","Primary Tumor"
"1052",0.610497237569061,1,0.00198246293767775,"Esophageal Carcinoma","Primary Tumor"
"1053",0.611187845303867,1,0.00198041990302332,"Esophageal Carcinoma","Primary Tumor"
"1054",0.611878453038674,1,0.00197724693482202,"Esophageal Carcinoma","Primary Tumor"
"1055",0.612569060773481,1,0.00196951926183964,"Esophageal Carcinoma","Primary Tumor"
"1056",0.613259668508287,1,0.0019638734425274,"Esophageal Carcinoma","Primary Tumor"
"1057",0.613950276243094,1,0.00196236493146521,"Esophageal Carcinoma","Primary Tumor"
"1058",0.614640883977901,1,0.0019561834973268,"Esophageal Carcinoma","Primary Tumor"
"1059",0.615331491712707,1,0.00195612000945398,"Esophageal Carcinoma","Primary Tumor"
"1060",0.616022099447514,1,0.00195572770178832,"Esophageal Carcinoma","Primary Tumor"
"1061",0.61671270718232,1,0.00195465362994411,"Esophageal Carcinoma","Primary Tumor"
"1062",0.617403314917127,1,0.00194657378291168,"Esophageal Carcinoma","Primary Tumor"
"1063",0.618093922651934,1,0.00193142211211107,"Esophageal Carcinoma","Primary Tumor"
"1064",0.61878453038674,1,0.00192835985662509,"Esophageal Carcinoma","Primary Tumor"
"1065",0.619475138121547,1,0.00192563617724063,"Esophageal Carcinoma","Primary Tumor"
"1066",0.620165745856354,1,0.00191419679539226,"Esophageal Carcinoma","Primary Tumor"
"1067",0.62085635359116,1,0.00191154237436294,"Esophageal Carcinoma","Primary Tumor"
"1068",0.621546961325967,1,0.0019111940312466,"Esophageal Carcinoma","Primary Tumor"
"1069",0.622237569060773,1,0.00190723076703441,"Esophageal Carcinoma","Primary Tumor"
"1070",0.62292817679558,1,0.00190343003805391,"Esophageal Carcinoma","Primary Tumor"
"1071",0.623618784530387,1,0.00189748848319792,"Esophageal Carcinoma","Primary Tumor"
"1072",0.624309392265193,1,0.00189739964185573,"Esophageal Carcinoma","Primary Tumor"
"1073",0.625,1,0.00189641028859418,"Esophageal Carcinoma","Primary Tumor"
"1074",0.625690607734807,1,0.00188981885960072,"Esophageal Carcinoma","Primary Tumor"
"1075",0.626381215469613,1,0.00188939313258844,"Esophageal Carcinoma","Primary Tumor"
"1076",0.62707182320442,1,0.00188106778507446,"Esophageal Carcinoma","Primary Tumor"
"1077",0.627762430939227,1,0.00187637555732731,"Esophageal Carcinoma","Primary Tumor"
"1078",0.628453038674033,1,0.00187406995959453,"Esophageal Carcinoma","Primary Tumor"
"1079",0.62914364640884,1,0.00186956468234111,"Esophageal Carcinoma","Primary Tumor"
"1080",0.629834254143646,1,0.00186325768074934,"Esophageal Carcinoma","Primary Tumor"
"1081",0.630524861878453,1,0.00186141613865247,"Esophageal Carcinoma","Primary Tumor"
"1082",0.63121546961326,1,0.0018614149013943,"Esophageal Carcinoma","Primary Tumor"
"1083",0.631906077348066,1,0.00186116146756405,"Esophageal Carcinoma","Primary Tumor"
"1084",0.632596685082873,1,0.00185999376480539,"Esophageal Carcinoma","Primary Tumor"
"1085",0.63328729281768,1,0.0018591507037547,"Esophageal Carcinoma","Primary Tumor"
"1086",0.633977900552486,1,0.00185734208810496,"Esophageal Carcinoma","Primary Tumor"
"1087",0.634668508287293,1,0.00185455623623358,"Esophageal Carcinoma","Primary Tumor"
"1088",0.635359116022099,1,0.00185320158757246,"Esophageal Carcinoma","Primary Tumor"
"1089",0.636049723756906,1,0.00185214223225397,"Esophageal Carcinoma","Primary Tumor"
"1090",0.636740331491713,1,0.00184224348398733,"Esophageal Carcinoma","Primary Tumor"
"1091",0.637430939226519,1,0.00184151126555268,"Esophageal Carcinoma","Primary Tumor"
"1092",0.638121546961326,1,0.00183184222953082,"Esophageal Carcinoma","Primary Tumor"
"1093",0.638812154696133,1,0.00183032136259933,"Esophageal Carcinoma","Primary Tumor"
"1094",0.639502762430939,1,0.00182561025339389,"Esophageal Carcinoma","Primary Tumor"
"1095",0.640193370165746,1,0.00182168863537954,"Esophageal Carcinoma","Primary Tumor"
"1096",0.640883977900553,1,0.00182127191441572,"Esophageal Carcinoma","Primary Tumor"
"1097",0.641574585635359,1,0.00182115144475792,"Esophageal Carcinoma","Primary Tumor"
"1098",0.642265193370166,1,0.00181767546724553,"Esophageal Carcinoma","Primary Tumor"
"1099",0.642955801104972,1,0.00181719011351374,"Esophageal Carcinoma","Primary Tumor"
"1100",0.643646408839779,1,0.00181490599253564,"Esophageal Carcinoma","Primary Tumor"
"1101",0.644337016574586,1,0.00180572435574115,"Esophageal Carcinoma","Primary Tumor"
"1102",0.645027624309392,1,0.00180382546891622,"Esophageal Carcinoma","Primary Tumor"
"1103",0.645718232044199,1,0.00179799309531594,"Esophageal Carcinoma","Primary Tumor"
"1104",0.646408839779006,1,0.0017935546280663,"Esophageal Carcinoma","Primary Tumor"
"1105",0.647099447513812,1,0.00179344332648852,"Esophageal Carcinoma","Primary Tumor"
"1106",0.647790055248619,1,0.00179313361929699,"Esophageal Carcinoma","Primary Tumor"
"1107",0.648480662983425,1,0.00178726719600354,"Esophageal Carcinoma","Primary Tumor"
"1108",0.649171270718232,1,0.00177553240693664,"Esophageal Carcinoma","Primary Tumor"
"1109",0.649861878453039,1,0.00177478063615532,"Esophageal Carcinoma","Primary Tumor"
"1110",0.650552486187845,1,0.001768966517262,"Esophageal Carcinoma","Primary Tumor"
"1111",0.651243093922652,1,0.001763277760883,"Esophageal Carcinoma","Primary Tumor"
"1112",0.651933701657459,1,0.00175348691706631,"Esophageal Carcinoma","Primary Tumor"
"1113",0.652624309392265,1,0.0017528495267055,"Esophageal Carcinoma","Primary Tumor"
"1114",0.653314917127072,1,0.00175270914139088,"Esophageal Carcinoma","Primary Tumor"
"1115",0.654005524861878,1,0.00175083546211301,"Esophageal Carcinoma","Primary Tumor"
"1116",0.654696132596685,1,0.00174662452659636,"Esophageal Carcinoma","Primary Tumor"
"1117",0.655386740331492,1,0.00174638863943441,"Esophageal Carcinoma","Primary Tumor"
"1118",0.656077348066298,1,0.00173952840407222,"Esophageal Carcinoma","Primary Tumor"
"1119",0.656767955801105,1,0.00173908555577137,"Esophageal Carcinoma","Primary Tumor"
"1120",0.657458563535912,1,0.00173825069959381,"Esophageal Carcinoma","Primary Tumor"
"1121",0.658149171270718,1,0.00173496952304884,"Esophageal Carcinoma","Primary Tumor"
"1122",0.658839779005525,1,0.00173190427623662,"Esophageal Carcinoma","Primary Tumor"
"1123",0.659530386740331,1,0.00173115420867697,"Esophageal Carcinoma","Primary Tumor"
"1124",0.660220994475138,1,0.00172498942577791,"Esophageal Carcinoma","Primary Tumor"
"1125",0.660911602209945,1,0.00171905824929614,"Esophageal Carcinoma","Primary Tumor"
"1126",0.661602209944751,1,0.00171684212276914,"Esophageal Carcinoma","Primary Tumor"
"1127",0.662292817679558,1,0.00171638150543075,"Esophageal Carcinoma","Primary Tumor"
"1128",0.662983425414365,1,0.00170482423143735,"Esophageal Carcinoma","Primary Tumor"
"1129",0.663674033149171,1,0.00169674488755351,"Esophageal Carcinoma","Primary Tumor"
"1130",0.664364640883978,1,0.0016964452229836,"Esophageal Carcinoma","Primary Tumor"
"1131",0.665055248618785,1,0.00169361285513173,"Esophageal Carcinoma","Primary Tumor"
"1132",0.665745856353591,1,0.00169193472425312,"Esophageal Carcinoma","Primary Tumor"
"1133",0.666436464088398,1,0.00168993764017895,"Esophageal Carcinoma","Primary Tumor"
"1134",0.667127071823204,1,0.00168919991045544,"Esophageal Carcinoma","Primary Tumor"
"1135",0.667817679558011,1,0.00167797505025783,"Esophageal Carcinoma","Primary Tumor"
"1136",0.668508287292818,1,0.00167791772059486,"Esophageal Carcinoma","Primary Tumor"
"1137",0.669198895027624,1,0.00166467450032099,"Esophageal Carcinoma","Primary Tumor"
"1138",0.669889502762431,1,0.00166144414027589,"Esophageal Carcinoma","Primary Tumor"
"1139",0.670580110497238,1,0.00166051521106302,"Esophageal Carcinoma","Primary Tumor"
"1140",0.671270718232044,1,0.00165637082208348,"Esophageal Carcinoma","Primary Tumor"
"1141",0.671961325966851,1,0.00165398176893735,"Esophageal Carcinoma","Primary Tumor"
"1142",0.672651933701657,1,0.00165347045309705,"Esophageal Carcinoma","Primary Tumor"
"1143",0.673342541436464,1,0.00164958417382885,"Esophageal Carcinoma","Primary Tumor"
"1144",0.674033149171271,1,0.00164233585313608,"Esophageal Carcinoma","Primary Tumor"
"1145",0.674723756906077,1,0.00164228384206625,"Esophageal Carcinoma","Primary Tumor"
"1146",0.675414364640884,1,0.00164095541068982,"Esophageal Carcinoma","Primary Tumor"
"1147",0.676104972375691,1,0.00163971008366183,"Esophageal Carcinoma","Primary Tumor"
"1148",0.676795580110497,1,0.00163550918408889,"Esophageal Carcinoma","Primary Tumor"
"1149",0.677486187845304,1,0.00163448261959143,"Esophageal Carcinoma","Primary Tumor"
"1150",0.67817679558011,1,0.00162732661276851,"Esophageal Carcinoma","Primary Tumor"
"1151",0.678867403314917,1,0.00161703730600008,"Esophageal Carcinoma","Primary Tumor"
"1152",0.679558011049724,1,0.00161286849527734,"Esophageal Carcinoma","Primary Tumor"
"1153",0.68024861878453,1,0.00161262938516101,"Esophageal Carcinoma","Primary Tumor"
"1154",0.680939226519337,1,0.00161238546365337,"Esophageal Carcinoma","Primary Tumor"
"1155",0.681629834254144,1,0.00161134623037845,"Esophageal Carcinoma","Primary Tumor"
"1156",0.68232044198895,1,0.00160800927195292,"Esophageal Carcinoma","Primary Tumor"
"1157",0.683011049723757,1,0.00160699425201311,"Esophageal Carcinoma","Primary Tumor"
"1158",0.683701657458563,1,0.00160538050564752,"Esophageal Carcinoma","Primary Tumor"
"1159",0.68439226519337,1,0.00160003054800218,"Esophageal Carcinoma","Primary Tumor"
"1160",0.685082872928177,1,0.00159854889164903,"Esophageal Carcinoma","Primary Tumor"
"1161",0.685773480662983,1,0.00159189660948021,"Esophageal Carcinoma","Primary Tumor"
"1162",0.68646408839779,1,0.00158780956616709,"Esophageal Carcinoma","Primary Tumor"
"1163",0.687154696132597,1,0.00158340753814197,"Esophageal Carcinoma","Primary Tumor"
"1164",0.687845303867403,1,0.00157930647191709,"Esophageal Carcinoma","Primary Tumor"
"1165",0.68853591160221,1,0.00157597669880823,"Esophageal Carcinoma","Primary Tumor"
"1166",0.689226519337017,1,0.00156080528348747,"Esophageal Carcinoma","Primary Tumor"
"1167",0.689917127071823,1,0.00155922030412525,"Esophageal Carcinoma","Primary Tumor"
"1168",0.69060773480663,1,0.0015573901174015,"Esophageal Carcinoma","Primary Tumor"
"1169",0.691298342541437,1,0.00155737789380474,"Esophageal Carcinoma","Primary Tumor"
"1170",0.691988950276243,1,0.0015533676377996,"Esophageal Carcinoma","Primary Tumor"
"1171",0.69267955801105,1,0.00155176274887816,"Esophageal Carcinoma","Primary Tumor"
"1172",0.693370165745856,1,0.00154803921056663,"Esophageal Carcinoma","Primary Tumor"
"1173",0.694060773480663,1,0.0015387070599917,"Esophageal Carcinoma","Primary Tumor"
"1174",0.69475138121547,1,0.00153586270396147,"Esophageal Carcinoma","Primary Tumor"
"1175",0.695441988950276,1,0.00153465334228492,"Esophageal Carcinoma","Primary Tumor"
"1176",0.696132596685083,1,0.00153423528565597,"Esophageal Carcinoma","Primary Tumor"
"1177",0.69682320441989,1,0.00153254890848736,"Esophageal Carcinoma","Primary Tumor"
"1178",0.697513812154696,1,0.00153219487202676,"Esophageal Carcinoma","Primary Tumor"
"1179",0.698204419889503,1,0.00152914308846108,"Esophageal Carcinoma","Primary Tumor"
"1180",0.698895027624309,1,0.00152636580770636,"Esophageal Carcinoma","Primary Tumor"
"1181",0.699585635359116,1,0.00152430815222535,"Esophageal Carcinoma","Primary Tumor"
"1182",0.700276243093923,1,0.00152315525109134,"Esophageal Carcinoma","Primary Tumor"
"1183",0.700966850828729,1,0.00152276130104483,"Esophageal Carcinoma","Primary Tumor"
"1184",0.701657458563536,1,0.00152214623535309,"Esophageal Carcinoma","Primary Tumor"
"1185",0.702348066298343,1,0.00151851115986654,"Esophageal Carcinoma","Primary Tumor"
"1186",0.703038674033149,1,0.00151366850097768,"Esophageal Carcinoma","Primary Tumor"
"1187",0.703729281767956,1,0.00150492653238832,"Esophageal Carcinoma","Primary Tumor"
"1188",0.704419889502762,1,0.00150244147441809,"Esophageal Carcinoma","Primary Tumor"
"1189",0.705110497237569,1,0.00149355746299927,"Esophageal Carcinoma","Primary Tumor"
"1190",0.705801104972376,1,0.00149308872982105,"Esophageal Carcinoma","Primary Tumor"
"1191",0.706491712707182,1,0.00149296437314175,"Esophageal Carcinoma","Primary Tumor"
"1192",0.707182320441989,1,0.00148986770399209,"Esophageal Carcinoma","Primary Tumor"
"1193",0.707872928176796,1,0.00148436344804424,"Esophageal Carcinoma","Primary Tumor"
"1194",0.708563535911602,1,0.00148257561179882,"Esophageal Carcinoma","Primary Tumor"
"1195",0.709254143646409,1,0.00147249112377204,"Esophageal Carcinoma","Primary Tumor"
"1196",0.709944751381215,1,0.00146023676733472,"Esophageal Carcinoma","Primary Tumor"
"1197",0.710635359116022,1,0.00144197032182026,"Esophageal Carcinoma","Primary Tumor"
"1198",0.711325966850829,1,0.00143944641260891,"Esophageal Carcinoma","Primary Tumor"
"1199",0.712016574585635,1,0.00143786531565325,"Esophageal Carcinoma","Primary Tumor"
"1200",0.712707182320442,1,0.00143725013035622,"Esophageal Carcinoma","Primary Tumor"
"1201",0.713397790055249,1,0.00143627975938318,"Esophageal Carcinoma","Primary Tumor"
"1202",0.714088397790055,1,0.00143229425654092,"Esophageal Carcinoma","Primary Tumor"
"1203",0.714779005524862,1,0.00143033201570684,"Esophageal Carcinoma","Primary Tumor"
"1204",0.716160220994475,1,0.00143010807906881,"Esophageal Carcinoma","Primary Tumor"
"1205",0.716850828729282,1,0.00142720583456036,"Esophageal Carcinoma","Primary Tumor"
"1206",0.717541436464088,1,0.00142280612231065,"Esophageal Carcinoma","Primary Tumor"
"1207",0.718232044198895,1,0.00142237137856325,"Esophageal Carcinoma","Primary Tumor"
"1208",0.718922651933702,1,0.00142169229036875,"Esophageal Carcinoma","Primary Tumor"
"1209",0.719613259668508,1,0.00141991456230364,"Esophageal Carcinoma","Primary Tumor"
"1210",0.720303867403315,1,0.00141614609399656,"Esophageal Carcinoma","Primary Tumor"
"1211",0.720994475138122,1,0.00141568618461705,"Esophageal Carcinoma","Primary Tumor"
"1212",0.722375690607735,1,0.00140210380472524,"Esophageal Carcinoma","Primary Tumor"
"1213",0.723066298342541,1,0.00140086745644965,"Esophageal Carcinoma","Primary Tumor"
"1214",0.723756906077348,1,0.00139511073900347,"Esophageal Carcinoma","Primary Tumor"
"1215",0.724447513812155,1,0.0013925845598605,"Esophageal Carcinoma","Primary Tumor"
"1216",0.725138121546961,1,0.00138929897795575,"Esophageal Carcinoma","Primary Tumor"
"1217",0.725828729281768,1,0.00138484303037603,"Esophageal Carcinoma","Primary Tumor"
"1218",0.726519337016575,1,0.00138294889167105,"Esophageal Carcinoma","Primary Tumor"
"1219",0.727209944751381,1,0.00137840404909491,"Esophageal Carcinoma","Primary Tumor"
"1220",0.727900552486188,1,0.00137816331620564,"Esophageal Carcinoma","Primary Tumor"
"1221",0.728591160220994,1,0.00137415072196692,"Esophageal Carcinoma","Primary Tumor"
"1222",0.729281767955801,1,0.0013738690743995,"Esophageal Carcinoma","Primary Tumor"
"1223",0.729972375690608,1,0.00137051232743512,"Esophageal Carcinoma","Primary Tumor"
"1224",0.730662983425414,1,0.0013701301803209,"Esophageal Carcinoma","Primary Tumor"
"1225",0.731353591160221,1,0.00136661043447136,"Esophageal Carcinoma","Primary Tumor"
"1226",0.732044198895028,1,0.00135708589695193,"Esophageal Carcinoma","Primary Tumor"
"1227",0.732734806629834,1,0.00135374777874671,"Esophageal Carcinoma","Primary Tumor"
"1228",0.733425414364641,1,0.00135255290329633,"Esophageal Carcinoma","Primary Tumor"
"1229",0.734116022099447,1,0.00134841846061218,"Esophageal Carcinoma","Primary Tumor"
"1230",0.734806629834254,1,0.00134569135959553,"Esophageal Carcinoma","Primary Tumor"
"1231",0.735497237569061,1,0.00134449985922544,"Esophageal Carcinoma","Primary Tumor"
"1232",0.736187845303867,1,0.00134036399984082,"Esophageal Carcinoma","Primary Tumor"
"1233",0.736878453038674,1,0.00133964751911261,"Esophageal Carcinoma","Primary Tumor"
"1234",0.737569060773481,1,0.00133008606490908,"Esophageal Carcinoma","Primary Tumor"
"1235",0.738259668508287,1,0.00132947158987573,"Esophageal Carcinoma","Primary Tumor"
"1236",0.738950276243094,1,0.00132138472342864,"Esophageal Carcinoma","Primary Tumor"
"1237",0.739640883977901,1,0.00131992950372035,"Esophageal Carcinoma","Primary Tumor"
"1238",0.740331491712707,1,0.00131282297834842,"Esophageal Carcinoma","Primary Tumor"
"1239",0.741022099447514,1,0.00130813270256494,"Esophageal Carcinoma","Primary Tumor"
"1240",0.74171270718232,1,0.00130403506616412,"Esophageal Carcinoma","Primary Tumor"
"1241",0.742403314917127,1,0.00130126126691445,"Esophageal Carcinoma","Primary Tumor"
"1242",0.743093922651934,1,0.00129758998803293,"Esophageal Carcinoma","Primary Tumor"
"1243",0.74378453038674,1,0.00129699389458612,"Esophageal Carcinoma","Primary Tumor"
"1244",0.744475138121547,1,0.00129625088163889,"Esophageal Carcinoma","Primary Tumor"
"1245",0.745165745856354,1,0.0012956680075773,"Esophageal Carcinoma","Primary Tumor"
"1246",0.74585635359116,1,0.00129505096161373,"Esophageal Carcinoma","Primary Tumor"
"1247",0.746546961325967,1,0.0012889753064649,"Esophageal Carcinoma","Primary Tumor"
"1248",0.747237569060773,1,0.00128709044063099,"Esophageal Carcinoma","Primary Tumor"
"1249",0.74792817679558,1,0.00128170251023253,"Esophageal Carcinoma","Primary Tumor"
"1250",0.748618784530387,1,0.00128122345194004,"Esophageal Carcinoma","Primary Tumor"
"1251",0.749309392265193,1,0.00127760170300061,"Esophageal Carcinoma","Primary Tumor"
"1252",0.75,1,0.00127759038406262,"Esophageal Carcinoma","Primary Tumor"
"1253",0.750690607734807,1,0.00126566291953911,"Esophageal Carcinoma","Primary Tumor"
"1254",0.751381215469613,1,0.00126441082656464,"Esophageal Carcinoma","Primary Tumor"
"1255",0.75207182320442,1,0.00126113727369763,"Esophageal Carcinoma","Primary Tumor"
"1256",0.752762430939227,1,0.00126024673722948,"Esophageal Carcinoma","Primary Tumor"
"1257",0.753453038674033,1,0.00125429051432052,"Esophageal Carcinoma","Primary Tumor"
"1258",0.75414364640884,1,0.00125229251362893,"Esophageal Carcinoma","Primary Tumor"
"1259",0.754834254143646,1,0.00124019657702937,"Esophageal Carcinoma","Primary Tumor"
"1260",0.755524861878453,1,0.00123372108092224,"Esophageal Carcinoma","Primary Tumor"
"1261",0.75621546961326,1,0.00123282050154611,"Esophageal Carcinoma","Primary Tumor"
"1262",0.756906077348066,1,0.00123231266535751,"Esophageal Carcinoma","Primary Tumor"
"1263",0.757596685082873,1,0.00123192058928527,"Esophageal Carcinoma","Primary Tumor"
"1264",0.75828729281768,1,0.00123050712010326,"Esophageal Carcinoma","Primary Tumor"
"1265",0.758977900552486,1,0.00122012273572076,"Esophageal Carcinoma","Primary Tumor"
"1266",0.760359116022099,1,0.00121810912893246,"Esophageal Carcinoma","Primary Tumor"
"1267",0.761049723756906,1,0.00121510023242235,"Esophageal Carcinoma","Primary Tumor"
"1268",0.761740331491713,1,0.00121408436856146,"Esophageal Carcinoma","Primary Tumor"
"1269",0.762430939226519,1,0.00120576363074235,"Esophageal Carcinoma","Primary Tumor"
"1270",0.763121546961326,1,0.00120565843796227,"Esophageal Carcinoma","Primary Tumor"
"1271",0.763812154696133,1,0.00120339596927858,"Esophageal Carcinoma","Primary Tumor"
"1272",0.764502762430939,1,0.00120334516149235,"Esophageal Carcinoma","Primary Tumor"
"1273",0.765193370165746,1,0.00120319980590191,"Esophageal Carcinoma","Primary Tumor"
"1274",0.765883977900553,1,0.00120319354390068,"Esophageal Carcinoma","Primary Tumor"
"1275",0.766574585635359,1,0.00120298980119633,"Esophageal Carcinoma","Primary Tumor"
"1276",0.767265193370166,1,0.00120168621900783,"Esophageal Carcinoma","Primary Tumor"
"1277",0.767955801104972,1,0.00120013271167689,"Esophageal Carcinoma","Primary Tumor"
"1278",0.768646408839779,1,0.00119892074481079,"Esophageal Carcinoma","Primary Tumor"
"1279",0.769337016574586,1,0.00119851864409647,"Esophageal Carcinoma","Primary Tumor"
"1280",0.770027624309392,1,0.00119848042980517,"Esophageal Carcinoma","Primary Tumor"
"1281",0.770718232044199,1,0.00118972724176397,"Esophageal Carcinoma","Primary Tumor"
"1282",0.771408839779006,1,0.00118715380034228,"Esophageal Carcinoma","Primary Tumor"
"1283",0.772099447513812,1,0.00118686065986308,"Esophageal Carcinoma","Primary Tumor"
"1284",0.772790055248619,1,0.00118670201854953,"Esophageal Carcinoma","Primary Tumor"
"1285",0.773480662983425,1,0.00118110173325846,"Esophageal Carcinoma","Primary Tumor"
"1286",0.774171270718232,1,0.00118099140696864,"Esophageal Carcinoma","Primary Tumor"
"1287",0.774861878453039,1,0.00117877895355556,"Esophageal Carcinoma","Primary Tumor"
"1288",0.775552486187845,1,0.00117872487431283,"Esophageal Carcinoma","Primary Tumor"
"1289",0.776243093922652,1,0.00117654622217531,"Esophageal Carcinoma","Primary Tumor"
"1290",0.776933701657459,1,0.00117523576868635,"Esophageal Carcinoma","Primary Tumor"
"1291",0.777624309392265,1,0.00117461489589454,"Esophageal Carcinoma","Primary Tumor"
"1292",0.778314917127072,1,0.00117302317830232,"Esophageal Carcinoma","Primary Tumor"
"1293",0.779005524861878,1,0.00117094180060638,"Esophageal Carcinoma","Primary Tumor"
"1294",0.779696132596685,1,0.00116946487738511,"Esophageal Carcinoma","Primary Tumor"
"1295",0.780386740331492,1,0.00116823473980462,"Esophageal Carcinoma","Primary Tumor"
"1296",0.781077348066298,1,0.00116116782819934,"Esophageal Carcinoma","Primary Tumor"
"1297",0.781767955801105,1,0.0011577626074041,"Esophageal Carcinoma","Primary Tumor"
"1298",0.782458563535912,1,0.00114956821733823,"Esophageal Carcinoma","Primary Tumor"
"1299",0.783149171270718,1,0.00114857757373972,"Esophageal Carcinoma","Primary Tumor"
"1300",0.783839779005525,1,0.00114739540392936,"Esophageal Carcinoma","Primary Tumor"
"1301",0.784530386740331,1,0.00113833280722858,"Esophageal Carcinoma","Primary Tumor"
"1302",0.785220994475138,1,0.00113156429826769,"Esophageal Carcinoma","Primary Tumor"
"1303",0.785911602209945,1,0.0011283251670535,"Esophageal Carcinoma","Primary Tumor"
"1304",0.786602209944751,1,0.00112587927264435,"Esophageal Carcinoma","Primary Tumor"
"1305",0.787292817679558,1,0.00112110993550913,"Esophageal Carcinoma","Primary Tumor"
"1306",0.787983425414365,1,0.00111733673581118,"Esophageal Carcinoma","Primary Tumor"
"1307",0.788674033149171,1,0.00111090955054536,"Esophageal Carcinoma","Primary Tumor"
"1308",0.789364640883978,1,0.00110972975316423,"Esophageal Carcinoma","Primary Tumor"
"1309",0.790055248618785,1,0.00110926462059735,"Esophageal Carcinoma","Primary Tumor"
"1310",0.790745856353591,1,0.00110893540601346,"Esophageal Carcinoma","Primary Tumor"
"1311",0.792127071823204,1,0.00110865898009409,"Esophageal Carcinoma","Primary Tumor"
"1312",0.792817679558011,1,0.00110830572042322,"Esophageal Carcinoma","Primary Tumor"
"1313",0.793508287292818,1,0.0011047838595116,"Esophageal Carcinoma","Primary Tumor"
"1314",0.794198895027624,1,0.0011046668843263,"Esophageal Carcinoma","Primary Tumor"
"1315",0.794889502762431,1,0.00110253191411921,"Esophageal Carcinoma","Primary Tumor"
"1316",0.795580110497238,1,0.00110013422253667,"Esophageal Carcinoma","Primary Tumor"
"1317",0.796270718232044,1,0.00109802733076253,"Esophageal Carcinoma","Primary Tumor"
"1318",0.796961325966851,1,0.00109622730030434,"Esophageal Carcinoma","Primary Tumor"
"1319",0.797651933701657,1,0.00109590037883648,"Esophageal Carcinoma","Primary Tumor"
"1320",0.798342541436464,1,0.00109507826786409,"Esophageal Carcinoma","Primary Tumor"
"1321",0.799033149171271,1,0.00109227234825642,"Esophageal Carcinoma","Primary Tumor"
"1322",0.799723756906077,1,0.00109191255154822,"Esophageal Carcinoma","Primary Tumor"
"1323",0.800414364640884,1,0.00109014706418298,"Esophageal Carcinoma","Primary Tumor"
"1324",0.801104972375691,1,0.00108786382799629,"Esophageal Carcinoma","Primary Tumor"
"1325",0.801795580110497,1,0.00108756372702585,"Esophageal Carcinoma","Primary Tumor"
"1326",0.802486187845304,1,0.00108755803352283,"Esophageal Carcinoma","Primary Tumor"
"1327",0.80317679558011,1,0.0010830234546509,"Esophageal Carcinoma","Primary Tumor"
"1328",0.803867403314917,1,0.00108233645349795,"Esophageal Carcinoma","Primary Tumor"
"1329",0.804558011049724,1,0.00107940970555511,"Esophageal Carcinoma","Primary Tumor"
"1330",0.80524861878453,1,0.00107566516754282,"Esophageal Carcinoma","Primary Tumor"
"1331",0.805939226519337,1,0.00107443733500525,"Esophageal Carcinoma","Primary Tumor"
"1332",0.806629834254144,1,0.00107058917626762,"Esophageal Carcinoma","Primary Tumor"
"1333",0.80732044198895,1,0.00106701840982752,"Esophageal Carcinoma","Primary Tumor"
"1334",0.808011049723757,1,0.00106409263714752,"Esophageal Carcinoma","Primary Tumor"
"1335",0.808701657458563,1,0.0010625930687214,"Esophageal Carcinoma","Primary Tumor"
"1336",0.80939226519337,1,0.00105523315191039,"Esophageal Carcinoma","Primary Tumor"
"1337",0.810082872928177,1,0.00105376332498438,"Esophageal Carcinoma","Primary Tumor"
"1338",0.810773480662983,1,0.0010522680494443,"Esophageal Carcinoma","Primary Tumor"
"1339",0.81146408839779,1,0.00104766739930179,"Esophageal Carcinoma","Primary Tumor"
"1340",0.812154696132597,1,0.00104354193067988,"Esophageal Carcinoma","Primary Tumor"
"1341",0.812845303867403,1,0.00104344720464192,"Esophageal Carcinoma","Primary Tumor"
"1342",0.81353591160221,1,0.00104338284035756,"Esophageal Carcinoma","Primary Tumor"
"1343",0.814226519337017,1,0.00104257036171456,"Esophageal Carcinoma","Primary Tumor"
"1344",0.814917127071823,1,0.00104197119590676,"Esophageal Carcinoma","Primary Tumor"
"1345",0.81560773480663,1,0.00103950733166776,"Esophageal Carcinoma","Primary Tumor"
"1346",0.816298342541437,1,0.00103726564093115,"Esophageal Carcinoma","Primary Tumor"
"1347",0.816988950276243,1,0.00103683766692029,"Esophageal Carcinoma","Primary Tumor"
"1348",0.81767955801105,1,0.00102644413091472,"Esophageal Carcinoma","Primary Tumor"
"1349",0.818370165745856,1,0.0010220622066813,"Esophageal Carcinoma","Primary Tumor"
"1350",0.819060773480663,1,0.00102062486020665,"Esophageal Carcinoma","Primary Tumor"
"1351",0.81975138121547,1,0.00101998469600229,"Esophageal Carcinoma","Primary Tumor"
"1352",0.820441988950276,1,0.0010197688548916,"Esophageal Carcinoma","Primary Tumor"
"1353",0.821132596685083,1,0.00101663117119064,"Esophageal Carcinoma","Primary Tumor"
"1354",0.82182320441989,1,0.00101623590741027,"Esophageal Carcinoma","Primary Tumor"
"1355",0.822513812154696,1,0.00101563746669677,"Esophageal Carcinoma","Primary Tumor"
"1356",0.823204419889503,1,0.00101530847561016,"Esophageal Carcinoma","Primary Tumor"
"1357",0.823895027624309,1,0.00101434574928277,"Esophageal Carcinoma","Primary Tumor"
"1358",0.824585635359116,1,0.00101156943799415,"Esophageal Carcinoma","Primary Tumor"
"1359",0.825276243093923,1,0.00101132411084944,"Esophageal Carcinoma","Primary Tumor"
"1360",0.825966850828729,1,0.00101114541895614,"Esophageal Carcinoma","Primary Tumor"
"1361",0.826657458563536,1,0.00100907896995084,"Esophageal Carcinoma","Primary Tumor"
"1362",0.827348066298343,1,0.00100828909140589,"Esophageal Carcinoma","Primary Tumor"
"1363",0.828038674033149,1,0.00100736468567128,"Esophageal Carcinoma","Primary Tumor"
"1364",0.828729281767956,1,0.00100447817725461,"Esophageal Carcinoma","Primary Tumor"
"1365",0.829419889502762,1,0.00100125556707125,"Esophageal Carcinoma","Primary Tumor"
"1366",0.830110497237569,1,0.00100046923143992,"Esophageal Carcinoma","Primary Tumor"
"1367",0.830801104972376,1,0.000995591533790228,"Esophageal Carcinoma","Primary Tumor"
"1368",0.831491712707182,1,0.000994013545459463,"Esophageal Carcinoma","Primary Tumor"
"1369",0.832182320441989,1,0.000993667063547274,"Esophageal Carcinoma","Primary Tumor"
"1370",0.832872928176796,1,0.000992960726294533,"Esophageal Carcinoma","Primary Tumor"
"1371",0.833563535911602,1,0.000990448792430023,"Esophageal Carcinoma","Primary Tumor"
"1372",0.834254143646409,1,0.000990061810013861,"Esophageal Carcinoma","Primary Tumor"
"1373",0.834944751381215,1,0.000989647865790185,"Esophageal Carcinoma","Primary Tumor"
"1374",0.835635359116022,1,0.000987511500939198,"Esophageal Carcinoma","Primary Tumor"
"1375",0.836325966850829,1,0.00098168592299185,"Esophageal Carcinoma","Primary Tumor"
"1376",0.837016574585635,1,0.00098099513333569,"Esophageal Carcinoma","Primary Tumor"
"1377",0.837707182320442,1,0.000977391659954367,"Esophageal Carcinoma","Primary Tumor"
"1378",0.838397790055249,1,0.000970975223754399,"Esophageal Carcinoma","Primary Tumor"
"1379",0.839088397790055,1,0.000970816362345938,"Esophageal Carcinoma","Primary Tumor"
"1380",0.839779005524862,1,0.000959478991756075,"Esophageal Carcinoma","Primary Tumor"
"1381",0.840469613259669,1,0.000957987086242195,"Esophageal Carcinoma","Primary Tumor"
"1382",0.841160220994475,1,0.000957645098679876,"Esophageal Carcinoma","Primary Tumor"
"1383",0.841850828729282,1,0.000956979938755993,"Esophageal Carcinoma","Primary Tumor"
"1384",0.842541436464088,1,0.000956446369903767,"Esophageal Carcinoma","Primary Tumor"
"1385",0.843232044198895,1,0.00095623626557637,"Esophageal Carcinoma","Primary Tumor"
"1386",0.843922651933702,1,0.000955249919137597,"Esophageal Carcinoma","Primary Tumor"
"1387",0.844613259668508,1,0.000955222720081744,"Esophageal Carcinoma","Primary Tumor"
"1388",0.845303867403315,1,0.000954680228781561,"Esophageal Carcinoma","Primary Tumor"
"1389",0.845994475138122,1,0.000952826823356114,"Esophageal Carcinoma","Primary Tumor"
"1390",0.846685082872928,1,0.000950016157426117,"Esophageal Carcinoma","Primary Tumor"
"1391",0.847375690607735,1,0.000949442768829848,"Esophageal Carcinoma","Primary Tumor"
"1392",0.848066298342541,1,0.000949005638859906,"Esophageal Carcinoma","Primary Tumor"
"1393",0.848756906077348,1,0.00094861282854327,"Esophageal Carcinoma","Primary Tumor"
"1394",0.849447513812155,1,0.000948161335398879,"Esophageal Carcinoma","Primary Tumor"
"1395",0.850138121546961,1,0.00094649262632225,"Esophageal Carcinoma","Primary Tumor"
"1396",0.850828729281768,1,0.000944422760744335,"Esophageal Carcinoma","Primary Tumor"
"1397",0.851519337016575,1,0.000934240870668272,"Esophageal Carcinoma","Primary Tumor"
"1398",0.852209944751381,1,0.000934065497949816,"Esophageal Carcinoma","Primary Tumor"
"1399",0.852900552486188,1,0.000931686346135341,"Esophageal Carcinoma","Primary Tumor"
"1400",0.853591160220994,1,0.00092917157190378,"Esophageal Carcinoma","Primary Tumor"
"1401",0.854281767955801,1,0.000926963883793464,"Esophageal Carcinoma","Primary Tumor"
"1402",0.854972375690608,1,0.000923057052356151,"Esophageal Carcinoma","Primary Tumor"
"1403",0.855662983425414,1,0.000919533363951889,"Esophageal Carcinoma","Primary Tumor"
"1404",0.856353591160221,1,0.000917046451953315,"Esophageal Carcinoma","Primary Tumor"
"1405",0.857044198895028,1,0.000912200498253292,"Esophageal Carcinoma","Primary Tumor"
"1406",0.857734806629834,1,0.000905904730449577,"Esophageal Carcinoma","Primary Tumor"
"1407",0.858425414364641,1,0.000905368505206407,"Esophageal Carcinoma","Primary Tumor"
"1408",0.859116022099447,1,0.000901423622215417,"Esophageal Carcinoma","Primary Tumor"
"1409",0.859806629834254,1,0.000899443200110595,"Esophageal Carcinoma","Primary Tumor"
"1410",0.860497237569061,1,0.000895898877467549,"Esophageal Carcinoma","Primary Tumor"
"1411",0.861187845303867,1,0.000895358539680877,"Esophageal Carcinoma","Primary Tumor"
"1412",0.861878453038674,1,0.000890471730507096,"Esophageal Carcinoma","Primary Tumor"
"1413",0.862569060773481,1,0.000887015891313438,"Esophageal Carcinoma","Primary Tumor"
"1414",0.863259668508287,1,0.000885075998010302,"Esophageal Carcinoma","Primary Tumor"
"1415",0.863950276243094,1,0.000884106609509167,"Esophageal Carcinoma","Primary Tumor"
"1416",0.864640883977901,1,0.000882046490732251,"Esophageal Carcinoma","Primary Tumor"
"1417",0.865331491712707,1,0.000881042828445863,"Esophageal Carcinoma","Primary Tumor"
"1418",0.866022099447514,1,0.000874372301871221,"Esophageal Carcinoma","Primary Tumor"
"1419",0.86671270718232,1,0.000873736770991146,"Esophageal Carcinoma","Primary Tumor"
"1420",0.867403314917127,1,0.000873277913761097,"Esophageal Carcinoma","Primary Tumor"
"1421",0.868093922651934,1,0.000871698414539497,"Esophageal Carcinoma","Primary Tumor"
"1422",0.86878453038674,1,0.000871603162792017,"Esophageal Carcinoma","Primary Tumor"
"1423",0.869475138121547,1,0.000871253792378065,"Esophageal Carcinoma","Primary Tumor"
"1424",0.870165745856354,1,0.000868651627272289,"Esophageal Carcinoma","Primary Tumor"
"1425",0.87085635359116,1,0.000868278426642592,"Esophageal Carcinoma","Primary Tumor"
"1426",0.871546961325967,1,0.000859369475721876,"Esophageal Carcinoma","Primary Tumor"
"1427",0.872237569060773,1,0.000857172107657388,"Esophageal Carcinoma","Primary Tumor"
"1428",0.87292817679558,1,0.000855989116601417,"Esophageal Carcinoma","Primary Tumor"
"1429",0.873618784530387,1,0.000851093065543894,"Esophageal Carcinoma","Primary Tumor"
"1430",0.874309392265193,1,0.000851019183686013,"Esophageal Carcinoma","Primary Tumor"
"1431",0.875,1,0.00084824568621526,"Esophageal Carcinoma","Primary Tumor"
"1432",0.875690607734807,1,0.000845745599175689,"Esophageal Carcinoma","Primary Tumor"
"1433",0.876381215469613,1,0.000845593314339951,"Esophageal Carcinoma","Primary Tumor"
"1434",0.87707182320442,1,0.000842056248620745,"Esophageal Carcinoma","Primary Tumor"
"1435",0.877762430939227,1,0.000840584220061614,"Esophageal Carcinoma","Primary Tumor"
"1436",0.878453038674033,1,0.000831724327898965,"Esophageal Carcinoma","Primary Tumor"
"1437",0.87914364640884,1,0.000830027093191722,"Esophageal Carcinoma","Primary Tumor"
"1438",0.879834254143646,1,0.000824091936505647,"Esophageal Carcinoma","Primary Tumor"
"1439",0.880524861878453,1,0.000820689060594183,"Esophageal Carcinoma","Primary Tumor"
"1440",0.88121546961326,1,0.000818038514805923,"Esophageal Carcinoma","Primary Tumor"
"1441",0.881906077348066,1,0.000812722408385003,"Esophageal Carcinoma","Primary Tumor"
"1442",0.882596685082873,1,0.000807083182059681,"Esophageal Carcinoma","Primary Tumor"
"1443",0.88328729281768,1,0.000806407969815463,"Esophageal Carcinoma","Primary Tumor"
"1444",0.883977900552486,1,0.000796367901363761,"Esophageal Carcinoma","Primary Tumor"
"1445",0.884668508287293,1,0.00079418439354019,"Esophageal Carcinoma","Primary Tumor"
"1446",0.885359116022099,1,0.000792702146329375,"Esophageal Carcinoma","Primary Tumor"
"1447",0.886740331491713,1,0.000789494249594011,"Esophageal Carcinoma","Primary Tumor"
"1448",0.887430939226519,1,0.000787359489636909,"Esophageal Carcinoma","Primary Tumor"
"1449",0.888121546961326,1,0.000787027714399802,"Esophageal Carcinoma","Primary Tumor"
"1450",0.888812154696133,1,0.000786481325955203,"Esophageal Carcinoma","Primary Tumor"
"1451",0.889502762430939,1,0.000786357852245342,"Esophageal Carcinoma","Primary Tumor"
"1452",0.890883977900553,1,0.000781917349767195,"Esophageal Carcinoma","Primary Tumor"
"1453",0.891574585635359,1,0.000770881622208246,"Esophageal Carcinoma","Primary Tumor"
"1454",0.892265193370166,1,0.000767117626270524,"Esophageal Carcinoma","Primary Tumor"
"1455",0.892955801104972,1,0.000766474972735796,"Esophageal Carcinoma","Primary Tumor"
"1456",0.893646408839779,1,0.000750956847932869,"Esophageal Carcinoma","Primary Tumor"
"1457",0.894337016574586,1,0.000748517955018595,"Esophageal Carcinoma","Primary Tumor"
"1458",0.895027624309392,1,0.000747215864757576,"Esophageal Carcinoma","Primary Tumor"
"1459",0.895718232044199,1,0.000741593273228916,"Esophageal Carcinoma","Primary Tumor"
"1460",0.896408839779006,1,0.000738289207499234,"Esophageal Carcinoma","Primary Tumor"
"1461",0.897099447513812,1,0.000736328392177975,"Esophageal Carcinoma","Primary Tumor"
"1462",0.897790055248619,1,0.000732187934218126,"Esophageal Carcinoma","Primary Tumor"
"1463",0.898480662983425,1,0.000729836803841997,"Esophageal Carcinoma","Primary Tumor"
"1464",0.899171270718232,1,0.000726431517519001,"Esophageal Carcinoma","Primary Tumor"
"1465",0.899861878453039,1,0.000726375848740313,"Esophageal Carcinoma","Primary Tumor"
"1466",0.900552486187845,1,0.000726013236380337,"Esophageal Carcinoma","Primary Tumor"
"1467",0.901243093922652,1,0.000724765102372762,"Esophageal Carcinoma","Primary Tumor"
"1468",0.901933701657459,1,0.000724726492538498,"Esophageal Carcinoma","Primary Tumor"
"1469",0.902624309392265,1,0.000718628485694921,"Esophageal Carcinoma","Primary Tumor"
"1470",0.903314917127072,1,0.000718413190741957,"Esophageal Carcinoma","Primary Tumor"
"1471",0.904005524861878,1,0.000714003435666376,"Esophageal Carcinoma","Primary Tumor"
"1472",0.904696132596685,1,0.000712524217167024,"Esophageal Carcinoma","Primary Tumor"
"1473",0.905386740331492,1,0.000706726687312913,"Esophageal Carcinoma","Primary Tumor"
"1474",0.906077348066298,1,0.000704760844495835,"Esophageal Carcinoma","Primary Tumor"
"1475",0.906767955801105,1,0.000704359683728942,"Esophageal Carcinoma","Primary Tumor"
"1476",0.907458563535912,1,0.00069862108753118,"Esophageal Carcinoma","Primary Tumor"
"1477",0.908149171270718,1,0.000697315231267298,"Esophageal Carcinoma","Primary Tumor"
"1478",0.908839779005525,1,0.000689309107704279,"Esophageal Carcinoma","Primary Tumor"
"1479",0.909530386740331,1,0.000688745328205393,"Esophageal Carcinoma","Primary Tumor"
"1480",0.910220994475138,1,0.000686492831335365,"Esophageal Carcinoma","Primary Tumor"
"1481",0.910911602209945,1,0.000686051405267843,"Esophageal Carcinoma","Primary Tumor"
"1482",0.911602209944751,1,0.000684917742156303,"Esophageal Carcinoma","Primary Tumor"
"1483",0.912292817679558,1,0.000684230222444361,"Esophageal Carcinoma","Primary Tumor"
"1484",0.912983425414365,1,0.000678511340794118,"Esophageal Carcinoma","Primary Tumor"
"1485",0.913674033149171,1,0.000673727660522846,"Esophageal Carcinoma","Primary Tumor"
"1486",0.914364640883978,1,0.000671608206056862,"Esophageal Carcinoma","Primary Tumor"
"1487",0.915055248618785,1,0.000670390672389801,"Esophageal Carcinoma","Primary Tumor"
"1488",0.915745856353591,1,0.000664864211413528,"Esophageal Carcinoma","Primary Tumor"
"1489",0.916436464088398,1,0.000658878303009688,"Esophageal Carcinoma","Primary Tumor"
"1490",0.917127071823204,1,0.000647029997133785,"Esophageal Carcinoma","Primary Tumor"
"1491",0.917817679558011,1,0.000646935291505127,"Esophageal Carcinoma","Primary Tumor"
"1492",0.918508287292818,1,0.000644945545440581,"Esophageal Carcinoma","Primary Tumor"
"1493",0.919198895027624,1,0.000644942696218625,"Esophageal Carcinoma","Primary Tumor"
"1494",0.920580110497238,1,0.0006403347418049,"Esophageal Carcinoma","Primary Tumor"
"1495",0.921270718232044,1,0.000633987865889829,"Esophageal Carcinoma","Primary Tumor"
"1496",0.922651933701657,1,0.000629994567623057,"Esophageal Carcinoma","Primary Tumor"
"1497",0.923342541436464,1,0.000622054377410074,"Esophageal Carcinoma","Primary Tumor"
"1498",0.924033149171271,1,0.000619126314093648,"Esophageal Carcinoma","Primary Tumor"
"1499",0.924723756906077,1,0.000616496805990761,"Esophageal Carcinoma","Primary Tumor"
"1500",0.925414364640884,1,0.000614632885535237,"Esophageal Carcinoma","Primary Tumor"
"1501",0.926104972375691,1,0.000612730159949816,"Esophageal Carcinoma","Primary Tumor"
"1502",0.926795580110497,1,0.000611215141834489,"Esophageal Carcinoma","Primary Tumor"
"1503",0.927486187845304,1,0.000608099578011941,"Esophageal Carcinoma","Primary Tumor"
"1504",0.92817679558011,1,0.000607661716090375,"Esophageal Carcinoma","Primary Tumor"
"1505",0.928867403314917,1,0.000606004651801947,"Esophageal Carcinoma","Primary Tumor"
"1506",0.929558011049724,1,0.000604908662785917,"Esophageal Carcinoma","Primary Tumor"
"1507",0.93024861878453,1,0.000602082535353261,"Esophageal Carcinoma","Primary Tumor"
"1508",0.930939226519337,1,0.000601313268851978,"Esophageal Carcinoma","Primary Tumor"
"1509",0.931629834254144,1,0.000597998848605246,"Esophageal Carcinoma","Primary Tumor"
"1510",0.93232044198895,1,0.000597146605025251,"Esophageal Carcinoma","Primary Tumor"
"1511",0.933011049723757,1,0.000593650695125104,"Esophageal Carcinoma","Primary Tumor"
"1512",0.933701657458563,1,0.000584072426610362,"Esophageal Carcinoma","Primary Tumor"
"1513",0.93439226519337,1,0.000580600721895636,"Esophageal Carcinoma","Primary Tumor"
"1514",0.935082872928177,1,0.000576639951388282,"Esophageal Carcinoma","Primary Tumor"
"1515",0.935773480662983,1,0.000575133886872477,"Esophageal Carcinoma","Primary Tumor"
"1516",0.93646408839779,1,0.00057148356176104,"Esophageal Carcinoma","Primary Tumor"
"1517",0.937154696132597,1,0.0005691058603042,"Esophageal Carcinoma","Primary Tumor"
"1518",0.937845303867403,1,0.000566940321525887,"Esophageal Carcinoma","Primary Tumor"
"1519",0.93853591160221,1,0.000561341380719362,"Esophageal Carcinoma","Primary Tumor"
"1520",0.939226519337017,1,0.000559721526440165,"Esophageal Carcinoma","Primary Tumor"
"1521",0.939917127071823,1,0.00055861775190008,"Esophageal Carcinoma","Primary Tumor"
"1522",0.94060773480663,1,0.000558229853084407,"Esophageal Carcinoma","Primary Tumor"
"1523",0.941298342541437,1,0.000555300826031471,"Esophageal Carcinoma","Primary Tumor"
"1524",0.941988950276243,1,0.000553045248663275,"Esophageal Carcinoma","Primary Tumor"
"1525",0.94267955801105,1,0.000550918993345439,"Esophageal Carcinoma","Primary Tumor"
"1526",0.943370165745856,1,0.000550141505294846,"Esophageal Carcinoma","Primary Tumor"
"1527",0.944060773480663,1,0.000548284917421559,"Esophageal Carcinoma","Primary Tumor"
"1528",0.94475138121547,1,0.000547881267427367,"Esophageal Carcinoma","Primary Tumor"
"1529",0.945441988950276,1,0.000544578623321398,"Esophageal Carcinoma","Primary Tumor"
"1530",0.946132596685083,1,0.000543935664109236,"Esophageal Carcinoma","Primary Tumor"
"1531",0.94682320441989,1,0.000539755113753654,"Esophageal Carcinoma","Primary Tumor"
"1532",0.947513812154696,1,0.000539143081999394,"Esophageal Carcinoma","Primary Tumor"
"1533",0.948204419889503,1,0.000538069416891703,"Esophageal Carcinoma","Primary Tumor"
"1534",0.948895027624309,1,0.00053727625659472,"Esophageal Carcinoma","Primary Tumor"
"1535",0.949585635359116,1,0.000536405013252775,"Esophageal Carcinoma","Primary Tumor"
"1536",0.950276243093923,1,0.000532405964097174,"Esophageal Carcinoma","Primary Tumor"
"1537",0.950966850828729,1,0.000527796541423854,"Esophageal Carcinoma","Primary Tumor"
"1538",0.951657458563536,1,0.000525779583057527,"Esophageal Carcinoma","Primary Tumor"
"1539",0.952348066298343,1,0.000523403933098429,"Esophageal Carcinoma","Primary Tumor"
"1540",0.953038674033149,1,0.000518183370833334,"Esophageal Carcinoma","Primary Tumor"
"1541",0.953729281767956,1,0.000510453166280767,"Esophageal Carcinoma","Primary Tumor"
"1542",0.954419889502762,1,0.000506106636743464,"Esophageal Carcinoma","Primary Tumor"
"1543",0.955110497237569,1,0.000496323712757767,"Esophageal Carcinoma","Primary Tumor"
"1544",0.955801104972376,1,0.000492311387197829,"Esophageal Carcinoma","Primary Tumor"
"1545",0.956491712707182,1,0.000491437714519595,"Esophageal Carcinoma","Primary Tumor"
"1546",0.957182320441989,1,0.000486979753620755,"Esophageal Carcinoma","Primary Tumor"
"1547",0.957872928176796,1,0.000482127222447441,"Esophageal Carcinoma","Primary Tumor"
"1548",0.958563535911602,1,0.000481770861369586,"Esophageal Carcinoma","Primary Tumor"
"1549",0.959254143646409,1,0.000480324133319489,"Esophageal Carcinoma","Primary Tumor"
"1550",0.959944751381215,1,0.000475110834674421,"Esophageal Carcinoma","Primary Tumor"
"1551",0.960635359116022,1,0.000471691916669351,"Esophageal Carcinoma","Primary Tumor"
"1552",0.961325966850829,1,0.000470046779587631,"Esophageal Carcinoma","Primary Tumor"
"1553",0.962016574585635,1,0.000469345847067569,"Esophageal Carcinoma","Primary Tumor"
"1554",0.962707182320442,1,0.000469211663884816,"Esophageal Carcinoma","Primary Tumor"
"1555",0.963397790055249,1,0.000468305438646653,"Esophageal Carcinoma","Primary Tumor"
"1556",0.964088397790055,1,0.000468004317007648,"Esophageal Carcinoma","Primary Tumor"
"1557",0.964779005524862,1,0.000463973142002276,"Esophageal Carcinoma","Primary Tumor"
"1558",0.965469613259669,1,0.00046206327989198,"Esophageal Carcinoma","Primary Tumor"
"1559",0.966160220994475,1,0.000457405581212213,"Esophageal Carcinoma","Primary Tumor"
"1560",0.966850828729282,1,0.000450384636057621,"Esophageal Carcinoma","Primary Tumor"
"1561",0.967541436464088,1,0.000450113732136476,"Esophageal Carcinoma","Primary Tumor"
"1562",0.968232044198895,1,0.000447664382189635,"Esophageal Carcinoma","Primary Tumor"
"1563",0.968922651933702,1,0.000445840563250757,"Esophageal Carcinoma","Primary Tumor"
"1564",0.970303867403315,1,0.000437640001322316,"Esophageal Carcinoma","Primary Tumor"
"1565",0.970994475138122,1,0.000435500597800609,"Esophageal Carcinoma","Primary Tumor"
"1566",0.971685082872928,1,0.000435461811578298,"Esophageal Carcinoma","Primary Tumor"
"1567",0.972375690607735,1,0.000433173619502746,"Esophageal Carcinoma","Primary Tumor"
"1568",0.973066298342541,1,0.000431687350596991,"Esophageal Carcinoma","Primary Tumor"
"1569",0.973756906077348,1,0.000424895593192078,"Esophageal Carcinoma","Primary Tumor"
"1570",0.974447513812155,1,0.00040805411030075,"Esophageal Carcinoma","Primary Tumor"
"1571",0.975138121546961,1,0.00040403666267003,"Esophageal Carcinoma","Primary Tumor"
"1572",0.975828729281768,1,0.000403590385586869,"Esophageal Carcinoma","Primary Tumor"
"1573",0.976519337016575,1,0.000403197199571724,"Esophageal Carcinoma","Primary Tumor"
"1574",0.977209944751381,1,0.000400609299949199,"Esophageal Carcinoma","Primary Tumor"
"1575",0.977900552486188,1,0.000399178425386826,"Esophageal Carcinoma","Primary Tumor"
"1576",0.978591160220994,1,0.000398634108292985,"Esophageal Carcinoma","Primary Tumor"
"1577",0.979281767955801,1,0.000395715876450934,"Esophageal Carcinoma","Primary Tumor"
"1578",0.979972375690608,1,0.000395299146880941,"Esophageal Carcinoma","Primary Tumor"
"1579",0.980662983425414,1,0.000393615245420322,"Esophageal Carcinoma","Primary Tumor"
"1580",0.981353591160221,1,0.000392584939818925,"Esophageal Carcinoma","Primary Tumor"
"1581",0.982044198895028,1,0.000385005960963258,"Esophageal Carcinoma","Primary Tumor"
"1582",0.982734806629834,1,0.000375399161517193,"Esophageal Carcinoma","Primary Tumor"
"1583",0.983425414364641,1,0.000372238083305302,"Esophageal Carcinoma","Primary Tumor"
"1584",0.984116022099447,1,0.000364693749341495,"Esophageal Carcinoma","Primary Tumor"
"1585",0.984806629834254,1,0.000358762140325967,"Esophageal Carcinoma","Primary Tumor"
"1586",0.985497237569061,1,0.000358611566301203,"Esophageal Carcinoma","Primary Tumor"
"1587",0.986878453038674,1,0.000355513947197068,"Esophageal Carcinoma","Primary Tumor"
"1588",0.987569060773481,1,0.000349300319025972,"Esophageal Carcinoma","Primary Tumor"
"1589",0.988259668508287,1,0.000345960920319796,"Esophageal Carcinoma","Primary Tumor"
"1590",0.988950276243094,1,0.000315809354943379,"Esophageal Carcinoma","Primary Tumor"
"1591",0.989640883977901,1,0.000310879242071103,"Esophageal Carcinoma","Primary Tumor"
"1592",0.990331491712707,1,0.00030797407061802,"Esophageal Carcinoma","Primary Tumor"
"1593",0.991022099447514,1,0.000287599306060651,"Esophageal Carcinoma","Primary Tumor"
"1594",0.99171270718232,1,0.000272205596435536,"Esophageal Carcinoma","Primary Tumor"
"1595",0.992403314917127,1,0.000270413512065188,"Esophageal Carcinoma","Primary Tumor"
"1596",0.993093922651934,1,0.000266908442939158,"Esophageal Carcinoma","Primary Tumor"
"1597",0.99378453038674,1,0.000262599877785754,"Esophageal Carcinoma","Primary Tumor"
"1598",0.994475138121547,1,0.000240378534463551,"Esophageal Carcinoma","Primary Tumor"
"1599",0.995165745856354,1,0.000235020481866887,"Esophageal Carcinoma","Primary Tumor"
"1600",0.99585635359116,1,0.000233067792101487,"Esophageal Carcinoma","Primary Tumor"
"1601",0.996546961325967,1,0.000229800018696042,"Esophageal Carcinoma","Primary Tumor"
"1602",0.997237569060773,1,0.000224658815397063,"Esophageal Carcinoma","Primary Tumor"
"1603",0.99792817679558,1,0.000183287477383532,"Esophageal Carcinoma","Primary Tumor"
"1604",0.998618784530387,1,0.000182611109928841,"Esophageal Carcinoma","Primary Tumor"
"1605",0.999309392265193,1,0.000136790818731206,"Esophageal Carcinoma","Primary Tumor"
"1606",1,1,0.000136790818731206,"Esophageal Carcinoma","Primary Tumor"
