"1",1,0.0574324324324324,0.000739271171989422,"Bladder Urothelial Carcinoma","Primary Tumor"
"2",1,0.0574324324324324,0.000739271171989422,"Bladder Urothelial Carcinoma","Primary Tumor"
"3",1,0.0574971815107103,0.0011916129025547,"Bladder Urothelial Carcinoma","Primary Tumor"
"4",1,0.0575620767494357,0.00160054596099333,"Bladder Urothelial Carcinoma","Primary Tumor"
"5",1,0.0576271186440678,0.00204542326533868,"Bladder Urothelial Carcinoma","Primary Tumor"
"6",1,0.0576923076923077,0.0021927919702053,"Bladder Urothelial Carcinoma","Primary Tumor"
"7",1,0.057757644394111,0.00219429567885569,"Bladder Urothelial Carcinoma","Primary Tumor"
"8",1,0.0578231292517007,0.00238327315211313,"Bladder Urothelial Carcinoma","Primary Tumor"
"9",1,0.05788876276958,0.00246433329237394,"Bladder Urothelial Carcinoma","Primary Tumor"
"10",1,0.0579545454545455,0.00279218615580184,"Bladder Urothelial Carcinoma","Primary Tumor"
"11",1,0.0580204778156997,0.00279697554986196,"Bladder Urothelial Carcinoma","Primary Tumor"
"12",1,0.0580865603644647,0.0028046564670872,"Bladder Urothelial Carcinoma","Primary Tumor"
"13",1,0.0581527936145952,0.00290486016166107,"Bladder Urothelial Carcinoma","Primary Tumor"
"14",1,0.0582191780821918,0.00294789387409084,"Bladder Urothelial Carcinoma","Primary Tumor"
"15",1,0.0582857142857143,0.00316698421290346,"Bladder Urothelial Carcinoma","Primary Tumor"
"16",1,0.0583524027459954,0.00317226370288585,"Bladder Urothelial Carcinoma","Primary Tumor"
"17",1,0.0584192439862543,0.00321387893608196,"Bladder Urothelial Carcinoma","Primary Tumor"
"18",1,0.0584862385321101,0.003303620569246,"Bladder Urothelial Carcinoma","Primary Tumor"
"19",1,0.0585533869115959,0.00370983527695876,"Bladder Urothelial Carcinoma","Primary Tumor"
"20",1,0.0586206896551724,0.00403844501923215,"Bladder Urothelial Carcinoma","Primary Tumor"
"21",1,0.0586881472957422,0.00420448215705766,"Bladder Urothelial Carcinoma","Primary Tumor"
"22",1,0.0587557603686636,0.00426524102506231,"Bladder Urothelial Carcinoma","Primary Tumor"
"23",1,0.0588235294117647,0.00439748602774655,"Bladder Urothelial Carcinoma","Primary Tumor"
"24",1,0.058891454965358,0.00443712846256184,"Bladder Urothelial Carcinoma","Primary Tumor"
"25",1,0.0589595375722543,0.00450135747586069,"Bladder Urothelial Carcinoma","Primary Tumor"
"26",1,0.0590277777777778,0.00463415768285266,"Bladder Urothelial Carcinoma","Primary Tumor"
"27",1,0.0590961761297798,0.00464984225694951,"Bladder Urothelial Carcinoma","Primary Tumor"
"28",1,0.0591647331786543,0.00471360704892508,"Bladder Urothelial Carcinoma","Primary Tumor"
"29",1,0.0592334494773519,0.00472020865355104,"Bladder Urothelial Carcinoma","Primary Tumor"
"30",1,0.0593023255813954,0.00476978143502888,"Bladder Urothelial Carcinoma","Primary Tumor"
"31",1,0.0593713620488941,0.0047817666095241,"Bladder Urothelial Carcinoma","Primary Tumor"
"32",1,0.0594405594405594,0.00493283040056403,"Bladder Urothelial Carcinoma","Primary Tumor"
"33",1,0.05950991831972,0.00500437811444383,"Bladder Urothelial Carcinoma","Primary Tumor"
"34",1,0.0595794392523364,0.00501862333681097,"Bladder Urothelial Carcinoma","Primary Tumor"
"35",0.980392156862745,0.0584795321637427,0.00506782181758075,"Bladder Urothelial Carcinoma","Primary Tumor"
"36",0.980392156862745,0.0585480093676815,0.00511072834609642,"Bladder Urothelial Carcinoma","Primary Tumor"
"37",0.980392156862745,0.0586166471277843,0.00518627300591853,"Bladder Urothelial Carcinoma","Primary Tumor"
"38",0.980392156862745,0.0586854460093897,0.00519691318790561,"Bladder Urothelial Carcinoma","Primary Tumor"
"39",0.980392156862745,0.0587544065804935,0.00538723517959247,"Bladder Urothelial Carcinoma","Primary Tumor"
"40",0.980392156862745,0.0588235294117647,0.00539374545728583,"Bladder Urothelial Carcinoma","Primary Tumor"
"41",0.980392156862745,0.0588928150765607,0.00541344758465845,"Bladder Urothelial Carcinoma","Primary Tumor"
"42",0.980392156862745,0.0589622641509434,0.00541483525383644,"Bladder Urothelial Carcinoma","Primary Tumor"
"43",0.980392156862745,0.0590318772136954,0.00546414829957243,"Bladder Urothelial Carcinoma","Primary Tumor"
"44",0.980392156862745,0.0591016548463357,0.00547652158389981,"Bladder Urothelial Carcinoma","Primary Tumor"
"45",0.980392156862745,0.0591715976331361,0.00547765205341188,"Bladder Urothelial Carcinoma","Primary Tumor"
"46",0.980392156862745,0.0592417061611374,0.00548254708134151,"Bladder Urothelial Carcinoma","Primary Tumor"
"47",0.980392156862745,0.0593119810201661,0.00551641244474892,"Bladder Urothelial Carcinoma","Primary Tumor"
"48",0.980392156862745,0.0593824228028504,0.00555489402703293,"Bladder Urothelial Carcinoma","Primary Tumor"
"49",0.980392156862745,0.0594530321046373,0.00563207502590143,"Bladder Urothelial Carcinoma","Primary Tumor"
"50",0.980392156862745,0.0595238095238095,0.00563837826212334,"Bladder Urothelial Carcinoma","Primary Tumor"
"51",0.980392156862745,0.0595947556615018,0.00585935720451129,"Bladder Urothelial Carcinoma","Primary Tumor"
"52",0.980392156862745,0.0596658711217184,0.00586491003932676,"Bladder Urothelial Carcinoma","Primary Tumor"
"53",0.980392156862745,0.0597371565113501,0.00587489194768653,"Bladder Urothelial Carcinoma","Primary Tumor"
"54",0.980392156862745,0.0598086124401914,0.00594208607167926,"Bladder Urothelial Carcinoma","Primary Tumor"
"55",0.980392156862745,0.0598802395209581,0.00600725087783822,"Bladder Urothelial Carcinoma","Primary Tumor"
"56",0.980392156862745,0.0599520383693046,0.00602516849078237,"Bladder Urothelial Carcinoma","Primary Tumor"
"57",0.980392156862745,0.0600240096038415,0.0061499517404663,"Bladder Urothelial Carcinoma","Primary Tumor"
"58",0.980392156862745,0.0600961538461538,0.00617082023260963,"Bladder Urothelial Carcinoma","Primary Tumor"
"59",0.980392156862745,0.0601684717208183,0.00617095220168275,"Bladder Urothelial Carcinoma","Primary Tumor"
"60",0.980392156862745,0.0602409638554217,0.00618031146214314,"Bladder Urothelial Carcinoma","Primary Tumor"
"61",0.980392156862745,0.060313630880579,0.00618773166551879,"Bladder Urothelial Carcinoma","Primary Tumor"
"62",0.980392156862745,0.0603864734299517,0.00620289847661618,"Bladder Urothelial Carcinoma","Primary Tumor"
"63",0.980392156862745,0.060459492140266,0.00623695299088174,"Bladder Urothelial Carcinoma","Primary Tumor"
"64",0.980392156862745,0.0605326876513317,0.00628479551355744,"Bladder Urothelial Carcinoma","Primary Tumor"
"65",0.980392156862745,0.0606060606060606,0.00629435445310659,"Bladder Urothelial Carcinoma","Primary Tumor"
"66",0.980392156862745,0.0606796116504854,0.00644754161632262,"Bladder Urothelial Carcinoma","Primary Tumor"
"67",0.980392156862745,0.0607533414337789,0.00646325586586147,"Bladder Urothelial Carcinoma","Primary Tumor"
"68",0.980392156862745,0.0608272506082725,0.00648074868623471,"Bladder Urothelial Carcinoma","Primary Tumor"
"69",0.980392156862745,0.0609013398294763,0.00653143464171584,"Bladder Urothelial Carcinoma","Primary Tumor"
"70",0.980392156862745,0.0609756097560976,0.00653778530774697,"Bladder Urothelial Carcinoma","Primary Tumor"
"71",0.980392156862745,0.061050061050061,0.0066553411253884,"Bladder Urothelial Carcinoma","Primary Tumor"
"72",0.980392156862745,0.0611246943765281,0.00671004483565494,"Bladder Urothelial Carcinoma","Primary Tumor"
"73",0.980392156862745,0.0611995104039168,0.00673617021818761,"Bladder Urothelial Carcinoma","Primary Tumor"
"74",0.980392156862745,0.0612745098039216,0.00674536694789417,"Bladder Urothelial Carcinoma","Primary Tumor"
"75",0.980392156862745,0.0613496932515337,0.00685592888555236,"Bladder Urothelial Carcinoma","Primary Tumor"
"76",0.980392156862745,0.0614250614250614,0.00689515248519759,"Bladder Urothelial Carcinoma","Primary Tumor"
"77",0.980392156862745,0.0615006150061501,0.00704583326908741,"Bladder Urothelial Carcinoma","Primary Tumor"
"78",0.980392156862745,0.061576354679803,0.00711262278521493,"Bladder Urothelial Carcinoma","Primary Tumor"
"79",0.980392156862745,0.061652281134402,0.0073107389232289,"Bladder Urothelial Carcinoma","Primary Tumor"
"80",0.980392156862745,0.0617283950617284,0.00733856368099093,"Bladder Urothelial Carcinoma","Primary Tumor"
"81",0.980392156862745,0.0618046971569839,0.00734183007647953,"Bladder Urothelial Carcinoma","Primary Tumor"
"82",0.980392156862745,0.0618811881188119,0.0073734279716398,"Bladder Urothelial Carcinoma","Primary Tumor"
"83",0.980392156862745,0.0619578686493185,0.00738271562464082,"Bladder Urothelial Carcinoma","Primary Tumor"
"84",0.980392156862745,0.0620347394540943,0.00738772250874512,"Bladder Urothelial Carcinoma","Primary Tumor"
"85",0.980392156862745,0.062111801242236,0.00746024748298477,"Bladder Urothelial Carcinoma","Primary Tumor"
"86",0.980392156862745,0.0621890547263682,0.00749855017430588,"Bladder Urothelial Carcinoma","Primary Tumor"
"87",0.980392156862745,0.062266500622665,0.00751638812734048,"Bladder Urothelial Carcinoma","Primary Tumor"
"88",0.980392156862745,0.0623441396508728,0.00753736598582273,"Bladder Urothelial Carcinoma","Primary Tumor"
"89",0.980392156862745,0.0624219725343321,0.00759121523266621,"Bladder Urothelial Carcinoma","Primary Tumor"
"90",0.980392156862745,0.0625,0.00761302863528147,"Bladder Urothelial Carcinoma","Primary Tumor"
"91",0.980392156862745,0.0625782227784731,0.00764938663546425,"Bladder Urothelial Carcinoma","Primary Tumor"
"92",0.980392156862745,0.06265664160401,0.0076510288179279,"Bladder Urothelial Carcinoma","Primary Tumor"
"93",0.980392156862745,0.0627352572145546,0.00768719007828104,"Bladder Urothelial Carcinoma","Primary Tumor"
"94",0.980392156862745,0.0628140703517588,0.00789354991666013,"Bladder Urothelial Carcinoma","Primary Tumor"
"95",0.980392156862745,0.0628930817610063,0.00797231713319849,"Bladder Urothelial Carcinoma","Primary Tumor"
"96",0.980392156862745,0.0629722921914358,0.00817814971944937,"Bladder Urothelial Carcinoma","Primary Tumor"
"97",0.980392156862745,0.0630517023959647,0.00819404675605333,"Bladder Urothelial Carcinoma","Primary Tumor"
"98",0.980392156862745,0.0631313131313131,0.00831438134149687,"Bladder Urothelial Carcinoma","Primary Tumor"
"99",0.980392156862745,0.0632111251580278,0.00841211892425603,"Bladder Urothelial Carcinoma","Primary Tumor"
"100",0.980392156862745,0.0632911392405063,0.00849391824331588,"Bladder Urothelial Carcinoma","Primary Tumor"
"101",0.980392156862745,0.0633713561470216,0.00862642081633229,"Bladder Urothelial Carcinoma","Primary Tumor"
"102",0.980392156862745,0.0634517766497462,0.00862836330668849,"Bladder Urothelial Carcinoma","Primary Tumor"
"103",0.980392156862745,0.0635324015247776,0.00863526369563673,"Bladder Urothelial Carcinoma","Primary Tumor"
"104",0.96078431372549,0.0623409669211196,0.00869010184907708,"Bladder Urothelial Carcinoma","Primary Tumor"
"105",0.941176470588235,0.0611464968152866,0.00870397277301221,"Bladder Urothelial Carcinoma","Primary Tumor"
"106",0.941176470588235,0.0612244897959184,0.00874927291139693,"Bladder Urothelial Carcinoma","Primary Tumor"
"107",0.941176470588235,0.0613026819923372,0.00876832449157214,"Bladder Urothelial Carcinoma","Primary Tumor"
"108",0.941176470588235,0.061381074168798,0.00883828697718146,"Bladder Urothelial Carcinoma","Primary Tumor"
"109",0.941176470588235,0.0614596670934699,0.00888886325839317,"Bladder Urothelial Carcinoma","Primary Tumor"
"110",0.941176470588235,0.0615384615384615,0.00889527877126706,"Bladder Urothelial Carcinoma","Primary Tumor"
"111",0.941176470588235,0.061617458279846,0.00890452085727512,"Bladder Urothelial Carcinoma","Primary Tumor"
"112",0.92156862745098,0.0604113110539846,0.00892294181550081,"Bladder Urothelial Carcinoma","Primary Tumor"
"113",0.92156862745098,0.0604890604890605,0.00899066625606157,"Bladder Urothelial Carcinoma","Primary Tumor"
"114",0.92156862745098,0.0605670103092784,0.00917932122974735,"Bladder Urothelial Carcinoma","Primary Tumor"
"115",0.901960784313726,0.0593548387096774,0.00918249767222387,"Bladder Urothelial Carcinoma","Primary Tumor"
"116",0.901960784313726,0.0594315245478036,0.00931292035322609,"Bladder Urothelial Carcinoma","Primary Tumor"
"117",0.901960784313726,0.0595084087968952,0.00931709492659883,"Bladder Urothelial Carcinoma","Primary Tumor"
"118",0.901960784313726,0.0595854922279793,0.00941024231293991,"Bladder Urothelial Carcinoma","Primary Tumor"
"119",0.901960784313726,0.059662775616083,0.00944737578349406,"Bladder Urothelial Carcinoma","Primary Tumor"
"120",0.901960784313726,0.0597402597402597,0.00949837028647189,"Bladder Urothelial Carcinoma","Primary Tumor"
"121",0.901960784313726,0.0598179453836151,0.00950895587071806,"Bladder Urothelial Carcinoma","Primary Tumor"
"122",0.901960784313726,0.0598958333333333,0.00955192897276,"Bladder Urothelial Carcinoma","Primary Tumor"
"123",0.901960784313726,0.059973924380704,0.00973358197042728,"Bladder Urothelial Carcinoma","Primary Tumor"
"124",0.901960784313726,0.0600522193211488,0.00988899019052506,"Bladder Urothelial Carcinoma","Primary Tumor"
"125",0.901960784313726,0.0601307189542484,0.00989466593612337,"Bladder Urothelial Carcinoma","Primary Tumor"
"126",0.901960784313726,0.0602094240837696,0.00998826355151188,"Bladder Urothelial Carcinoma","Primary Tumor"
"127",0.901960784313726,0.0602883355176933,0.0101160607917128,"Bladder Urothelial Carcinoma","Primary Tumor"
"128",0.901960784313726,0.0603674540682415,0.0101171281851624,"Bladder Urothelial Carcinoma","Primary Tumor"
"129",0.901960784313726,0.0604467805519054,0.0101527989723375,"Bladder Urothelial Carcinoma","Primary Tumor"
"130",0.901960784313726,0.0605263157894737,0.0101573100478028,"Bladder Urothelial Carcinoma","Primary Tumor"
"131",0.901960784313726,0.0606060606060606,0.0101768085004619,"Bladder Urothelial Carcinoma","Primary Tumor"
"132",0.901960784313726,0.0606860158311346,0.0101914244298201,"Bladder Urothelial Carcinoma","Primary Tumor"
"133",0.901960784313726,0.0607661822985469,0.0101979229414184,"Bladder Urothelial Carcinoma","Primary Tumor"
"134",0.901960784313726,0.0608465608465608,0.0102450803569263,"Bladder Urothelial Carcinoma","Primary Tumor"
"135",0.901960784313726,0.0609271523178808,0.0102773457067002,"Bladder Urothelial Carcinoma","Primary Tumor"
"136",0.901960784313726,0.0610079575596817,0.0103254854994734,"Bladder Urothelial Carcinoma","Primary Tumor"
"137",0.901960784313726,0.0610889774236388,0.010480076038011,"Bladder Urothelial Carcinoma","Primary Tumor"
"138",0.901960784313726,0.0611702127659574,0.0105249223220284,"Bladder Urothelial Carcinoma","Primary Tumor"
"139",0.901960784313726,0.0612516644474035,0.010597139086711,"Bladder Urothelial Carcinoma","Primary Tumor"
"140",0.901960784313726,0.0613333333333333,0.0106561301012362,"Bladder Urothelial Carcinoma","Primary Tumor"
"141",0.901960784313726,0.061415220293725,0.0107768471939696,"Bladder Urothelial Carcinoma","Primary Tumor"
"142",0.901960784313726,0.0614973262032086,0.0108303172395642,"Bladder Urothelial Carcinoma","Primary Tumor"
"143",0.901960784313726,0.0615796519410977,0.0108970826471897,"Bladder Urothelial Carcinoma","Primary Tumor"
"144",0.882352941176471,0.0603217158176944,0.0109402367301457,"Bladder Urothelial Carcinoma","Primary Tumor"
"145",0.882352941176471,0.0604026845637584,0.0110102188947705,"Bladder Urothelial Carcinoma","Primary Tumor"
"146",0.882352941176471,0.0604838709677419,0.0110747779784764,"Bladder Urothelial Carcinoma","Primary Tumor"
"147",0.882352941176471,0.0605652759084791,0.0111379647398288,"Bladder Urothelial Carcinoma","Primary Tumor"
"148",0.882352941176471,0.0606469002695418,0.0111447714453076,"Bladder Urothelial Carcinoma","Primary Tumor"
"149",0.882352941176471,0.0607287449392713,0.0111481274795601,"Bladder Urothelial Carcinoma","Primary Tumor"
"150",0.882352941176471,0.0608108108108108,0.011181774276494,"Bladder Urothelial Carcinoma","Primary Tumor"
"151",0.882352941176471,0.060893098782138,0.0112263461722718,"Bladder Urothelial Carcinoma","Primary Tumor"
"152",0.882352941176471,0.0609756097560976,0.0112382730795338,"Bladder Urothelial Carcinoma","Primary Tumor"
"153",0.882352941176471,0.0610583446404342,0.0113624348603796,"Bladder Urothelial Carcinoma","Primary Tumor"
"154",0.882352941176471,0.0611413043478261,0.0113744952846434,"Bladder Urothelial Carcinoma","Primary Tumor"
"155",0.882352941176471,0.0612244897959184,0.0114469373267425,"Bladder Urothelial Carcinoma","Primary Tumor"
"156",0.882352941176471,0.061307901907357,0.0115612852718149,"Bladder Urothelial Carcinoma","Primary Tumor"
"157",0.882352941176471,0.0613915416098226,0.0116000989765068,"Bladder Urothelial Carcinoma","Primary Tumor"
"158",0.882352941176471,0.0614754098360656,0.0117167667133437,"Bladder Urothelial Carcinoma","Primary Tumor"
"159",0.882352941176471,0.0615595075239398,0.0117396923513008,"Bladder Urothelial Carcinoma","Primary Tumor"
"160",0.882352941176471,0.0616438356164384,0.0117922271622378,"Bladder Urothelial Carcinoma","Primary Tumor"
"161",0.862745098039216,0.0603566529492455,0.0118300470922478,"Bladder Urothelial Carcinoma","Primary Tumor"
"162",0.862745098039216,0.0604395604395604,0.0118808782929237,"Bladder Urothelial Carcinoma","Primary Tumor"
"163",0.862745098039216,0.0605226960110041,0.0120009707903091,"Bladder Urothelial Carcinoma","Primary Tumor"
"164",0.862745098039216,0.0606060606060606,0.0120762771553626,"Bladder Urothelial Carcinoma","Primary Tumor"
"165",0.862745098039216,0.0606896551724138,0.0120853523047287,"Bladder Urothelial Carcinoma","Primary Tumor"
"166",0.862745098039216,0.0607734806629834,0.0120854457407547,"Bladder Urothelial Carcinoma","Primary Tumor"
"167",0.862745098039216,0.0608575380359613,0.0121244140768758,"Bladder Urothelial Carcinoma","Primary Tumor"
"168",0.862745098039216,0.0609418282548476,0.0121918454537555,"Bladder Urothelial Carcinoma","Primary Tumor"
"169",0.862745098039216,0.0610263522884882,0.0122310575110421,"Bladder Urothelial Carcinoma","Primary Tumor"
"170",0.862745098039216,0.0611111111111111,0.0122493672838709,"Bladder Urothelial Carcinoma","Primary Tumor"
"171",0.862745098039216,0.0611961057023644,0.0122831440639009,"Bladder Urothelial Carcinoma","Primary Tumor"
"172",0.862745098039216,0.0612813370473538,0.0122984012608194,"Bladder Urothelial Carcinoma","Primary Tumor"
"173",0.862745098039216,0.0613668061366806,0.0123166522338991,"Bladder Urothelial Carcinoma","Primary Tumor"
"174",0.862745098039216,0.0614525139664804,0.012382232344305,"Bladder Urothelial Carcinoma","Primary Tumor"
"175",0.862745098039216,0.0615384615384615,0.0125383473712587,"Bladder Urothelial Carcinoma","Primary Tumor"
"176",0.862745098039216,0.061624649859944,0.0125630532006154,"Bladder Urothelial Carcinoma","Primary Tumor"
"177",0.862745098039216,0.061711079943899,0.0125873200074665,"Bladder Urothelial Carcinoma","Primary Tumor"
"178",0.862745098039216,0.0617977528089888,0.0125997701486486,"Bladder Urothelial Carcinoma","Primary Tumor"
"179",0.862745098039216,0.0618846694796062,0.0126421147503281,"Bladder Urothelial Carcinoma","Primary Tumor"
"180",0.843137254901961,0.0605633802816901,0.0126735723264258,"Bladder Urothelial Carcinoma","Primary Tumor"
"181",0.843137254901961,0.0606488011283498,0.0127549310900175,"Bladder Urothelial Carcinoma","Primary Tumor"
"182",0.843137254901961,0.0607344632768362,0.0127552974503061,"Bladder Urothelial Carcinoma","Primary Tumor"
"183",0.843137254901961,0.0608203677510608,0.0128314263709893,"Bladder Urothelial Carcinoma","Primary Tumor"
"184",0.843137254901961,0.0609065155807365,0.0128340284115465,"Bladder Urothelial Carcinoma","Primary Tumor"
"185",0.843137254901961,0.0609929078014184,0.0128646648307074,"Bladder Urothelial Carcinoma","Primary Tumor"
"186",0.843137254901961,0.0610795454545455,0.0128650618234779,"Bladder Urothelial Carcinoma","Primary Tumor"
"187",0.823529411764706,0.0597439544807966,0.0129170103599399,"Bladder Urothelial Carcinoma","Primary Tumor"
"188",0.823529411764706,0.0598290598290598,0.0129271926050856,"Bladder Urothelial Carcinoma","Primary Tumor"
"189",0.823529411764706,0.0599144079885877,0.0130197281143105,"Bladder Urothelial Carcinoma","Primary Tumor"
"190",0.823529411764706,0.06,0.0130696519017365,"Bladder Urothelial Carcinoma","Primary Tumor"
"191",0.823529411764706,0.0600858369098712,0.0131090875835166,"Bladder Urothelial Carcinoma","Primary Tumor"
"192",0.823529411764706,0.0601719197707736,0.0131103769066184,"Bladder Urothelial Carcinoma","Primary Tumor"
"193",0.823529411764706,0.0602582496413199,0.0131859713604586,"Bladder Urothelial Carcinoma","Primary Tumor"
"194",0.823529411764706,0.0603448275862069,0.0131896264433288,"Bladder Urothelial Carcinoma","Primary Tumor"
"195",0.823529411764706,0.060431654676259,0.0132356040825153,"Bladder Urothelial Carcinoma","Primary Tumor"
"196",0.823529411764706,0.0605187319884726,0.0132817703906536,"Bladder Urothelial Carcinoma","Primary Tumor"
"197",0.823529411764706,0.0606060606060606,0.0132959427700714,"Bladder Urothelial Carcinoma","Primary Tumor"
"198",0.823529411764706,0.0606936416184971,0.0133061046313476,"Bladder Urothelial Carcinoma","Primary Tumor"
"199",0.823529411764706,0.060781476121563,0.0133610660687369,"Bladder Urothelial Carcinoma","Primary Tumor"
"200",0.823529411764706,0.0608695652173913,0.0133631392776951,"Bladder Urothelial Carcinoma","Primary Tumor"
"201",0.823529411764706,0.0609579100145138,0.0134903864408359,"Bladder Urothelial Carcinoma","Primary Tumor"
"202",0.823529411764706,0.061046511627907,0.0134926369148733,"Bladder Urothelial Carcinoma","Primary Tumor"
"203",0.823529411764706,0.0611353711790393,0.0135244959405964,"Bladder Urothelial Carcinoma","Primary Tumor"
"204",0.823529411764706,0.0612244897959184,0.0135399248109934,"Bladder Urothelial Carcinoma","Primary Tumor"
"205",0.823529411764706,0.0613138686131387,0.0135698519665514,"Bladder Urothelial Carcinoma","Primary Tumor"
"206",0.823529411764706,0.0614035087719298,0.0135729533947853,"Bladder Urothelial Carcinoma","Primary Tumor"
"207",0.823529411764706,0.061493411420205,0.0136286564559427,"Bladder Urothelial Carcinoma","Primary Tumor"
"208",0.823529411764706,0.06158357771261,0.0136296717458317,"Bladder Urothelial Carcinoma","Primary Tumor"
"209",0.823529411764706,0.0616740088105727,0.0136302143587564,"Bladder Urothelial Carcinoma","Primary Tumor"
"210",0.823529411764706,0.0617647058823529,0.0136810785818493,"Bladder Urothelial Carcinoma","Primary Tumor"
"211",0.823529411764706,0.0618556701030928,0.0139062811354699,"Bladder Urothelial Carcinoma","Primary Tumor"
"212",0.823529411764706,0.0619469026548673,0.0139083554363316,"Bladder Urothelial Carcinoma","Primary Tumor"
"213",0.803921568627451,0.0605612998522895,0.0139844686512447,"Bladder Urothelial Carcinoma","Primary Tumor"
"214",0.803921568627451,0.0606508875739645,0.014057669729384,"Bladder Urothelial Carcinoma","Primary Tumor"
"215",0.803921568627451,0.0607407407407407,0.0140920587777779,"Bladder Urothelial Carcinoma","Primary Tumor"
"216",0.803921568627451,0.0608308605341246,0.0141021542886033,"Bladder Urothelial Carcinoma","Primary Tumor"
"217",0.803921568627451,0.0609212481426449,0.0142163815133047,"Bladder Urothelial Carcinoma","Primary Tumor"
"218",0.803921568627451,0.0610119047619048,0.0142444593336434,"Bladder Urothelial Carcinoma","Primary Tumor"
"219",0.803921568627451,0.0611028315946349,0.0143113867160033,"Bladder Urothelial Carcinoma","Primary Tumor"
"220",0.803921568627451,0.0611940298507463,0.0143186841570637,"Bladder Urothelial Carcinoma","Primary Tumor"
"221",0.803921568627451,0.0612855007473842,0.014424641768011,"Bladder Urothelial Carcinoma","Primary Tumor"
"222",0.803921568627451,0.061377245508982,0.0144561973855404,"Bladder Urothelial Carcinoma","Primary Tumor"
"223",0.784313725490196,0.0599700149925037,0.0144817547348954,"Bladder Urothelial Carcinoma","Primary Tumor"
"224",0.784313725490196,0.0600600600600601,0.0147308112323826,"Bladder Urothelial Carcinoma","Primary Tumor"
"225",0.784313725490196,0.0601503759398496,0.0147358915742194,"Bladder Urothelial Carcinoma","Primary Tumor"
"226",0.784313725490196,0.0602409638554217,0.0147642470761661,"Bladder Urothelial Carcinoma","Primary Tumor"
"227",0.784313725490196,0.0603318250377074,0.014956406473214,"Bladder Urothelial Carcinoma","Primary Tumor"
"228",0.784313725490196,0.0604229607250755,0.0150363704192612,"Bladder Urothelial Carcinoma","Primary Tumor"
"229",0.784313725490196,0.0605143721633888,0.0150871767304294,"Bladder Urothelial Carcinoma","Primary Tumor"
"230",0.784313725490196,0.0606060606060606,0.0151222159984119,"Bladder Urothelial Carcinoma","Primary Tumor"
"231",0.784313725490196,0.0606980273141123,0.0152261370832199,"Bladder Urothelial Carcinoma","Primary Tumor"
"232",0.784313725490196,0.060790273556231,0.0152482750524288,"Bladder Urothelial Carcinoma","Primary Tumor"
"233",0.784313725490196,0.060882800608828,0.0152637586418793,"Bladder Urothelial Carcinoma","Primary Tumor"
"234",0.784313725490196,0.0609756097560976,0.0154453659905553,"Bladder Urothelial Carcinoma","Primary Tumor"
"235",0.784313725490196,0.0610687022900763,0.0154728055329922,"Bladder Urothelial Carcinoma","Primary Tumor"
"236",0.784313725490196,0.0611620795107034,0.0156144243611771,"Bladder Urothelial Carcinoma","Primary Tumor"
"237",0.784313725490196,0.0612557427258806,0.0156300978590563,"Bladder Urothelial Carcinoma","Primary Tumor"
"238",0.784313725490196,0.0613496932515337,0.0158576189235977,"Bladder Urothelial Carcinoma","Primary Tumor"
"239",0.784313725490196,0.0614439324116743,0.0159220197845211,"Bladder Urothelial Carcinoma","Primary Tumor"
"240",0.784313725490196,0.0615384615384615,0.0159959262807217,"Bladder Urothelial Carcinoma","Primary Tumor"
"241",0.784313725490196,0.061633281972265,0.0160872958144971,"Bladder Urothelial Carcinoma","Primary Tumor"
"242",0.784313725490196,0.0617283950617284,0.0161738918127251,"Bladder Urothelial Carcinoma","Primary Tumor"
"243",0.784313725490196,0.0618238021638331,0.0162094960243341,"Bladder Urothelial Carcinoma","Primary Tumor"
"244",0.784313725490196,0.0619195046439628,0.0162426081630679,"Bladder Urothelial Carcinoma","Primary Tumor"
"245",0.784313725490196,0.062015503875969,0.0163570340944599,"Bladder Urothelial Carcinoma","Primary Tumor"
"246",0.784313725490196,0.062111801242236,0.0163726908759296,"Bladder Urothelial Carcinoma","Primary Tumor"
"247",0.784313725490196,0.0622083981337481,0.0164208368621178,"Bladder Urothelial Carcinoma","Primary Tumor"
"248",0.784313725490196,0.0623052959501558,0.0164357096527737,"Bladder Urothelial Carcinoma","Primary Tumor"
"249",0.784313725490196,0.062402496099844,0.0165239464320806,"Bladder Urothelial Carcinoma","Primary Tumor"
"250",0.784313725490196,0.0625,0.0165437474548426,"Bladder Urothelial Carcinoma","Primary Tumor"
"251",0.784313725490196,0.0625978090766823,0.0166159503735569,"Bladder Urothelial Carcinoma","Primary Tumor"
"252",0.784313725490196,0.0626959247648903,0.0166159668818615,"Bladder Urothelial Carcinoma","Primary Tumor"
"253",0.784313725490196,0.0627943485086342,0.0168776317170374,"Bladder Urothelial Carcinoma","Primary Tumor"
"254",0.784313725490196,0.0628930817610063,0.0169325053979978,"Bladder Urothelial Carcinoma","Primary Tumor"
"255",0.784313725490196,0.062992125984252,0.0169451601829099,"Bladder Urothelial Carcinoma","Primary Tumor"
"256",0.784313725490196,0.0630914826498423,0.016986534899498,"Bladder Urothelial Carcinoma","Primary Tumor"
"257",0.784313725490196,0.0631911532385466,0.0176661606103715,"Bladder Urothelial Carcinoma","Primary Tumor"
"258",0.784313725490196,0.0632911392405063,0.0177501844254037,"Bladder Urothelial Carcinoma","Primary Tumor"
"259",0.784313725490196,0.063391442155309,0.0177910847435542,"Bladder Urothelial Carcinoma","Primary Tumor"
"260",0.784313725490196,0.0634920634920635,0.0178021829311267,"Bladder Urothelial Carcinoma","Primary Tumor"
"261",0.764705882352941,0.0620031796502385,0.0178751121366109,"Bladder Urothelial Carcinoma","Primary Tumor"
"262",0.764705882352941,0.0621019108280255,0.0179181377459372,"Bladder Urothelial Carcinoma","Primary Tumor"
"263",0.764705882352941,0.062200956937799,0.0181199192071097,"Bladder Urothelial Carcinoma","Primary Tumor"
"264",0.764705882352941,0.0623003194888179,0.0182439975434579,"Bladder Urothelial Carcinoma","Primary Tumor"
"265",0.764705882352941,0.0624,0.0183031277197333,"Bladder Urothelial Carcinoma","Primary Tumor"
"266",0.764705882352941,0.0625,0.0183145744203481,"Bladder Urothelial Carcinoma","Primary Tumor"
"267",0.764705882352941,0.0626003210272873,0.0184249835217149,"Bladder Urothelial Carcinoma","Primary Tumor"
"268",0.764705882352941,0.0627009646302251,0.0185252083889193,"Bladder Urothelial Carcinoma","Primary Tumor"
"269",0.764705882352941,0.0628019323671498,0.0185592132209124,"Bladder Urothelial Carcinoma","Primary Tumor"
"270",0.764705882352941,0.0629032258064516,0.0185973481393601,"Bladder Urothelial Carcinoma","Primary Tumor"
"271",0.764705882352941,0.0630048465266559,0.0188403626506319,"Bladder Urothelial Carcinoma","Primary Tumor"
"272",0.764705882352941,0.0631067961165049,0.0188444743472117,"Bladder Urothelial Carcinoma","Primary Tumor"
"273",0.764705882352941,0.0632090761750405,0.0189155852576449,"Bladder Urothelial Carcinoma","Primary Tumor"
"274",0.745098039215686,0.0616883116883117,0.018976285867816,"Bladder Urothelial Carcinoma","Primary Tumor"
"275",0.745098039215686,0.0617886178861789,0.018987578934512,"Bladder Urothelial Carcinoma","Primary Tumor"
"276",0.745098039215686,0.0618892508143322,0.0191756750975756,"Bladder Urothelial Carcinoma","Primary Tumor"
"277",0.745098039215686,0.0619902120717781,0.0191929826649918,"Bladder Urothelial Carcinoma","Primary Tumor"
"278",0.745098039215686,0.0620915032679739,0.0193695571821229,"Bladder Urothelial Carcinoma","Primary Tumor"
"279",0.745098039215686,0.0621931260229133,0.0195632582154491,"Bladder Urothelial Carcinoma","Primary Tumor"
"280",0.745098039215686,0.0622950819672131,0.0199220186033833,"Bladder Urothelial Carcinoma","Primary Tumor"
"281",0.745098039215686,0.0623973727422003,0.0199983887420079,"Bladder Urothelial Carcinoma","Primary Tumor"
"282",0.745098039215686,0.0625,0.0201983542234072,"Bladder Urothelial Carcinoma","Primary Tumor"
"283",0.745098039215686,0.0626029654036244,0.0202296335485783,"Bladder Urothelial Carcinoma","Primary Tumor"
"284",0.745098039215686,0.0627062706270627,0.0203266602473177,"Bladder Urothelial Carcinoma","Primary Tumor"
"285",0.745098039215686,0.0628099173553719,0.0203668711689589,"Bladder Urothelial Carcinoma","Primary Tumor"
"286",0.745098039215686,0.0629139072847682,0.0203770106983323,"Bladder Urothelial Carcinoma","Primary Tumor"
"287",0.745098039215686,0.0630182421227197,0.0206016907070192,"Bladder Urothelial Carcinoma","Primary Tumor"
"288",0.745098039215686,0.0631229235880399,0.0206398548558887,"Bladder Urothelial Carcinoma","Primary Tumor"
"289",0.745098039215686,0.0632279534109817,0.0206501013855519,"Bladder Urothelial Carcinoma","Primary Tumor"
"290",0.745098039215686,0.0633333333333333,0.0209503017081835,"Bladder Urothelial Carcinoma","Primary Tumor"
"291",0.745098039215686,0.0634390651085142,0.020979935449128,"Bladder Urothelial Carcinoma","Primary Tumor"
"292",0.745098039215686,0.0635451505016722,0.0209929630139167,"Bladder Urothelial Carcinoma","Primary Tumor"
"293",0.745098039215686,0.0636515912897822,0.0210363301945369,"Bladder Urothelial Carcinoma","Primary Tumor"
"294",0.745098039215686,0.063758389261745,0.0211269000851536,"Bladder Urothelial Carcinoma","Primary Tumor"
"295",0.745098039215686,0.0638655462184874,0.021320426794854,"Bladder Urothelial Carcinoma","Primary Tumor"
"296",0.745098039215686,0.063973063973064,0.0213388685738938,"Bladder Urothelial Carcinoma","Primary Tumor"
"297",0.745098039215686,0.0640809443507589,0.0213581612153392,"Bladder Urothelial Carcinoma","Primary Tumor"
"298",0.745098039215686,0.0641891891891892,0.0214285343258563,"Bladder Urothelial Carcinoma","Primary Tumor"
"299",0.745098039215686,0.0642978003384095,0.02147293556112,"Bladder Urothelial Carcinoma","Primary Tumor"
"300",0.745098039215686,0.0644067796610169,0.0215360552773224,"Bladder Urothelial Carcinoma","Primary Tumor"
"301",0.745098039215686,0.0645161290322581,0.0215864029508342,"Bladder Urothelial Carcinoma","Primary Tumor"
"302",0.745098039215686,0.0646258503401361,0.0217340837441537,"Bladder Urothelial Carcinoma","Primary Tumor"
"303",0.745098039215686,0.0647359454855196,0.0221696004784706,"Bladder Urothelial Carcinoma","Primary Tumor"
"304",0.745098039215686,0.0648464163822526,0.0222806597970888,"Bladder Urothelial Carcinoma","Primary Tumor"
"305",0.745098039215686,0.064957264957265,0.0224066072690166,"Bladder Urothelial Carcinoma","Primary Tumor"
"306",0.745098039215686,0.0650684931506849,0.0224140759041775,"Bladder Urothelial Carcinoma","Primary Tumor"
"307",0.745098039215686,0.065180102915952,0.0224143695049939,"Bladder Urothelial Carcinoma","Primary Tumor"
"308",0.745098039215686,0.0652920962199313,0.0224372074010196,"Bladder Urothelial Carcinoma","Primary Tumor"
"309",0.725490196078431,0.0636833046471601,0.0225068354392473,"Bladder Urothelial Carcinoma","Primary Tumor"
"310",0.725490196078431,0.0637931034482759,0.0226717940815425,"Bladder Urothelial Carcinoma","Primary Tumor"
"311",0.725490196078431,0.0639032815198618,0.0227073719149336,"Bladder Urothelial Carcinoma","Primary Tumor"
"312",0.725490196078431,0.0640138408304498,0.0227835753689114,"Bladder Urothelial Carcinoma","Primary Tumor"
"313",0.725490196078431,0.0641247833622184,0.0228383692080307,"Bladder Urothelial Carcinoma","Primary Tumor"
"314",0.725490196078431,0.0642361111111111,0.0228445326951075,"Bladder Urothelial Carcinoma","Primary Tumor"
"315",0.725490196078431,0.0643478260869565,0.0228526925048068,"Bladder Urothelial Carcinoma","Primary Tumor"
"316",0.725490196078431,0.0644599303135888,0.0229328249302156,"Bladder Urothelial Carcinoma","Primary Tumor"
"317",0.725490196078431,0.0645724258289703,0.0229362361080531,"Bladder Urothelial Carcinoma","Primary Tumor"
"318",0.725490196078431,0.0646853146853147,0.0230059402805189,"Bladder Urothelial Carcinoma","Primary Tumor"
"319",0.725490196078431,0.0647985989492119,0.0231212297760869,"Bladder Urothelial Carcinoma","Primary Tumor"
"320",0.725490196078431,0.0649122807017544,0.0231664883418046,"Bladder Urothelial Carcinoma","Primary Tumor"
"321",0.705882352941177,0.0632688927943761,0.0232069127499545,"Bladder Urothelial Carcinoma","Primary Tumor"
"322",0.705882352941177,0.0633802816901408,0.0233353105256813,"Bladder Urothelial Carcinoma","Primary Tumor"
"323",0.705882352941177,0.0634920634920635,0.023438704669507,"Bladder Urothelial Carcinoma","Primary Tumor"
"324",0.686274509803922,0.0618374558303887,0.0235071671290533,"Bladder Urothelial Carcinoma","Primary Tumor"
"325",0.686274509803922,0.0619469026548673,0.0236978952558655,"Bladder Urothelial Carcinoma","Primary Tumor"
"326",0.686274509803922,0.0620567375886525,0.0237752215185807,"Bladder Urothelial Carcinoma","Primary Tumor"
"327",0.686274509803922,0.0621669626998224,0.0238066532316827,"Bladder Urothelial Carcinoma","Primary Tumor"
"328",0.686274509803922,0.0622775800711744,0.0238533328774395,"Bladder Urothelial Carcinoma","Primary Tumor"
"329",0.686274509803922,0.0623885918003565,0.0238542447389088,"Bladder Urothelial Carcinoma","Primary Tumor"
"330",0.686274509803922,0.0625,0.0239995552117909,"Bladder Urothelial Carcinoma","Primary Tumor"
"331",0.666666666666667,0.0608228980322004,0.0240582015402416,"Bladder Urothelial Carcinoma","Primary Tumor"
"332",0.666666666666667,0.0609318996415771,0.0241509062023997,"Bladder Urothelial Carcinoma","Primary Tumor"
"333",0.666666666666667,0.0610412926391382,0.0243130899808552,"Bladder Urothelial Carcinoma","Primary Tumor"
"334",0.666666666666667,0.0611510791366906,0.0243942423057212,"Bladder Urothelial Carcinoma","Primary Tumor"
"335",0.666666666666667,0.0612612612612613,0.0244328701224637,"Bladder Urothelial Carcinoma","Primary Tumor"
"336",0.666666666666667,0.0613718411552347,0.0244639381471913,"Bladder Urothelial Carcinoma","Primary Tumor"
"337",0.666666666666667,0.0614828209764919,0.0246019745398292,"Bladder Urothelial Carcinoma","Primary Tumor"
"338",0.666666666666667,0.0615942028985507,0.0246501164431027,"Bladder Urothelial Carcinoma","Primary Tumor"
"339",0.666666666666667,0.0617059891107078,0.0248244102096586,"Bladder Urothelial Carcinoma","Primary Tumor"
"340",0.647058823529412,0.06,0.0251403285591735,"Bladder Urothelial Carcinoma","Primary Tumor"
"341",0.647058823529412,0.0601092896174863,0.0251767174115955,"Bladder Urothelial Carcinoma","Primary Tumor"
"342",0.647058823529412,0.0602189781021898,0.025216075906675,"Bladder Urothelial Carcinoma","Primary Tumor"
"343",0.647058823529412,0.0603290676416819,0.0253024692645104,"Bladder Urothelial Carcinoma","Primary Tumor"
"344",0.647058823529412,0.0604395604395604,0.0254718344352416,"Bladder Urothelial Carcinoma","Primary Tumor"
"345",0.647058823529412,0.0605504587155963,0.0256214160826522,"Bladder Urothelial Carcinoma","Primary Tumor"
"346",0.647058823529412,0.0606617647058824,0.0256438318368018,"Bladder Urothelial Carcinoma","Primary Tumor"
"347",0.647058823529412,0.0607734806629834,0.025707685646169,"Bladder Urothelial Carcinoma","Primary Tumor"
"348",0.647058823529412,0.0608856088560886,0.0258010932863973,"Bladder Urothelial Carcinoma","Primary Tumor"
"349",0.647058823529412,0.0609981515711645,0.0260003660878399,"Bladder Urothelial Carcinoma","Primary Tumor"
"350",0.647058823529412,0.0611111111111111,0.0261932431884604,"Bladder Urothelial Carcinoma","Primary Tumor"
"351",0.647058823529412,0.0612244897959184,0.0262044163861124,"Bladder Urothelial Carcinoma","Primary Tumor"
"352",0.647058823529412,0.0613382899628253,0.0263492749455543,"Bladder Urothelial Carcinoma","Primary Tumor"
"353",0.647058823529412,0.0614525139664804,0.0265458677294491,"Bladder Urothelial Carcinoma","Primary Tumor"
"354",0.627450980392157,0.0597014925373134,0.0267068645404668,"Bladder Urothelial Carcinoma","Primary Tumor"
"355",0.627450980392157,0.0598130841121495,0.0267193627760989,"Bladder Urothelial Carcinoma","Primary Tumor"
"356",0.627450980392157,0.0599250936329588,0.0268494532050749,"Bladder Urothelial Carcinoma","Primary Tumor"
"357",0.627450980392157,0.0600375234521576,0.0269277519552561,"Bladder Urothelial Carcinoma","Primary Tumor"
"358",0.627450980392157,0.0601503759398496,0.0269933832391413,"Bladder Urothelial Carcinoma","Primary Tumor"
"359",0.627450980392157,0.0602636534839925,0.0270065736338209,"Bladder Urothelial Carcinoma","Primary Tumor"
"360",0.607843137254902,0.0584905660377358,0.027117852467553,"Bladder Urothelial Carcinoma","Primary Tumor"
"361",0.607843137254902,0.0586011342155009,0.0272019148603902,"Bladder Urothelial Carcinoma","Primary Tumor"
"362",0.607843137254902,0.0587121212121212,0.0273035443559192,"Bladder Urothelial Carcinoma","Primary Tumor"
"363",0.588235294117647,0.0569259962049336,0.0274286985909351,"Bladder Urothelial Carcinoma","Primary Tumor"
"364",0.588235294117647,0.0570342205323194,0.0276747598753326,"Bladder Urothelial Carcinoma","Primary Tumor"
"365",0.588235294117647,0.0571428571428571,0.0277202320613688,"Bladder Urothelial Carcinoma","Primary Tumor"
"366",0.568627450980392,0.0553435114503817,0.0278722504831814,"Bladder Urothelial Carcinoma","Primary Tumor"
"367",0.568627450980392,0.0554493307839388,0.0282483198538251,"Bladder Urothelial Carcinoma","Primary Tumor"
"368",0.568627450980392,0.0555555555555556,0.0282627630644825,"Bladder Urothelial Carcinoma","Primary Tumor"
"369",0.568627450980392,0.0556621880998081,0.0283745740496217,"Bladder Urothelial Carcinoma","Primary Tumor"
"370",0.568627450980392,0.0557692307692308,0.0286712634649169,"Bladder Urothelial Carcinoma","Primary Tumor"
"371",0.568627450980392,0.0558766859344894,0.0287507785418139,"Bladder Urothelial Carcinoma","Primary Tumor"
"372",0.568627450980392,0.055984555984556,0.0288000202269178,"Bladder Urothelial Carcinoma","Primary Tumor"
"373",0.568627450980392,0.0560928433268859,0.0289023369761853,"Bladder Urothelial Carcinoma","Primary Tumor"
"374",0.568627450980392,0.0562015503875969,0.0289446821585823,"Bladder Urothelial Carcinoma","Primary Tumor"
"375",0.568627450980392,0.0563106796116505,0.0290243752806383,"Bladder Urothelial Carcinoma","Primary Tumor"
"376",0.568627450980392,0.056420233463035,0.0291095544714548,"Bladder Urothelial Carcinoma","Primary Tumor"
"377",0.568627450980392,0.0565302144249513,0.0291161172565554,"Bladder Urothelial Carcinoma","Primary Tumor"
"378",0.568627450980392,0.056640625,0.0291232716491456,"Bladder Urothelial Carcinoma","Primary Tumor"
"379",0.568627450980392,0.0567514677103718,0.0291360900039364,"Bladder Urothelial Carcinoma","Primary Tumor"
"380",0.568627450980392,0.0568627450980392,0.0291473104992286,"Bladder Urothelial Carcinoma","Primary Tumor"
"381",0.568627450980392,0.0569744597249509,0.0295285411340448,"Bladder Urothelial Carcinoma","Primary Tumor"
"382",0.568627450980392,0.0570866141732283,0.0296668071862347,"Bladder Urothelial Carcinoma","Primary Tumor"
"383",0.568627450980392,0.0571992110453649,0.0297278269703371,"Bladder Urothelial Carcinoma","Primary Tumor"
"384",0.568627450980392,0.0573122529644269,0.0297830820116162,"Bladder Urothelial Carcinoma","Primary Tumor"
"385",0.568627450980392,0.0574257425742574,0.029820268272377,"Bladder Urothelial Carcinoma","Primary Tumor"
"386",0.568627450980392,0.0575396825396825,0.0298767429257495,"Bladder Urothelial Carcinoma","Primary Tumor"
"387",0.568627450980392,0.0576540755467197,0.0300811670478768,"Bladder Urothelial Carcinoma","Primary Tumor"
"388",0.568627450980392,0.0577689243027888,0.0302424041602887,"Bladder Urothelial Carcinoma","Primary Tumor"
"389",0.568627450980392,0.0578842315369262,0.0304331622225611,"Bladder Urothelial Carcinoma","Primary Tumor"
"390",0.568627450980392,0.058,0.0304636964411858,"Bladder Urothelial Carcinoma","Primary Tumor"
"391",0.568627450980392,0.0581162324649299,0.0305303095632594,"Bladder Urothelial Carcinoma","Primary Tumor"
"392",0.568627450980392,0.0582329317269076,0.0305321810547628,"Bladder Urothelial Carcinoma","Primary Tumor"
"393",0.568627450980392,0.0583501006036217,0.0305976445574022,"Bladder Urothelial Carcinoma","Primary Tumor"
"394",0.568627450980392,0.0584677419354839,0.0307048854081857,"Bladder Urothelial Carcinoma","Primary Tumor"
"395",0.568627450980392,0.0585858585858586,0.0307634225270532,"Bladder Urothelial Carcinoma","Primary Tumor"
"396",0.568627450980392,0.0587044534412955,0.0308442251675467,"Bladder Urothelial Carcinoma","Primary Tumor"
"397",0.549019607843137,0.0567951318458418,0.0311755160857842,"Bladder Urothelial Carcinoma","Primary Tumor"
"398",0.549019607843137,0.0569105691056911,0.0312466668732454,"Bladder Urothelial Carcinoma","Primary Tumor"
"399",0.549019607843137,0.0570264765784114,0.0313503707279617,"Bladder Urothelial Carcinoma","Primary Tumor"
"400",0.549019607843137,0.0571428571428571,0.0314141548110373,"Bladder Urothelial Carcinoma","Primary Tumor"
"401",0.549019607843137,0.0572597137014315,0.0314612310026789,"Bladder Urothelial Carcinoma","Primary Tumor"
"402",0.549019607843137,0.0573770491803279,0.0316601231950146,"Bladder Urothelial Carcinoma","Primary Tumor"
"403",0.549019607843137,0.0574948665297741,0.0318605210668598,"Bladder Urothelial Carcinoma","Primary Tumor"
"404",0.549019607843137,0.0576131687242798,0.0318638742695073,"Bladder Urothelial Carcinoma","Primary Tumor"
"405",0.549019607843137,0.0577319587628866,0.0320183605937897,"Bladder Urothelial Carcinoma","Primary Tumor"
"406",0.549019607843137,0.0578512396694215,0.0321769583915307,"Bladder Urothelial Carcinoma","Primary Tumor"
"407",0.549019607843137,0.0579710144927536,0.0322605455592058,"Bladder Urothelial Carcinoma","Primary Tumor"
"408",0.549019607843137,0.0580912863070539,0.0322903152819536,"Bladder Urothelial Carcinoma","Primary Tumor"
"409",0.529411764705882,0.0561330561330561,0.0323364642838013,"Bladder Urothelial Carcinoma","Primary Tumor"
"410",0.529411764705882,0.05625,0.032346849392394,"Bladder Urothelial Carcinoma","Primary Tumor"
"411",0.529411764705882,0.0563674321503132,0.0324311070727264,"Bladder Urothelial Carcinoma","Primary Tumor"
"412",0.529411764705882,0.0564853556485356,0.032577230418721,"Bladder Urothelial Carcinoma","Primary Tumor"
"413",0.529411764705882,0.0566037735849057,0.0326224049087292,"Bladder Urothelial Carcinoma","Primary Tumor"
"414",0.529411764705882,0.0567226890756303,0.0327528054551201,"Bladder Urothelial Carcinoma","Primary Tumor"
"415",0.529411764705882,0.0568421052631579,0.0329465113316704,"Bladder Urothelial Carcinoma","Primary Tumor"
"416",0.529411764705882,0.0569620253164557,0.0329503025973895,"Bladder Urothelial Carcinoma","Primary Tumor"
"417",0.529411764705882,0.0570824524312896,0.0330015992180841,"Bladder Urothelial Carcinoma","Primary Tumor"
"418",0.529411764705882,0.0572033898305085,0.0330464910443767,"Bladder Urothelial Carcinoma","Primary Tumor"
"419",0.529411764705882,0.0573248407643312,0.0330766302161238,"Bladder Urothelial Carcinoma","Primary Tumor"
"420",0.529411764705882,0.0574468085106383,0.0330878598167575,"Bladder Urothelial Carcinoma","Primary Tumor"
"421",0.529411764705882,0.0575692963752665,0.0331196104056271,"Bladder Urothelial Carcinoma","Primary Tumor"
"422",0.529411764705882,0.0576923076923077,0.0331693715542816,"Bladder Urothelial Carcinoma","Primary Tumor"
"423",0.529411764705882,0.0578158458244111,0.0332970049720385,"Bladder Urothelial Carcinoma","Primary Tumor"
"424",0.529411764705882,0.0579399141630901,0.0333959321823252,"Bladder Urothelial Carcinoma","Primary Tumor"
"425",0.529411764705882,0.0580645161290323,0.0334103752821778,"Bladder Urothelial Carcinoma","Primary Tumor"
"426",0.529411764705882,0.0581896551724138,0.0337587096654924,"Bladder Urothelial Carcinoma","Primary Tumor"
"427",0.529411764705882,0.0583153347732181,0.0341344818971705,"Bladder Urothelial Carcinoma","Primary Tumor"
"428",0.529411764705882,0.0584415584415584,0.0342073949239311,"Bladder Urothelial Carcinoma","Primary Tumor"
"429",0.529411764705882,0.0585683297180043,0.034252674051568,"Bladder Urothelial Carcinoma","Primary Tumor"
"430",0.529411764705882,0.058695652173913,0.0342590697656886,"Bladder Urothelial Carcinoma","Primary Tumor"
"431",0.529411764705882,0.0588235294117647,0.0346835658998616,"Bladder Urothelial Carcinoma","Primary Tumor"
"432",0.529411764705882,0.0589519650655022,0.0348204939534117,"Bladder Urothelial Carcinoma","Primary Tumor"
"433",0.509803921568627,0.0568927789934354,0.0348637278506592,"Bladder Urothelial Carcinoma","Primary Tumor"
"434",0.509803921568627,0.0570175438596491,0.0350142773978464,"Bladder Urothelial Carcinoma","Primary Tumor"
"435",0.509803921568627,0.0571428571428571,0.0350252498329322,"Bladder Urothelial Carcinoma","Primary Tumor"
"436",0.490196078431373,0.0550660792951542,0.0350864430429317,"Bladder Urothelial Carcinoma","Primary Tumor"
"437",0.490196078431373,0.0551876379690949,0.0352838303468991,"Bladder Urothelial Carcinoma","Primary Tumor"
"438",0.490196078431373,0.0553097345132743,0.0353524770902453,"Bladder Urothelial Carcinoma","Primary Tumor"
"439",0.490196078431373,0.0554323725055432,0.0355592792979524,"Bladder Urothelial Carcinoma","Primary Tumor"
"440",0.470588235294118,0.0533333333333333,0.0356551432586389,"Bladder Urothelial Carcinoma","Primary Tumor"
"441",0.470588235294118,0.0534521158129176,0.0357261766039841,"Bladder Urothelial Carcinoma","Primary Tumor"
"442",0.470588235294118,0.0535714285714286,0.0360536809351955,"Bladder Urothelial Carcinoma","Primary Tumor"
"443",0.470588235294118,0.0536912751677852,0.0361560776665355,"Bladder Urothelial Carcinoma","Primary Tumor"
"444",0.470588235294118,0.0538116591928251,0.036438887862802,"Bladder Urothelial Carcinoma","Primary Tumor"
"445",0.470588235294118,0.0539325842696629,0.0364832519247322,"Bladder Urothelial Carcinoma","Primary Tumor"
"446",0.470588235294118,0.0540540540540541,0.036544359521158,"Bladder Urothelial Carcinoma","Primary Tumor"
"447",0.470588235294118,0.054176072234763,0.0366337032690286,"Bladder Urothelial Carcinoma","Primary Tumor"
"448",0.470588235294118,0.0542986425339367,0.0367171900062612,"Bladder Urothelial Carcinoma","Primary Tumor"
"449",0.470588235294118,0.054421768707483,0.0368124558603965,"Bladder Urothelial Carcinoma","Primary Tumor"
"450",0.470588235294118,0.0545454545454545,0.037088712432447,"Bladder Urothelial Carcinoma","Primary Tumor"
"451",0.450980392156863,0.0523917995444191,0.0374193042784974,"Bladder Urothelial Carcinoma","Primary Tumor"
"452",0.450980392156863,0.0525114155251142,0.0374378534498955,"Bladder Urothelial Carcinoma","Primary Tumor"
"453",0.450980392156863,0.0526315789473684,0.0375680534890743,"Bladder Urothelial Carcinoma","Primary Tumor"
"454",0.450980392156863,0.0527522935779817,0.0379889818060939,"Bladder Urothelial Carcinoma","Primary Tumor"
"455",0.450980392156863,0.0528735632183908,0.0380658396992229,"Bladder Urothelial Carcinoma","Primary Tumor"
"456",0.450980392156863,0.0529953917050691,0.0380893600529153,"Bladder Urothelial Carcinoma","Primary Tumor"
"457",0.450980392156863,0.0531177829099307,0.0382705411333646,"Bladder Urothelial Carcinoma","Primary Tumor"
"458",0.450980392156863,0.0532407407407407,0.0383172552680274,"Bladder Urothelial Carcinoma","Primary Tumor"
"459",0.450980392156863,0.0533642691415313,0.0384472795699292,"Bladder Urothelial Carcinoma","Primary Tumor"
"460",0.450980392156863,0.0534883720930233,0.0385033432763518,"Bladder Urothelial Carcinoma","Primary Tumor"
"461",0.450980392156863,0.0536130536130536,0.0388337324499277,"Bladder Urothelial Carcinoma","Primary Tumor"
"462",0.450980392156863,0.0537383177570093,0.038901665347269,"Bladder Urothelial Carcinoma","Primary Tumor"
"463",0.450980392156863,0.053864168618267,0.0389519504272642,"Bladder Urothelial Carcinoma","Primary Tumor"
"464",0.450980392156863,0.0539906103286385,0.0390195709331344,"Bladder Urothelial Carcinoma","Primary Tumor"
"465",0.431372549019608,0.0517647058823529,0.0394537093613965,"Bladder Urothelial Carcinoma","Primary Tumor"
"466",0.431372549019608,0.0518867924528302,0.0396607651673421,"Bladder Urothelial Carcinoma","Primary Tumor"
"467",0.431372549019608,0.0520094562647754,0.0396668159798757,"Bladder Urothelial Carcinoma","Primary Tumor"
"468",0.431372549019608,0.0521327014218009,0.0396988350784341,"Bladder Urothelial Carcinoma","Primary Tumor"
"469",0.431372549019608,0.0522565320665083,0.0397581282507152,"Bladder Urothelial Carcinoma","Primary Tumor"
"470",0.431372549019608,0.0523809523809524,0.0398384438409539,"Bladder Urothelial Carcinoma","Primary Tumor"
"471",0.431372549019608,0.0525059665871122,0.0400206947158858,"Bladder Urothelial Carcinoma","Primary Tumor"
"472",0.431372549019608,0.0526315789473684,0.0405415207727014,"Bladder Urothelial Carcinoma","Primary Tumor"
"473",0.431372549019608,0.052757793764988,0.0407220377291921,"Bladder Urothelial Carcinoma","Primary Tumor"
"474",0.431372549019608,0.0528846153846154,0.040741735388709,"Bladder Urothelial Carcinoma","Primary Tumor"
"475",0.431372549019608,0.0530120481927711,0.0407469107876998,"Bladder Urothelial Carcinoma","Primary Tumor"
"476",0.431372549019608,0.0531400966183575,0.0407709439748946,"Bladder Urothelial Carcinoma","Primary Tumor"
"477",0.431372549019608,0.0532687651331719,0.0408732369219004,"Bladder Urothelial Carcinoma","Primary Tumor"
"478",0.431372549019608,0.0533980582524272,0.0409786962731226,"Bladder Urothelial Carcinoma","Primary Tumor"
"479",0.431372549019608,0.0535279805352798,0.0410964182593457,"Bladder Urothelial Carcinoma","Primary Tumor"
"480",0.411764705882353,0.0512195121951219,0.0412138206062218,"Bladder Urothelial Carcinoma","Primary Tumor"
"481",0.411764705882353,0.0513447432762836,0.041876183863393,"Bladder Urothelial Carcinoma","Primary Tumor"
"482",0.411764705882353,0.0514705882352941,0.042082723454246,"Bladder Urothelial Carcinoma","Primary Tumor"
"483",0.411764705882353,0.0515970515970516,0.042288732044843,"Bladder Urothelial Carcinoma","Primary Tumor"
"484",0.411764705882353,0.0517241379310345,0.042569804591132,"Bladder Urothelial Carcinoma","Primary Tumor"
"485",0.411764705882353,0.0518518518518519,0.0427227405249097,"Bladder Urothelial Carcinoma","Primary Tumor"
"486",0.411764705882353,0.051980198019802,0.0428490387857706,"Bladder Urothelial Carcinoma","Primary Tumor"
"487",0.411764705882353,0.0521091811414392,0.0431199295908396,"Bladder Urothelial Carcinoma","Primary Tumor"
"488",0.411764705882353,0.0522388059701493,0.0433041281083066,"Bladder Urothelial Carcinoma","Primary Tumor"
"489",0.411764705882353,0.0523690773067332,0.04337443518917,"Bladder Urothelial Carcinoma","Primary Tumor"
"490",0.411764705882353,0.0525,0.0435919092317015,"Bladder Urothelial Carcinoma","Primary Tumor"
"491",0.411764705882353,0.0526315789473684,0.0437746631514978,"Bladder Urothelial Carcinoma","Primary Tumor"
"492",0.411764705882353,0.0527638190954774,0.0438614669392733,"Bladder Urothelial Carcinoma","Primary Tumor"
"493",0.392156862745098,0.0503778337531486,0.043950717045948,"Bladder Urothelial Carcinoma","Primary Tumor"
"494",0.392156862745098,0.0505050505050505,0.0439848016112554,"Bladder Urothelial Carcinoma","Primary Tumor"
"495",0.392156862745098,0.0506329113924051,0.0439917329281573,"Bladder Urothelial Carcinoma","Primary Tumor"
"496",0.392156862745098,0.050761421319797,0.0440983422571778,"Bladder Urothelial Carcinoma","Primary Tumor"
"497",0.392156862745098,0.0508905852417303,0.0442021683438378,"Bladder Urothelial Carcinoma","Primary Tumor"
"498",0.392156862745098,0.0510204081632653,0.0448206183550846,"Bladder Urothelial Carcinoma","Primary Tumor"
"499",0.392156862745098,0.051150895140665,0.0450939218736107,"Bladder Urothelial Carcinoma","Primary Tumor"
"500",0.392156862745098,0.0512820512820513,0.0451544308070995,"Bladder Urothelial Carcinoma","Primary Tumor"
"501",0.392156862745098,0.051413881748072,0.0451602508790399,"Bladder Urothelial Carcinoma","Primary Tumor"
"502",0.392156862745098,0.0515463917525773,0.0451762040261089,"Bladder Urothelial Carcinoma","Primary Tumor"
"503",0.392156862745098,0.0516795865633075,0.0454595778755892,"Bladder Urothelial Carcinoma","Primary Tumor"
"504",0.392156862745098,0.0518134715025907,0.0454742515582217,"Bladder Urothelial Carcinoma","Primary Tumor"
"505",0.392156862745098,0.051948051948052,0.0455036821306409,"Bladder Urothelial Carcinoma","Primary Tumor"
"506",0.392156862745098,0.0520833333333333,0.0455078281285846,"Bladder Urothelial Carcinoma","Primary Tumor"
"507",0.392156862745098,0.0522193211488251,0.0455596396213768,"Bladder Urothelial Carcinoma","Primary Tumor"
"508",0.392156862745098,0.0523560209424084,0.0456053721456706,"Bladder Urothelial Carcinoma","Primary Tumor"
"509",0.392156862745098,0.05249343832021,0.0457237392595416,"Bladder Urothelial Carcinoma","Primary Tumor"
"510",0.392156862745098,0.0526315789473684,0.0459415860277558,"Bladder Urothelial Carcinoma","Primary Tumor"
"511",0.392156862745098,0.0527704485488127,0.0462248992803474,"Bladder Urothelial Carcinoma","Primary Tumor"
"512",0.392156862745098,0.0529100529100529,0.0465350258576438,"Bladder Urothelial Carcinoma","Primary Tumor"
"513",0.392156862745098,0.0530503978779841,0.0467656817125116,"Bladder Urothelial Carcinoma","Primary Tumor"
"514",0.392156862745098,0.0531914893617021,0.047071640626179,"Bladder Urothelial Carcinoma","Primary Tumor"
"515",0.392156862745098,0.0533333333333333,0.0476952343218239,"Bladder Urothelial Carcinoma","Primary Tumor"
"516",0.392156862745098,0.053475935828877,0.0478907755884277,"Bladder Urothelial Carcinoma","Primary Tumor"
"517",0.392156862745098,0.0536193029490617,0.048277378948378,"Bladder Urothelial Carcinoma","Primary Tumor"
"518",0.392156862745098,0.0537634408602151,0.0483659943054376,"Bladder Urothelial Carcinoma","Primary Tumor"
"519",0.392156862745098,0.0539083557951483,0.0496368692244242,"Bladder Urothelial Carcinoma","Primary Tumor"
"520",0.372549019607843,0.0513513513513514,0.0496662283237662,"Bladder Urothelial Carcinoma","Primary Tumor"
"521",0.372549019607843,0.0514905149051491,0.0499053842567355,"Bladder Urothelial Carcinoma","Primary Tumor"
"522",0.372549019607843,0.0516304347826087,0.050175586886998,"Bladder Urothelial Carcinoma","Primary Tumor"
"523",0.372549019607843,0.0517711171662125,0.0501992351940217,"Bladder Urothelial Carcinoma","Primary Tumor"
"524",0.372549019607843,0.0519125683060109,0.0507212842663765,"Bladder Urothelial Carcinoma","Primary Tumor"
"525",0.372549019607843,0.0520547945205479,0.0507306451667291,"Bladder Urothelial Carcinoma","Primary Tumor"
"526",0.372549019607843,0.0521978021978022,0.0508631291022156,"Bladder Urothelial Carcinoma","Primary Tumor"
"527",0.372549019607843,0.0523415977961433,0.0519332248099824,"Bladder Urothelial Carcinoma","Primary Tumor"
"528",0.372549019607843,0.0524861878453039,0.0520795599933744,"Bladder Urothelial Carcinoma","Primary Tumor"
"529",0.372549019607843,0.0526315789473684,0.0525793843663407,"Bladder Urothelial Carcinoma","Primary Tumor"
"530",0.372549019607843,0.0527777777777778,0.0525954683448393,"Bladder Urothelial Carcinoma","Primary Tumor"
"531",0.372549019607843,0.052924791086351,0.052666284591463,"Bladder Urothelial Carcinoma","Primary Tumor"
"532",0.372549019607843,0.053072625698324,0.0526799132776104,"Bladder Urothelial Carcinoma","Primary Tumor"
"533",0.372549019607843,0.0532212885154062,0.0529518559949145,"Bladder Urothelial Carcinoma","Primary Tumor"
"534",0.372549019607843,0.0533707865168539,0.0530399288947008,"Bladder Urothelial Carcinoma","Primary Tumor"
"535",0.372549019607843,0.0535211267605634,0.0532605254158817,"Bladder Urothelial Carcinoma","Primary Tumor"
"536",0.372549019607843,0.0536723163841808,0.0534340621137137,"Bladder Urothelial Carcinoma","Primary Tumor"
"537",0.372549019607843,0.0538243626062323,0.0537514269685324,"Bladder Urothelial Carcinoma","Primary Tumor"
"538",0.372549019607843,0.0539772727272727,0.0538083708697669,"Bladder Urothelial Carcinoma","Primary Tumor"
"539",0.372549019607843,0.0541310541310541,0.0540494255990387,"Bladder Urothelial Carcinoma","Primary Tumor"
"540",0.352941176470588,0.0514285714285714,0.0541324848455002,"Bladder Urothelial Carcinoma","Primary Tumor"
"541",0.352941176470588,0.0515759312320917,0.0543619982633831,"Bladder Urothelial Carcinoma","Primary Tumor"
"542",0.352941176470588,0.0517241379310345,0.0545142880580222,"Bladder Urothelial Carcinoma","Primary Tumor"
"543",0.352941176470588,0.0518731988472622,0.0546450007682389,"Bladder Urothelial Carcinoma","Primary Tumor"
"544",0.352941176470588,0.0520231213872832,0.0547076344777164,"Bladder Urothelial Carcinoma","Primary Tumor"
"545",0.352941176470588,0.0521739130434783,0.0547443078783324,"Bladder Urothelial Carcinoma","Primary Tumor"
"546",0.352941176470588,0.0523255813953488,0.0555428687491295,"Bladder Urothelial Carcinoma","Primary Tumor"
"547",0.352941176470588,0.0524781341107872,0.0558826545633487,"Bladder Urothelial Carcinoma","Primary Tumor"
"548",0.352941176470588,0.0526315789473684,0.0560444477871845,"Bladder Urothelial Carcinoma","Primary Tumor"
"549",0.352941176470588,0.0527859237536657,0.0561092419389774,"Bladder Urothelial Carcinoma","Primary Tumor"
"550",0.352941176470588,0.0529411764705882,0.0565318282874537,"Bladder Urothelial Carcinoma","Primary Tumor"
"551",0.352941176470588,0.0530973451327434,0.0566357266888491,"Bladder Urothelial Carcinoma","Primary Tumor"
"552",0.352941176470588,0.0532544378698225,0.0567524457902874,"Bladder Urothelial Carcinoma","Primary Tumor"
"553",0.352941176470588,0.0534124629080119,0.0568497348374855,"Bladder Urothelial Carcinoma","Primary Tumor"
"554",0.352941176470588,0.0535714285714286,0.056957154310508,"Bladder Urothelial Carcinoma","Primary Tumor"
"555",0.352941176470588,0.0537313432835821,0.0577362733572564,"Bladder Urothelial Carcinoma","Primary Tumor"
"556",0.352941176470588,0.0538922155688623,0.0578994865222311,"Bladder Urothelial Carcinoma","Primary Tumor"
"557",0.352941176470588,0.0540540540540541,0.0580884958754881,"Bladder Urothelial Carcinoma","Primary Tumor"
"558",0.352941176470588,0.0542168674698795,0.0582896025442586,"Bladder Urothelial Carcinoma","Primary Tumor"
"559",0.352941176470588,0.054380664652568,0.0586887315760659,"Bladder Urothelial Carcinoma","Primary Tumor"
"560",0.352941176470588,0.0545454545454545,0.0589161022538771,"Bladder Urothelial Carcinoma","Primary Tumor"
"561",0.352941176470588,0.0547112462006079,0.0591879651947833,"Bladder Urothelial Carcinoma","Primary Tumor"
"562",0.352941176470588,0.0548780487804878,0.0596521392988647,"Bladder Urothelial Carcinoma","Primary Tumor"
"563",0.352941176470588,0.055045871559633,0.0597559885531675,"Bladder Urothelial Carcinoma","Primary Tumor"
"564",0.352941176470588,0.0552147239263804,0.060298263276197,"Bladder Urothelial Carcinoma","Primary Tumor"
"565",0.352941176470588,0.0553846153846154,0.0602992708348461,"Bladder Urothelial Carcinoma","Primary Tumor"
"566",0.352941176470588,0.0555555555555556,0.0609907269181693,"Bladder Urothelial Carcinoma","Primary Tumor"
"567",0.352941176470588,0.0557275541795666,0.0610205804301922,"Bladder Urothelial Carcinoma","Primary Tumor"
"568",0.352941176470588,0.0559006211180124,0.061433128400137,"Bladder Urothelial Carcinoma","Primary Tumor"
"569",0.352941176470588,0.0560747663551402,0.0620152605463259,"Bladder Urothelial Carcinoma","Primary Tumor"
"570",0.352941176470588,0.05625,0.062311972655836,"Bladder Urothelial Carcinoma","Primary Tumor"
"571",0.352941176470588,0.0564263322884013,0.0623593812557499,"Bladder Urothelial Carcinoma","Primary Tumor"
"572",0.333333333333333,0.0534591194968553,0.062421974362479,"Bladder Urothelial Carcinoma","Primary Tumor"
"573",0.333333333333333,0.0536277602523659,0.0626261232452685,"Bladder Urothelial Carcinoma","Primary Tumor"
"574",0.313725490196078,0.0506329113924051,0.0632937444048108,"Bladder Urothelial Carcinoma","Primary Tumor"
"575",0.313725490196078,0.0507936507936508,0.0636642303192411,"Bladder Urothelial Carcinoma","Primary Tumor"
"576",0.313725490196078,0.0509554140127389,0.0637959127277284,"Bladder Urothelial Carcinoma","Primary Tumor"
"577",0.313725490196078,0.0511182108626198,0.0639633837608377,"Bladder Urothelial Carcinoma","Primary Tumor"
"578",0.313725490196078,0.0512820512820513,0.0640525692202344,"Bladder Urothelial Carcinoma","Primary Tumor"
"579",0.313725490196078,0.0514469453376206,0.0641356251597984,"Bladder Urothelial Carcinoma","Primary Tumor"
"580",0.313725490196078,0.0516129032258065,0.0642586467468611,"Bladder Urothelial Carcinoma","Primary Tumor"
"581",0.313725490196078,0.0517799352750809,0.0643382623889926,"Bladder Urothelial Carcinoma","Primary Tumor"
"582",0.313725490196078,0.051948051948052,0.0644271101630377,"Bladder Urothelial Carcinoma","Primary Tumor"
"583",0.313725490196078,0.0521172638436482,0.0644534609287991,"Bladder Urothelial Carcinoma","Primary Tumor"
"584",0.313725490196078,0.0522875816993464,0.0646276351732524,"Bladder Urothelial Carcinoma","Primary Tumor"
"585",0.313725490196078,0.0524590163934426,0.0646443013917797,"Bladder Urothelial Carcinoma","Primary Tumor"
"586",0.313725490196078,0.0526315789473684,0.0647214329036582,"Bladder Urothelial Carcinoma","Primary Tumor"
"587",0.313725490196078,0.0528052805280528,0.0652814472642357,"Bladder Urothelial Carcinoma","Primary Tumor"
"588",0.313725490196078,0.0529801324503311,0.0655122178891923,"Bladder Urothelial Carcinoma","Primary Tumor"
"589",0.313725490196078,0.053156146179402,0.0655220300653951,"Bladder Urothelial Carcinoma","Primary Tumor"
"590",0.313725490196078,0.0533333333333333,0.0657294953516918,"Bladder Urothelial Carcinoma","Primary Tumor"
"591",0.313725490196078,0.0535117056856187,0.0658196729288854,"Bladder Urothelial Carcinoma","Primary Tumor"
"592",0.313725490196078,0.0536912751677852,0.0660974490704699,"Bladder Urothelial Carcinoma","Primary Tumor"
"593",0.313725490196078,0.0538720538720539,0.0671197637617401,"Bladder Urothelial Carcinoma","Primary Tumor"
"594",0.313725490196078,0.0540540540540541,0.0673295424197647,"Bladder Urothelial Carcinoma","Primary Tumor"
"595",0.313725490196078,0.0542372881355932,0.0684683318691037,"Bladder Urothelial Carcinoma","Primary Tumor"
"596",0.313725490196078,0.054421768707483,0.068490528385706,"Bladder Urothelial Carcinoma","Primary Tumor"
"597",0.313725490196078,0.0546075085324232,0.0686275111054499,"Bladder Urothelial Carcinoma","Primary Tumor"
"598",0.313725490196078,0.0547945205479452,0.0688225249626142,"Bladder Urothelial Carcinoma","Primary Tumor"
"599",0.313725490196078,0.0549828178694158,0.0692085546424025,"Bladder Urothelial Carcinoma","Primary Tumor"
"600",0.313725490196078,0.0551724137931034,0.0700277823501301,"Bladder Urothelial Carcinoma","Primary Tumor"
"601",0.294117647058824,0.0519031141868512,0.0706818103887368,"Bladder Urothelial Carcinoma","Primary Tumor"
"602",0.294117647058824,0.0520833333333333,0.0709154334050032,"Bladder Urothelial Carcinoma","Primary Tumor"
"603",0.294117647058824,0.0522648083623693,0.0711694489647394,"Bladder Urothelial Carcinoma","Primary Tumor"
"604",0.294117647058824,0.0524475524475524,0.0712983509868726,"Bladder Urothelial Carcinoma","Primary Tumor"
"605",0.294117647058824,0.0526315789473684,0.0717558068108874,"Bladder Urothelial Carcinoma","Primary Tumor"
"606",0.294117647058824,0.0528169014084507,0.0719079148041616,"Bladder Urothelial Carcinoma","Primary Tumor"
"607",0.294117647058824,0.0530035335689046,0.0721822165209233,"Bladder Urothelial Carcinoma","Primary Tumor"
"608",0.294117647058824,0.0531914893617021,0.0724541176168296,"Bladder Urothelial Carcinoma","Primary Tumor"
"609",0.294117647058824,0.0533807829181495,0.0724824404559484,"Bladder Urothelial Carcinoma","Primary Tumor"
"610",0.294117647058824,0.0535714285714286,0.0724869522316993,"Bladder Urothelial Carcinoma","Primary Tumor"
"611",0.294117647058824,0.0537634408602151,0.0724874503777692,"Bladder Urothelial Carcinoma","Primary Tumor"
"612",0.294117647058824,0.0539568345323741,0.0725613227255238,"Bladder Urothelial Carcinoma","Primary Tumor"
"613",0.294117647058824,0.0541516245487365,0.0727853304667276,"Bladder Urothelial Carcinoma","Primary Tumor"
"614",0.294117647058824,0.0543478260869565,0.0731153420132714,"Bladder Urothelial Carcinoma","Primary Tumor"
"615",0.294117647058824,0.0545454545454545,0.073347286603817,"Bladder Urothelial Carcinoma","Primary Tumor"
"616",0.294117647058824,0.0547445255474453,0.0734674690350434,"Bladder Urothelial Carcinoma","Primary Tumor"
"617",0.294117647058824,0.0549450549450549,0.0738540592543854,"Bladder Urothelial Carcinoma","Primary Tumor"
"618",0.294117647058824,0.0551470588235294,0.0741229729578074,"Bladder Urothelial Carcinoma","Primary Tumor"
"619",0.294117647058824,0.0553505535055351,0.0748069576217829,"Bladder Urothelial Carcinoma","Primary Tumor"
"620",0.294117647058824,0.0555555555555556,0.0750618000478897,"Bladder Urothelial Carcinoma","Primary Tumor"
"621",0.294117647058824,0.0557620817843866,0.0751226348558792,"Bladder Urothelial Carcinoma","Primary Tumor"
"622",0.294117647058824,0.0559701492537313,0.0757352745459779,"Bladder Urothelial Carcinoma","Primary Tumor"
"623",0.294117647058824,0.0561797752808989,0.0769451983754335,"Bladder Urothelial Carcinoma","Primary Tumor"
"624",0.294117647058824,0.056390977443609,0.0769498404092162,"Bladder Urothelial Carcinoma","Primary Tumor"
"625",0.294117647058824,0.0566037735849057,0.0773193233474595,"Bladder Urothelial Carcinoma","Primary Tumor"
"626",0.294117647058824,0.0568181818181818,0.0774448694698069,"Bladder Urothelial Carcinoma","Primary Tumor"
"627",0.294117647058824,0.0570342205323194,0.0775859715355751,"Bladder Urothelial Carcinoma","Primary Tumor"
"628",0.294117647058824,0.0572519083969466,0.0778030478070581,"Bladder Urothelial Carcinoma","Primary Tumor"
"629",0.294117647058824,0.0574712643678161,0.0779970418991937,"Bladder Urothelial Carcinoma","Primary Tumor"
"630",0.294117647058824,0.0576923076923077,0.0783042342502452,"Bladder Urothelial Carcinoma","Primary Tumor"
"631",0.294117647058824,0.0579150579150579,0.0785092390885968,"Bladder Urothelial Carcinoma","Primary Tumor"
"632",0.294117647058824,0.0581395348837209,0.0785149934195185,"Bladder Urothelial Carcinoma","Primary Tumor"
"633",0.294117647058824,0.0583657587548638,0.0786962227159606,"Bladder Urothelial Carcinoma","Primary Tumor"
"634",0.294117647058824,0.05859375,0.0793472692978236,"Bladder Urothelial Carcinoma","Primary Tumor"
"635",0.294117647058824,0.0588235294117647,0.0801242794357712,"Bladder Urothelial Carcinoma","Primary Tumor"
"636",0.294117647058824,0.0590551181102362,0.0806768517396496,"Bladder Urothelial Carcinoma","Primary Tumor"
"637",0.294117647058824,0.0592885375494071,0.0812061110531285,"Bladder Urothelial Carcinoma","Primary Tumor"
"638",0.294117647058824,0.0595238095238095,0.0820786860660355,"Bladder Urothelial Carcinoma","Primary Tumor"
"639",0.294117647058824,0.0597609561752988,0.082299197517754,"Bladder Urothelial Carcinoma","Primary Tumor"
"640",0.294117647058824,0.06,0.0823660238432866,"Bladder Urothelial Carcinoma","Primary Tumor"
"641",0.294117647058824,0.0602409638554217,0.0823790012862424,"Bladder Urothelial Carcinoma","Primary Tumor"
"642",0.294117647058824,0.0604838709677419,0.0824948077742347,"Bladder Urothelial Carcinoma","Primary Tumor"
"643",0.294117647058824,0.0607287449392713,0.0828039671129145,"Bladder Urothelial Carcinoma","Primary Tumor"
"644",0.294117647058824,0.0609756097560976,0.0828993671616017,"Bladder Urothelial Carcinoma","Primary Tumor"
"645",0.294117647058824,0.0612244897959184,0.0833163387575368,"Bladder Urothelial Carcinoma","Primary Tumor"
"646",0.294117647058824,0.0614754098360656,0.0837295486389084,"Bladder Urothelial Carcinoma","Primary Tumor"
"647",0.294117647058824,0.0617283950617284,0.0840995372976757,"Bladder Urothelial Carcinoma","Primary Tumor"
"648",0.294117647058824,0.0619834710743802,0.0846448651289876,"Bladder Urothelial Carcinoma","Primary Tumor"
"649",0.294117647058824,0.0622406639004149,0.0851941518661375,"Bladder Urothelial Carcinoma","Primary Tumor"
"650",0.294117647058824,0.0625,0.0860116435889661,"Bladder Urothelial Carcinoma","Primary Tumor"
"651",0.294117647058824,0.0627615062761506,0.0866444766850286,"Bladder Urothelial Carcinoma","Primary Tumor"
"652",0.294117647058824,0.0630252100840336,0.0874344513764061,"Bladder Urothelial Carcinoma","Primary Tumor"
"653",0.294117647058824,0.0632911392405063,0.0875352410897167,"Bladder Urothelial Carcinoma","Primary Tumor"
"654",0.294117647058824,0.0635593220338983,0.0875934286531744,"Bladder Urothelial Carcinoma","Primary Tumor"
"655",0.294117647058824,0.0638297872340425,0.0884200298311626,"Bladder Urothelial Carcinoma","Primary Tumor"
"656",0.294117647058824,0.0641025641025641,0.0885002617766103,"Bladder Urothelial Carcinoma","Primary Tumor"
"657",0.294117647058824,0.0643776824034335,0.0894127558879104,"Bladder Urothelial Carcinoma","Primary Tumor"
"658",0.294117647058824,0.0646551724137931,0.0906394966365519,"Bladder Urothelial Carcinoma","Primary Tumor"
"659",0.294117647058824,0.0649350649350649,0.0908757985007006,"Bladder Urothelial Carcinoma","Primary Tumor"
"660",0.294117647058824,0.0652173913043478,0.0911182891011233,"Bladder Urothelial Carcinoma","Primary Tumor"
"661",0.294117647058824,0.0655021834061135,0.0911622644312259,"Bladder Urothelial Carcinoma","Primary Tumor"
"662",0.294117647058824,0.0657894736842105,0.0916948356124112,"Bladder Urothelial Carcinoma","Primary Tumor"
"663",0.294117647058824,0.066079295154185,0.0919403339849083,"Bladder Urothelial Carcinoma","Primary Tumor"
"664",0.294117647058824,0.0663716814159292,0.0929086626576161,"Bladder Urothelial Carcinoma","Primary Tumor"
"665",0.294117647058824,0.0666666666666667,0.0935172342103774,"Bladder Urothelial Carcinoma","Primary Tumor"
"666",0.294117647058824,0.0669642857142857,0.0940799885429802,"Bladder Urothelial Carcinoma","Primary Tumor"
"667",0.294117647058824,0.0672645739910314,0.0945818142394307,"Bladder Urothelial Carcinoma","Primary Tumor"
"668",0.294117647058824,0.0675675675675676,0.094692437515093,"Bladder Urothelial Carcinoma","Primary Tumor"
"669",0.294117647058824,0.0678733031674208,0.0949138138392386,"Bladder Urothelial Carcinoma","Primary Tumor"
"670",0.294117647058824,0.0681818181818182,0.0953526947880153,"Bladder Urothelial Carcinoma","Primary Tumor"
"671",0.294117647058824,0.0684931506849315,0.095423980037219,"Bladder Urothelial Carcinoma","Primary Tumor"
"672",0.294117647058824,0.0688073394495413,0.096190632112219,"Bladder Urothelial Carcinoma","Primary Tumor"
"673",0.294117647058824,0.0691244239631336,0.0964444653771072,"Bladder Urothelial Carcinoma","Primary Tumor"
"674",0.294117647058824,0.0694444444444444,0.0969676768100262,"Bladder Urothelial Carcinoma","Primary Tumor"
"675",0.294117647058824,0.0697674418604651,0.0970623278637733,"Bladder Urothelial Carcinoma","Primary Tumor"
"676",0.294117647058824,0.0700934579439252,0.0972288061508049,"Bladder Urothelial Carcinoma","Primary Tumor"
"677",0.294117647058824,0.0704225352112676,0.0978354241262126,"Bladder Urothelial Carcinoma","Primary Tumor"
"678",0.294117647058824,0.0707547169811321,0.0979223894830995,"Bladder Urothelial Carcinoma","Primary Tumor"
"679",0.294117647058824,0.0710900473933649,0.0993764616939064,"Bladder Urothelial Carcinoma","Primary Tumor"
"680",0.294117647058824,0.0714285714285714,0.0996712445355206,"Bladder Urothelial Carcinoma","Primary Tumor"
"681",0.294117647058824,0.0717703349282297,0.100258841042048,"Bladder Urothelial Carcinoma","Primary Tumor"
"682",0.294117647058824,0.0721153846153846,0.102316880031736,"Bladder Urothelial Carcinoma","Primary Tumor"
"683",0.294117647058824,0.072463768115942,0.102682263176286,"Bladder Urothelial Carcinoma","Primary Tumor"
"684",0.294117647058824,0.0728155339805825,0.102787094193148,"Bladder Urothelial Carcinoma","Primary Tumor"
"685",0.294117647058824,0.0731707317073171,0.103028402255069,"Bladder Urothelial Carcinoma","Primary Tumor"
"686",0.294117647058824,0.0735294117647059,0.103562075438131,"Bladder Urothelial Carcinoma","Primary Tumor"
"687",0.294117647058824,0.0738916256157636,0.104331633570959,"Bladder Urothelial Carcinoma","Primary Tumor"
"688",0.294117647058824,0.0742574257425743,0.104546041351345,"Bladder Urothelial Carcinoma","Primary Tumor"
"689",0.294117647058824,0.0746268656716418,0.104555586404459,"Bladder Urothelial Carcinoma","Primary Tumor"
"690",0.294117647058824,0.075,0.104654552105781,"Bladder Urothelial Carcinoma","Primary Tumor"
"691",0.294117647058824,0.0753768844221105,0.104968526731783,"Bladder Urothelial Carcinoma","Primary Tumor"
"692",0.294117647058824,0.0757575757575758,0.105350483879727,"Bladder Urothelial Carcinoma","Primary Tumor"
"693",0.294117647058824,0.0761421319796954,0.105911124202417,"Bladder Urothelial Carcinoma","Primary Tumor"
"694",0.294117647058824,0.076530612244898,0.106448819104879,"Bladder Urothelial Carcinoma","Primary Tumor"
"695",0.294117647058824,0.0769230769230769,0.107483166166216,"Bladder Urothelial Carcinoma","Primary Tumor"
"696",0.294117647058824,0.077319587628866,0.107857651697908,"Bladder Urothelial Carcinoma","Primary Tumor"
"697",0.294117647058824,0.077720207253886,0.10863780913872,"Bladder Urothelial Carcinoma","Primary Tumor"
"698",0.274509803921569,0.0729166666666667,0.10884409966155,"Bladder Urothelial Carcinoma","Primary Tumor"
"699",0.254901960784314,0.0680628272251309,0.109573725456596,"Bladder Urothelial Carcinoma","Primary Tumor"
"700",0.254901960784314,0.068421052631579,0.110280244563544,"Bladder Urothelial Carcinoma","Primary Tumor"
"701",0.235294117647059,0.0634920634920635,0.110385177027572,"Bladder Urothelial Carcinoma","Primary Tumor"
"702",0.235294117647059,0.0638297872340425,0.110647029144947,"Bladder Urothelial Carcinoma","Primary Tumor"
"703",0.215686274509804,0.0588235294117647,0.110802354715321,"Bladder Urothelial Carcinoma","Primary Tumor"
"704",0.215686274509804,0.0591397849462366,0.110892592092018,"Bladder Urothelial Carcinoma","Primary Tumor"
"705",0.215686274509804,0.0594594594594595,0.111127170451884,"Bladder Urothelial Carcinoma","Primary Tumor"
"706",0.215686274509804,0.0597826086956522,0.111847523484252,"Bladder Urothelial Carcinoma","Primary Tumor"
"707",0.196078431372549,0.0546448087431694,0.11187571928703,"Bladder Urothelial Carcinoma","Primary Tumor"
"708",0.196078431372549,0.0549450549450549,0.112099026459551,"Bladder Urothelial Carcinoma","Primary Tumor"
"709",0.196078431372549,0.0552486187845304,0.112392551338304,"Bladder Urothelial Carcinoma","Primary Tumor"
"710",0.196078431372549,0.0555555555555556,0.112598968869036,"Bladder Urothelial Carcinoma","Primary Tumor"
"711",0.196078431372549,0.0558659217877095,0.113876351021449,"Bladder Urothelial Carcinoma","Primary Tumor"
"712",0.196078431372549,0.0561797752808989,0.11433813968853,"Bladder Urothelial Carcinoma","Primary Tumor"
"713",0.196078431372549,0.0564971751412429,0.115861579979725,"Bladder Urothelial Carcinoma","Primary Tumor"
"714",0.176470588235294,0.0511363636363636,0.11729264842245,"Bladder Urothelial Carcinoma","Primary Tumor"
"715",0.176470588235294,0.0514285714285714,0.117509303933444,"Bladder Urothelial Carcinoma","Primary Tumor"
"716",0.176470588235294,0.0517241379310345,0.118726878761347,"Bladder Urothelial Carcinoma","Primary Tumor"
"717",0.176470588235294,0.0520231213872832,0.118998359092055,"Bladder Urothelial Carcinoma","Primary Tumor"
"718",0.176470588235294,0.0523255813953488,0.119968517451405,"Bladder Urothelial Carcinoma","Primary Tumor"
"719",0.176470588235294,0.0526315789473684,0.120103153885637,"Bladder Urothelial Carcinoma","Primary Tumor"
"720",0.176470588235294,0.0529411764705882,0.121356287903047,"Bladder Urothelial Carcinoma","Primary Tumor"
"721",0.176470588235294,0.0532544378698225,0.121796592336733,"Bladder Urothelial Carcinoma","Primary Tumor"
"722",0.156862745098039,0.0476190476190476,0.12239522416803,"Bladder Urothelial Carcinoma","Primary Tumor"
"723",0.156862745098039,0.0479041916167665,0.123222196211361,"Bladder Urothelial Carcinoma","Primary Tumor"
"724",0.156862745098039,0.0481927710843374,0.123870767831931,"Bladder Urothelial Carcinoma","Primary Tumor"
"725",0.156862745098039,0.0484848484848485,0.12697543301214,"Bladder Urothelial Carcinoma","Primary Tumor"
"726",0.156862745098039,0.0487804878048781,0.127011292051128,"Bladder Urothelial Carcinoma","Primary Tumor"
"727",0.156862745098039,0.049079754601227,0.127257869464012,"Bladder Urothelial Carcinoma","Primary Tumor"
"728",0.156862745098039,0.0493827160493827,0.127964716621967,"Bladder Urothelial Carcinoma","Primary Tumor"
"729",0.156862745098039,0.0496894409937888,0.127997350812491,"Bladder Urothelial Carcinoma","Primary Tumor"
"730",0.156862745098039,0.05,0.128281371962963,"Bladder Urothelial Carcinoma","Primary Tumor"
"731",0.156862745098039,0.050314465408805,0.12907838369853,"Bladder Urothelial Carcinoma","Primary Tumor"
"732",0.156862745098039,0.0506329113924051,0.129544716169284,"Bladder Urothelial Carcinoma","Primary Tumor"
"733",0.137254901960784,0.0445859872611465,0.136025835754784,"Bladder Urothelial Carcinoma","Primary Tumor"
"734",0.137254901960784,0.0448717948717949,0.139422381240865,"Bladder Urothelial Carcinoma","Primary Tumor"
"735",0.137254901960784,0.0451612903225806,0.140770525785825,"Bladder Urothelial Carcinoma","Primary Tumor"
"736",0.137254901960784,0.0454545454545455,0.140905260337513,"Bladder Urothelial Carcinoma","Primary Tumor"
"737",0.137254901960784,0.0457516339869281,0.14170373655287,"Bladder Urothelial Carcinoma","Primary Tumor"
"738",0.137254901960784,0.0460526315789474,0.144247000552785,"Bladder Urothelial Carcinoma","Primary Tumor"
"739",0.137254901960784,0.0463576158940397,0.144397891489025,"Bladder Urothelial Carcinoma","Primary Tumor"
"740",0.137254901960784,0.0466666666666667,0.144630839897773,"Bladder Urothelial Carcinoma","Primary Tumor"
"741",0.137254901960784,0.0469798657718121,0.145532599846122,"Bladder Urothelial Carcinoma","Primary Tumor"
"742",0.137254901960784,0.0472972972972973,0.148884416691411,"Bladder Urothelial Carcinoma","Primary Tumor"
"743",0.137254901960784,0.0476190476190476,0.150068954831492,"Bladder Urothelial Carcinoma","Primary Tumor"
"744",0.137254901960784,0.0479452054794521,0.150677104087396,"Bladder Urothelial Carcinoma","Primary Tumor"
"745",0.137254901960784,0.0482758620689655,0.150719820626504,"Bladder Urothelial Carcinoma","Primary Tumor"
"746",0.117647058823529,0.0416666666666667,0.151413064860262,"Bladder Urothelial Carcinoma","Primary Tumor"
"747",0.117647058823529,0.041958041958042,0.151748251165294,"Bladder Urothelial Carcinoma","Primary Tumor"
"748",0.117647058823529,0.0422535211267606,0.153171851516707,"Bladder Urothelial Carcinoma","Primary Tumor"
"749",0.117647058823529,0.0425531914893617,0.153732425708148,"Bladder Urothelial Carcinoma","Primary Tumor"
"750",0.117647058823529,0.0428571428571429,0.154142428273821,"Bladder Urothelial Carcinoma","Primary Tumor"
"751",0.0980392156862745,0.0359712230215827,0.154673309376038,"Bladder Urothelial Carcinoma","Primary Tumor"
"752",0.0980392156862745,0.036231884057971,0.154757578560321,"Bladder Urothelial Carcinoma","Primary Tumor"
"753",0.0980392156862745,0.0364963503649635,0.156000959970515,"Bladder Urothelial Carcinoma","Primary Tumor"
"754",0.0980392156862745,0.0367647058823529,0.156546781579917,"Bladder Urothelial Carcinoma","Primary Tumor"
"755",0.0980392156862745,0.037037037037037,0.157415493654225,"Bladder Urothelial Carcinoma","Primary Tumor"
"756",0.0784313725490196,0.0298507462686567,0.157731981437771,"Bladder Urothelial Carcinoma","Primary Tumor"
"757",0.0784313725490196,0.0300751879699248,0.159072761161793,"Bladder Urothelial Carcinoma","Primary Tumor"
"758",0.0784313725490196,0.0303030303030303,0.159132362007202,"Bladder Urothelial Carcinoma","Primary Tumor"
"759",0.0784313725490196,0.0305343511450382,0.159635206237105,"Bladder Urothelial Carcinoma","Primary Tumor"
"760",0.0784313725490196,0.0307692307692308,0.160350035874342,"Bladder Urothelial Carcinoma","Primary Tumor"
"761",0.0784313725490196,0.0310077519379845,0.161707041962013,"Bladder Urothelial Carcinoma","Primary Tumor"
"762",0.0784313725490196,0.03125,0.162478714057001,"Bladder Urothelial Carcinoma","Primary Tumor"
"763",0.0784313725490196,0.031496062992126,0.163405103529901,"Bladder Urothelial Carcinoma","Primary Tumor"
"764",0.0784313725490196,0.0317460317460317,0.163447545688049,"Bladder Urothelial Carcinoma","Primary Tumor"
"765",0.0784313725490196,0.032,0.166584507676197,"Bladder Urothelial Carcinoma","Primary Tumor"
"766",0.0784313725490196,0.032258064516129,0.168633330365151,"Bladder Urothelial Carcinoma","Primary Tumor"
"767",0.0784313725490196,0.032520325203252,0.169233071811089,"Bladder Urothelial Carcinoma","Primary Tumor"
"768",0.0784313725490196,0.0327868852459016,0.170509049628656,"Bladder Urothelial Carcinoma","Primary Tumor"
"769",0.0784313725490196,0.0330578512396694,0.171518599636006,"Bladder Urothelial Carcinoma","Primary Tumor"
"770",0.0784313725490196,0.0333333333333333,0.173924421094842,"Bladder Urothelial Carcinoma","Primary Tumor"
"771",0.0784313725490196,0.0336134453781513,0.174601736637631,"Bladder Urothelial Carcinoma","Primary Tumor"
"772",0.0784313725490196,0.0338983050847458,0.174874469676344,"Bladder Urothelial Carcinoma","Primary Tumor"
"773",0.0784313725490196,0.0341880341880342,0.175058280151921,"Bladder Urothelial Carcinoma","Primary Tumor"
"774",0.0784313725490196,0.0344827586206897,0.176866693883974,"Bladder Urothelial Carcinoma","Primary Tumor"
"775",0.0784313725490196,0.0347826086956522,0.178547397419118,"Bladder Urothelial Carcinoma","Primary Tumor"
"776",0.0784313725490196,0.0350877192982456,0.180688061997789,"Bladder Urothelial Carcinoma","Primary Tumor"
"777",0.0784313725490196,0.0353982300884956,0.181882629904465,"Bladder Urothelial Carcinoma","Primary Tumor"
"778",0.0784313725490196,0.0357142857142857,0.182106828214886,"Bladder Urothelial Carcinoma","Primary Tumor"
"779",0.0784313725490196,0.036036036036036,0.183351718128512,"Bladder Urothelial Carcinoma","Primary Tumor"
"780",0.0784313725490196,0.0363636363636364,0.183905298476326,"Bladder Urothelial Carcinoma","Primary Tumor"
"781",0.0784313725490196,0.036697247706422,0.184474609570325,"Bladder Urothelial Carcinoma","Primary Tumor"
"782",0.0784313725490196,0.037037037037037,0.187778174675498,"Bladder Urothelial Carcinoma","Primary Tumor"
"783",0.0784313725490196,0.0373831775700935,0.187897785031792,"Bladder Urothelial Carcinoma","Primary Tumor"
"784",0.0784313725490196,0.0377358490566038,0.190638980427231,"Bladder Urothelial Carcinoma","Primary Tumor"
"785",0.0784313725490196,0.0380952380952381,0.191327305909135,"Bladder Urothelial Carcinoma","Primary Tumor"
"786",0.0784313725490196,0.0384615384615385,0.191550140665142,"Bladder Urothelial Carcinoma","Primary Tumor"
"787",0.0784313725490196,0.0388349514563107,0.192218355555933,"Bladder Urothelial Carcinoma","Primary Tumor"
"788",0.0784313725490196,0.0392156862745098,0.192757801171295,"Bladder Urothelial Carcinoma","Primary Tumor"
"789",0.0784313725490196,0.0396039603960396,0.193637582023944,"Bladder Urothelial Carcinoma","Primary Tumor"
"790",0.0784313725490196,0.04,0.195914228696721,"Bladder Urothelial Carcinoma","Primary Tumor"
"791",0.0784313725490196,0.0404040404040404,0.196016028570917,"Bladder Urothelial Carcinoma","Primary Tumor"
"792",0.0784313725490196,0.0408163265306122,0.196557823203649,"Bladder Urothelial Carcinoma","Primary Tumor"
"793",0.0784313725490196,0.0412371134020619,0.200358436715702,"Bladder Urothelial Carcinoma","Primary Tumor"
"794",0.0784313725490196,0.0416666666666667,0.203835243199806,"Bladder Urothelial Carcinoma","Primary Tumor"
"795",0.0784313725490196,0.0421052631578947,0.205199787211824,"Bladder Urothelial Carcinoma","Primary Tumor"
"796",0.0784313725490196,0.0425531914893617,0.206155066989963,"Bladder Urothelial Carcinoma","Primary Tumor"
"797",0.0784313725490196,0.043010752688172,0.206224718645371,"Bladder Urothelial Carcinoma","Primary Tumor"
"798",0.0784313725490196,0.0434782608695652,0.206368437987586,"Bladder Urothelial Carcinoma","Primary Tumor"
"799",0.0784313725490196,0.043956043956044,0.209327752966734,"Bladder Urothelial Carcinoma","Primary Tumor"
"800",0.0784313725490196,0.0444444444444444,0.211781189938806,"Bladder Urothelial Carcinoma","Primary Tumor"
"801",0.0784313725490196,0.0449438202247191,0.214460950186464,"Bladder Urothelial Carcinoma","Primary Tumor"
"802",0.0784313725490196,0.0454545454545455,0.216314227209413,"Bladder Urothelial Carcinoma","Primary Tumor"
"803",0.0784313725490196,0.0459770114942529,0.216676816717952,"Bladder Urothelial Carcinoma","Primary Tumor"
"804",0.0784313725490196,0.0465116279069767,0.217907424184079,"Bladder Urothelial Carcinoma","Primary Tumor"
"805",0.0784313725490196,0.0470588235294118,0.223111218567522,"Bladder Urothelial Carcinoma","Primary Tumor"
"806",0.0784313725490196,0.0476190476190476,0.224064483832368,"Bladder Urothelial Carcinoma","Primary Tumor"
"807",0.0784313725490196,0.0481927710843374,0.226153376935683,"Bladder Urothelial Carcinoma","Primary Tumor"
"808",0.0784313725490196,0.0487804878048781,0.227529336552831,"Bladder Urothelial Carcinoma","Primary Tumor"
"809",0.0784313725490196,0.0493827160493827,0.227653555678867,"Bladder Urothelial Carcinoma","Primary Tumor"
"810",0.0784313725490196,0.05,0.228297971891913,"Bladder Urothelial Carcinoma","Primary Tumor"
"811",0.0784313725490196,0.0506329113924051,0.229367598466919,"Bladder Urothelial Carcinoma","Primary Tumor"
"812",0.0784313725490196,0.0512820512820513,0.229962947767929,"Bladder Urothelial Carcinoma","Primary Tumor"
"813",0.0784313725490196,0.051948051948052,0.232031028781615,"Bladder Urothelial Carcinoma","Primary Tumor"
"814",0.0784313725490196,0.0526315789473684,0.232131483770856,"Bladder Urothelial Carcinoma","Primary Tumor"
"815",0.0784313725490196,0.0533333333333333,0.235708424499252,"Bladder Urothelial Carcinoma","Primary Tumor"
"816",0.0784313725490196,0.0540540540540541,0.23626710217477,"Bladder Urothelial Carcinoma","Primary Tumor"
"817",0.0784313725490196,0.0547945205479452,0.240381117382174,"Bladder Urothelial Carcinoma","Primary Tumor"
"818",0.0784313725490196,0.0555555555555556,0.242106753131629,"Bladder Urothelial Carcinoma","Primary Tumor"
"819",0.0784313725490196,0.0563380281690141,0.242307637067747,"Bladder Urothelial Carcinoma","Primary Tumor"
"820",0.0784313725490196,0.0571428571428571,0.242816764368934,"Bladder Urothelial Carcinoma","Primary Tumor"
"821",0.0784313725490196,0.0579710144927536,0.243601371280973,"Bladder Urothelial Carcinoma","Primary Tumor"
"822",0.0784313725490196,0.0588235294117647,0.244034279211961,"Bladder Urothelial Carcinoma","Primary Tumor"
"823",0.0588235294117647,0.0447761194029851,0.245353075370895,"Bladder Urothelial Carcinoma","Primary Tumor"
"824",0.0588235294117647,0.0454545454545455,0.24839980243603,"Bladder Urothelial Carcinoma","Primary Tumor"
"825",0.0588235294117647,0.0461538461538462,0.253964458468121,"Bladder Urothelial Carcinoma","Primary Tumor"
"826",0.0588235294117647,0.046875,0.257518831739615,"Bladder Urothelial Carcinoma","Primary Tumor"
"827",0.0588235294117647,0.0476190476190476,0.259378267753483,"Bladder Urothelial Carcinoma","Primary Tumor"
"828",0.0588235294117647,0.0483870967741935,0.262395499566273,"Bladder Urothelial Carcinoma","Primary Tumor"
"829",0.0588235294117647,0.0491803278688525,0.265500628929394,"Bladder Urothelial Carcinoma","Primary Tumor"
"830",0.0588235294117647,0.05,0.265831576447923,"Bladder Urothelial Carcinoma","Primary Tumor"
"831",0.0392156862745098,0.0338983050847458,0.273564993440326,"Bladder Urothelial Carcinoma","Primary Tumor"
"832",0.0392156862745098,0.0344827586206897,0.278326065025179,"Bladder Urothelial Carcinoma","Primary Tumor"
"833",0.0392156862745098,0.0350877192982456,0.280742019137453,"Bladder Urothelial Carcinoma","Primary Tumor"
"834",0.0392156862745098,0.0357142857142857,0.280761859831052,"Bladder Urothelial Carcinoma","Primary Tumor"
"835",0.0392156862745098,0.0363636363636364,0.284017818549371,"Bladder Urothelial Carcinoma","Primary Tumor"
"836",0.0392156862745098,0.037037037037037,0.286900422450342,"Bladder Urothelial Carcinoma","Primary Tumor"
"837",0.0392156862745098,0.0377358490566038,0.28835046233538,"Bladder Urothelial Carcinoma","Primary Tumor"
"838",0.0392156862745098,0.0384615384615385,0.292014141097367,"Bladder Urothelial Carcinoma","Primary Tumor"
"839",0.0392156862745098,0.0392156862745098,0.304199907227099,"Bladder Urothelial Carcinoma","Primary Tumor"
"840",0.0392156862745098,0.04,0.304904296604587,"Bladder Urothelial Carcinoma","Primary Tumor"
"841",0.0392156862745098,0.0408163265306122,0.305603198580543,"Bladder Urothelial Carcinoma","Primary Tumor"
"842",0.0392156862745098,0.0416666666666667,0.307086427788005,"Bladder Urothelial Carcinoma","Primary Tumor"
"843",0.0392156862745098,0.0425531914893617,0.308418888209018,"Bladder Urothelial Carcinoma","Primary Tumor"
"844",0.0392156862745098,0.0434782608695652,0.314352386293197,"Bladder Urothelial Carcinoma","Primary Tumor"
"845",0.0392156862745098,0.0444444444444444,0.314944664080041,"Bladder Urothelial Carcinoma","Primary Tumor"
"846",0.0392156862745098,0.0454545454545455,0.328548801477798,"Bladder Urothelial Carcinoma","Primary Tumor"
"847",0.0392156862745098,0.0465116279069767,0.328664553859493,"Bladder Urothelial Carcinoma","Primary Tumor"
"848",0.0392156862745098,0.0476190476190476,0.351531986656304,"Bladder Urothelial Carcinoma","Primary Tumor"
"849",0.0392156862745098,0.0487804878048781,0.353027270572912,"Bladder Urothelial Carcinoma","Primary Tumor"
"850",0.0196078431372549,0.025,0.35691510108049,"Bladder Urothelial Carcinoma","Primary Tumor"
"851",0.0196078431372549,0.0256410256410256,0.359456704740495,"Bladder Urothelial Carcinoma","Primary Tumor"
"852",0.0196078431372549,0.0263157894736842,0.365611395049773,"Bladder Urothelial Carcinoma","Primary Tumor"
"853",0.0196078431372549,0.027027027027027,0.370537612652907,"Bladder Urothelial Carcinoma","Primary Tumor"
"854",0.0196078431372549,0.0277777777777778,0.382400444855109,"Bladder Urothelial Carcinoma","Primary Tumor"
"855",0.0196078431372549,0.0285714285714286,0.385215827916441,"Bladder Urothelial Carcinoma","Primary Tumor"
"856",0.0196078431372549,0.0294117647058824,0.388195579253007,"Bladder Urothelial Carcinoma","Primary Tumor"
"857",0.0196078431372549,0.0303030303030303,0.396747964682086,"Bladder Urothelial Carcinoma","Primary Tumor"
"858",0.0196078431372549,0.03125,0.405491531671358,"Bladder Urothelial Carcinoma","Primary Tumor"
"859",0.0196078431372549,0.032258064516129,0.40789771338863,"Bladder Urothelial Carcinoma","Primary Tumor"
"860",0.0196078431372549,0.0333333333333333,0.408080854680513,"Bladder Urothelial Carcinoma","Primary Tumor"
"861",0.0196078431372549,0.0344827586206897,0.413306395486448,"Bladder Urothelial Carcinoma","Primary Tumor"
"862",0.0196078431372549,0.0357142857142857,0.418930069672968,"Bladder Urothelial Carcinoma","Primary Tumor"
"863",0.0196078431372549,0.037037037037037,0.427311066335342,"Bladder Urothelial Carcinoma","Primary Tumor"
"864",0.0196078431372549,0.0384615384615385,0.434095292384082,"Bladder Urothelial Carcinoma","Primary Tumor"
"865",0.0196078431372549,0.04,0.447112249262495,"Bladder Urothelial Carcinoma","Primary Tumor"
"866",0,0,0.450887615031584,"Bladder Urothelial Carcinoma","Primary Tumor"
"867",0,0,0.452746741827552,"Bladder Urothelial Carcinoma","Primary Tumor"
"868",0,0,0.455057336653123,"Bladder Urothelial Carcinoma","Primary Tumor"
"869",0,0,0.462595679277188,"Bladder Urothelial Carcinoma","Primary Tumor"
"870",0,0,0.465212760809754,"Bladder Urothelial Carcinoma","Primary Tumor"
"871",0,0,0.485871377418441,"Bladder Urothelial Carcinoma","Primary Tumor"
"872",0,0,0.492029319088963,"Bladder Urothelial Carcinoma","Primary Tumor"
"873",0,0,0.496354963358986,"Bladder Urothelial Carcinoma","Primary Tumor"
"874",0,0,0.50905454543369,"Bladder Urothelial Carcinoma","Primary Tumor"
"875",0,0,0.549792989929318,"Bladder Urothelial Carcinoma","Primary Tumor"
"876",0,0,0.580149190092937,"Bladder Urothelial Carcinoma","Primary Tumor"
"877",0,0,0.592376467614983,"Bladder Urothelial Carcinoma","Primary Tumor"
"878",0,0,0.602613388599157,"Bladder Urothelial Carcinoma","Primary Tumor"
"879",0,0,0.634522697022422,"Bladder Urothelial Carcinoma","Primary Tumor"
"880",0,0,0.646220807976957,"Bladder Urothelial Carcinoma","Primary Tumor"
"881",0,0,0.673532165563127,"Bladder Urothelial Carcinoma","Primary Tumor"
"882",0,0,0.676218738810067,"Bladder Urothelial Carcinoma","Primary Tumor"
"883",0,0,0.686228815981937,"Bladder Urothelial Carcinoma","Primary Tumor"
"884",0,0,0.690749047998939,"Bladder Urothelial Carcinoma","Primary Tumor"
"885",0,0,0.706903241641874,"Bladder Urothelial Carcinoma","Primary Tumor"
"886",0,0,0.740453728290205,"Bladder Urothelial Carcinoma","Primary Tumor"
"887",0,0,0.75466071876244,"Bladder Urothelial Carcinoma","Primary Tumor"
"888",0,0,0.785034479265642,"Bladder Urothelial Carcinoma","Primary Tumor"
"889",0,0,0.867500654890028,"Bladder Urothelial Carcinoma","Primary Tumor"
"890",0,0,0.867500654890028,"Bladder Urothelial Carcinoma","Primary Tumor"
