"1",0,0,0.993701718723694,"Uterine Carcinosarcoma","Primary Tumor"
"2",0,0.0175438596491228,0.991049855548313,"Uterine Carcinosarcoma","Primary Tumor"
"3",0,0.0350877192982456,0.990992137419789,"Uterine Carcinosarcoma","Primary Tumor"
"4",0,0.0526315789473684,0.9875920906286,"Uterine Carcinosarcoma","Primary Tumor"
"5",0,0.0701754385964912,0.986096798937157,"Uterine Carcinosarcoma","Primary Tumor"
"6",0,0.087719298245614,0.983770653200853,"Uterine Carcinosarcoma","Primary Tumor"
"7",0,0.105263157894737,0.982337113158553,"Uterine Carcinosarcoma","Primary Tumor"
"8",0,0.12280701754386,0.98161520906323,"Uterine Carcinosarcoma","Primary Tumor"
"9",0,0.140350877192982,0.981014603317349,"Uterine Carcinosarcoma","Primary Tumor"
"10",0,0.157894736842105,0.980788144421903,"Uterine Carcinosarcoma","Primary Tumor"
"11",0,0.175438596491228,0.977488012668547,"Uterine Carcinosarcoma","Primary Tumor"
"12",0,0.192982456140351,0.969997511369374,"Uterine Carcinosarcoma","Primary Tumor"
"13",0,0.210526315789474,0.968432697611575,"Uterine Carcinosarcoma","Primary Tumor"
"14",0,0.228070175438596,0.949735192308409,"Uterine Carcinosarcoma","Primary Tumor"
"15",0,0.245614035087719,0.946365470336519,"Uterine Carcinosarcoma","Primary Tumor"
"16",0,0.263157894736842,0.942199293836568,"Uterine Carcinosarcoma","Primary Tumor"
"17",0,0.280701754385965,0.937428684518707,"Uterine Carcinosarcoma","Primary Tumor"
"18",0,0.298245614035088,0.93447612102412,"Uterine Carcinosarcoma","Primary Tumor"
"19",0,0.315789473684211,0.9335616702953,"Uterine Carcinosarcoma","Primary Tumor"
"20",9.61538461538462e-05,0.315789473684211,0.928327299468116,"Uterine Carcinosarcoma","Primary Tumor"
"21",9.61538461538462e-05,0.333333333333333,0.924715836737269,"Uterine Carcinosarcoma","Primary Tumor"
"22",9.61538461538462e-05,0.350877192982456,0.920909198916097,"Uterine Carcinosarcoma","Primary Tumor"
"23",0.000192307692307692,0.350877192982456,0.920257039503901,"Uterine Carcinosarcoma","Primary Tumor"
"24",0.000288461538461538,0.350877192982456,0.919790194464447,"Uterine Carcinosarcoma","Primary Tumor"
"25",0.000384615384615385,0.350877192982456,0.916323056809084,"Uterine Carcinosarcoma","Primary Tumor"
"26",0.000480769230769231,0.350877192982456,0.907353703180237,"Uterine Carcinosarcoma","Primary Tumor"
"27",0.000480769230769231,0.368421052631579,0.906950020536596,"Uterine Carcinosarcoma","Primary Tumor"
"28",0.000576923076923077,0.368421052631579,0.904418743190154,"Uterine Carcinosarcoma","Primary Tumor"
"29",0.000576923076923077,0.385964912280702,0.904240692360356,"Uterine Carcinosarcoma","Primary Tumor"
"30",0.000576923076923077,0.403508771929825,0.901564310883698,"Uterine Carcinosarcoma","Primary Tumor"
"31",0.000673076923076923,0.403508771929825,0.895339537324483,"Uterine Carcinosarcoma","Primary Tumor"
"32",0.000769230769230769,0.403508771929825,0.88808894474873,"Uterine Carcinosarcoma","Primary Tumor"
"33",0.000865384615384615,0.403508771929825,0.884074426556586,"Uterine Carcinosarcoma","Primary Tumor"
"34",0.000961538461538462,0.403508771929825,0.883241962673828,"Uterine Carcinosarcoma","Primary Tumor"
"35",0.000961538461538462,0.421052631578947,0.88296074285587,"Uterine Carcinosarcoma","Primary Tumor"
"36",0.00105769230769231,0.421052631578947,0.882438260563412,"Uterine Carcinosarcoma","Primary Tumor"
"37",0.00115384615384615,0.421052631578947,0.878308290541338,"Uterine Carcinosarcoma","Primary Tumor"
"38",0.00125,0.421052631578947,0.878275794102259,"Uterine Carcinosarcoma","Primary Tumor"
"39",0.00134615384615385,0.421052631578947,0.856267447627345,"Uterine Carcinosarcoma","Primary Tumor"
"40",0.00144230769230769,0.421052631578947,0.852480342227434,"Uterine Carcinosarcoma","Primary Tumor"
"41",0.00144230769230769,0.43859649122807,0.850157042714312,"Uterine Carcinosarcoma","Primary Tumor"
"42",0.00153846153846154,0.43859649122807,0.820792646161573,"Uterine Carcinosarcoma","Primary Tumor"
"43",0.00153846153846154,0.456140350877193,0.817091325874399,"Uterine Carcinosarcoma","Primary Tumor"
"44",0.00163461538461538,0.456140350877193,0.815723711858325,"Uterine Carcinosarcoma","Primary Tumor"
"45",0.00173076923076923,0.456140350877193,0.808329871508445,"Uterine Carcinosarcoma","Primary Tumor"
"46",0.00182692307692308,0.456140350877193,0.798576809867109,"Uterine Carcinosarcoma","Primary Tumor"
"47",0.00182692307692308,0.473684210526316,0.794423094133182,"Uterine Carcinosarcoma","Primary Tumor"
"48",0.00192307692307692,0.473684210526316,0.791332306450136,"Uterine Carcinosarcoma","Primary Tumor"
"49",0.00192307692307692,0.491228070175439,0.789340259357609,"Uterine Carcinosarcoma","Primary Tumor"
"50",0.00201923076923077,0.491228070175439,0.783239221236437,"Uterine Carcinosarcoma","Primary Tumor"
"51",0.00201923076923077,0.508771929824561,0.781842675108285,"Uterine Carcinosarcoma","Primary Tumor"
"52",0.00201923076923077,0.526315789473684,0.777219195914894,"Uterine Carcinosarcoma","Primary Tumor"
"53",0.00201923076923077,0.543859649122807,0.773835610644009,"Uterine Carcinosarcoma","Primary Tumor"
"54",0.00211538461538462,0.543859649122807,0.768955578452549,"Uterine Carcinosarcoma","Primary Tumor"
"55",0.00221153846153846,0.543859649122807,0.766006306017766,"Uterine Carcinosarcoma","Primary Tumor"
"56",0.00230769230769231,0.543859649122807,0.763808290630058,"Uterine Carcinosarcoma","Primary Tumor"
"57",0.00230769230769231,0.56140350877193,0.762425023420755,"Uterine Carcinosarcoma","Primary Tumor"
"58",0.00230769230769231,0.578947368421053,0.76218040911651,"Uterine Carcinosarcoma","Primary Tumor"
"59",0.00240384615384615,0.578947368421053,0.741138035487354,"Uterine Carcinosarcoma","Primary Tumor"
"60",0.00240384615384615,0.596491228070175,0.734062971404178,"Uterine Carcinosarcoma","Primary Tumor"
"61",0.00240384615384615,0.614035087719298,0.730427441388994,"Uterine Carcinosarcoma","Primary Tumor"
"62",0.0025,0.614035087719298,0.729083578170871,"Uterine Carcinosarcoma","Primary Tumor"
"63",0.00259615384615385,0.614035087719298,0.726773689137332,"Uterine Carcinosarcoma","Primary Tumor"
"64",0.00269230769230769,0.614035087719298,0.72566107269866,"Uterine Carcinosarcoma","Primary Tumor"
"65",0.00269230769230769,0.631578947368421,0.725411915373422,"Uterine Carcinosarcoma","Primary Tumor"
"66",0.00269230769230769,0.649122807017544,0.724367601413507,"Uterine Carcinosarcoma","Primary Tumor"
"67",0.00278846153846154,0.649122807017544,0.715941137388209,"Uterine Carcinosarcoma","Primary Tumor"
"68",0.00288461538461538,0.649122807017544,0.705685242383934,"Uterine Carcinosarcoma","Primary Tumor"
"69",0.00298076923076923,0.649122807017544,0.696478749869456,"Uterine Carcinosarcoma","Primary Tumor"
"70",0.00307692307692308,0.649122807017544,0.691162466270681,"Uterine Carcinosarcoma","Primary Tumor"
"71",0.00307692307692308,0.666666666666667,0.684569092776541,"Uterine Carcinosarcoma","Primary Tumor"
"72",0.00317307692307692,0.666666666666667,0.684347698341392,"Uterine Carcinosarcoma","Primary Tumor"
"73",0.00326923076923077,0.666666666666667,0.681446865051929,"Uterine Carcinosarcoma","Primary Tumor"
"74",0.00336538461538462,0.666666666666667,0.680633217959773,"Uterine Carcinosarcoma","Primary Tumor"
"75",0.00346153846153846,0.666666666666667,0.646562241196764,"Uterine Carcinosarcoma","Primary Tumor"
"76",0.00355769230769231,0.666666666666667,0.632617829065099,"Uterine Carcinosarcoma","Primary Tumor"
"77",0.00365384615384615,0.666666666666667,0.626241209468555,"Uterine Carcinosarcoma","Primary Tumor"
"78",0.00375,0.666666666666667,0.622428722633427,"Uterine Carcinosarcoma","Primary Tumor"
"79",0.00384615384615385,0.666666666666667,0.616908242426354,"Uterine Carcinosarcoma","Primary Tumor"
"80",0.00384615384615385,0.684210526315789,0.612194209554067,"Uterine Carcinosarcoma","Primary Tumor"
"81",0.00394230769230769,0.684210526315789,0.604891766106745,"Uterine Carcinosarcoma","Primary Tumor"
"82",0.00403846153846154,0.684210526315789,0.604349765929847,"Uterine Carcinosarcoma","Primary Tumor"
"83",0.00413461538461539,0.684210526315789,0.602194292128231,"Uterine Carcinosarcoma","Primary Tumor"
"84",0.00423076923076923,0.684210526315789,0.589015532039737,"Uterine Carcinosarcoma","Primary Tumor"
"85",0.00423076923076923,0.701754385964912,0.581207129582865,"Uterine Carcinosarcoma","Primary Tumor"
"86",0.00423076923076923,0.719298245614035,0.580045659859549,"Uterine Carcinosarcoma","Primary Tumor"
"87",0.00432692307692308,0.719298245614035,0.57971633984649,"Uterine Carcinosarcoma","Primary Tumor"
"88",0.00442307692307692,0.719298245614035,0.559063981276079,"Uterine Carcinosarcoma","Primary Tumor"
"89",0.00451923076923077,0.719298245614035,0.554416892593443,"Uterine Carcinosarcoma","Primary Tumor"
"90",0.00461538461538462,0.719298245614035,0.553750537346553,"Uterine Carcinosarcoma","Primary Tumor"
"91",0.00461538461538462,0.736842105263158,0.543400906904304,"Uterine Carcinosarcoma","Primary Tumor"
"92",0.00461538461538462,0.754385964912281,0.530359489802523,"Uterine Carcinosarcoma","Primary Tumor"
"93",0.00471153846153846,0.754385964912281,0.52404115255021,"Uterine Carcinosarcoma","Primary Tumor"
"94",0.00471153846153846,0.771929824561403,0.510276170074865,"Uterine Carcinosarcoma","Primary Tumor"
"95",0.00480769230769231,0.771929824561403,0.49894496145642,"Uterine Carcinosarcoma","Primary Tumor"
"96",0.00490384615384615,0.771929824561403,0.491500985670979,"Uterine Carcinosarcoma","Primary Tumor"
"97",0.005,0.771929824561403,0.489261348632045,"Uterine Carcinosarcoma","Primary Tumor"
"98",0.00509615384615385,0.771929824561403,0.48699069603847,"Uterine Carcinosarcoma","Primary Tumor"
"99",0.00519230769230769,0.771929824561403,0.483037837166303,"Uterine Carcinosarcoma","Primary Tumor"
"100",0.00528846153846154,0.771929824561403,0.479035999963967,"Uterine Carcinosarcoma","Primary Tumor"
"101",0.00538461538461538,0.771929824561403,0.478572874642225,"Uterine Carcinosarcoma","Primary Tumor"
"102",0.00548076923076923,0.771929824561403,0.477985962878398,"Uterine Carcinosarcoma","Primary Tumor"
"103",0.00557692307692308,0.771929824561403,0.46760511843373,"Uterine Carcinosarcoma","Primary Tumor"
"104",0.00567307692307692,0.771929824561403,0.466821215517506,"Uterine Carcinosarcoma","Primary Tumor"
"105",0.00576923076923077,0.771929824561403,0.465773147790204,"Uterine Carcinosarcoma","Primary Tumor"
"106",0.00586538461538462,0.771929824561403,0.464129134335712,"Uterine Carcinosarcoma","Primary Tumor"
"107",0.00596153846153846,0.771929824561403,0.46115227716632,"Uterine Carcinosarcoma","Primary Tumor"
"108",0.00596153846153846,0.789473684210526,0.460969003655153,"Uterine Carcinosarcoma","Primary Tumor"
"109",0.00605769230769231,0.789473684210526,0.457482178399071,"Uterine Carcinosarcoma","Primary Tumor"
"110",0.00615384615384615,0.789473684210526,0.455898733052349,"Uterine Carcinosarcoma","Primary Tumor"
"111",0.00625,0.789473684210526,0.45352834026808,"Uterine Carcinosarcoma","Primary Tumor"
"112",0.00634615384615385,0.789473684210526,0.449861594486431,"Uterine Carcinosarcoma","Primary Tumor"
"113",0.00644230769230769,0.789473684210526,0.443297159396579,"Uterine Carcinosarcoma","Primary Tumor"
"114",0.00653846153846154,0.789473684210526,0.435720751903076,"Uterine Carcinosarcoma","Primary Tumor"
"115",0.00663461538461538,0.789473684210526,0.43324638424492,"Uterine Carcinosarcoma","Primary Tumor"
"116",0.00663461538461538,0.807017543859649,0.41944441652752,"Uterine Carcinosarcoma","Primary Tumor"
"117",0.00673076923076923,0.807017543859649,0.415884423708502,"Uterine Carcinosarcoma","Primary Tumor"
"118",0.00682692307692308,0.807017543859649,0.404030541232617,"Uterine Carcinosarcoma","Primary Tumor"
"119",0.00692307692307692,0.807017543859649,0.401622426201724,"Uterine Carcinosarcoma","Primary Tumor"
"120",0.00701923076923077,0.807017543859649,0.400694617737406,"Uterine Carcinosarcoma","Primary Tumor"
"121",0.00711538461538462,0.807017543859649,0.397083487770281,"Uterine Carcinosarcoma","Primary Tumor"
"122",0.00721153846153846,0.807017543859649,0.395988806742159,"Uterine Carcinosarcoma","Primary Tumor"
"123",0.00730769230769231,0.807017543859649,0.395134274459006,"Uterine Carcinosarcoma","Primary Tumor"
"124",0.00740384615384615,0.807017543859649,0.390942201968214,"Uterine Carcinosarcoma","Primary Tumor"
"125",0.0075,0.807017543859649,0.380173231112757,"Uterine Carcinosarcoma","Primary Tumor"
"126",0.00759615384615385,0.807017543859649,0.378091748988496,"Uterine Carcinosarcoma","Primary Tumor"
"127",0.00769230769230769,0.807017543859649,0.372825040060241,"Uterine Carcinosarcoma","Primary Tumor"
"128",0.00778846153846154,0.807017543859649,0.37184420461447,"Uterine Carcinosarcoma","Primary Tumor"
"129",0.00788461538461538,0.807017543859649,0.366826124933011,"Uterine Carcinosarcoma","Primary Tumor"
"130",0.00798076923076923,0.807017543859649,0.359518625251168,"Uterine Carcinosarcoma","Primary Tumor"
"131",0.00807692307692308,0.807017543859649,0.355654985068055,"Uterine Carcinosarcoma","Primary Tumor"
"132",0.00817307692307692,0.807017543859649,0.355126430710517,"Uterine Carcinosarcoma","Primary Tumor"
"133",0.00826923076923077,0.807017543859649,0.355063630173944,"Uterine Carcinosarcoma","Primary Tumor"
"134",0.00836538461538461,0.807017543859649,0.352529003560839,"Uterine Carcinosarcoma","Primary Tumor"
"135",0.00846153846153846,0.807017543859649,0.348173052743631,"Uterine Carcinosarcoma","Primary Tumor"
"136",0.00855769230769231,0.807017543859649,0.346561379529933,"Uterine Carcinosarcoma","Primary Tumor"
"137",0.00865384615384615,0.807017543859649,0.345656755801305,"Uterine Carcinosarcoma","Primary Tumor"
"138",0.00875,0.807017543859649,0.343684262826592,"Uterine Carcinosarcoma","Primary Tumor"
"139",0.00884615384615385,0.807017543859649,0.337935678493098,"Uterine Carcinosarcoma","Primary Tumor"
"140",0.00894230769230769,0.807017543859649,0.335854856544539,"Uterine Carcinosarcoma","Primary Tumor"
"141",0.00903846153846154,0.807017543859649,0.330983005220614,"Uterine Carcinosarcoma","Primary Tumor"
"142",0.00913461538461539,0.807017543859649,0.324920991258604,"Uterine Carcinosarcoma","Primary Tumor"
"143",0.00923076923076923,0.807017543859649,0.320137980975205,"Uterine Carcinosarcoma","Primary Tumor"
"144",0.00932692307692308,0.807017543859649,0.317369197267062,"Uterine Carcinosarcoma","Primary Tumor"
"145",0.00942307692307692,0.807017543859649,0.316421634493228,"Uterine Carcinosarcoma","Primary Tumor"
"146",0.00951923076923077,0.807017543859649,0.31552713135763,"Uterine Carcinosarcoma","Primary Tumor"
"147",0.00961538461538462,0.807017543859649,0.313735143937342,"Uterine Carcinosarcoma","Primary Tumor"
"148",0.00971153846153846,0.807017543859649,0.313343304228233,"Uterine Carcinosarcoma","Primary Tumor"
"149",0.00980769230769231,0.807017543859649,0.309897244855008,"Uterine Carcinosarcoma","Primary Tumor"
"150",0.00990384615384615,0.807017543859649,0.306902952183305,"Uterine Carcinosarcoma","Primary Tumor"
"151",0.01,0.807017543859649,0.303339215469738,"Uterine Carcinosarcoma","Primary Tumor"
"152",0.0100961538461538,0.807017543859649,0.301855810967749,"Uterine Carcinosarcoma","Primary Tumor"
"153",0.0101923076923077,0.807017543859649,0.298315605290851,"Uterine Carcinosarcoma","Primary Tumor"
"154",0.0102884615384615,0.807017543859649,0.297164405280401,"Uterine Carcinosarcoma","Primary Tumor"
"155",0.0102884615384615,0.824561403508772,0.291361853218034,"Uterine Carcinosarcoma","Primary Tumor"
"156",0.0103846153846154,0.824561403508772,0.284467463865997,"Uterine Carcinosarcoma","Primary Tumor"
"157",0.0104807692307692,0.824561403508772,0.283843444691983,"Uterine Carcinosarcoma","Primary Tumor"
"158",0.0105769230769231,0.824561403508772,0.282719725180255,"Uterine Carcinosarcoma","Primary Tumor"
"159",0.0106730769230769,0.824561403508772,0.281680305906692,"Uterine Carcinosarcoma","Primary Tumor"
"160",0.0107692307692308,0.824561403508772,0.280887039313303,"Uterine Carcinosarcoma","Primary Tumor"
"161",0.0108653846153846,0.824561403508772,0.280186893755447,"Uterine Carcinosarcoma","Primary Tumor"
"162",0.0109615384615385,0.824561403508772,0.274933841028935,"Uterine Carcinosarcoma","Primary Tumor"
"163",0.0110576923076923,0.824561403508772,0.272536078093204,"Uterine Carcinosarcoma","Primary Tumor"
"164",0.0111538461538462,0.824561403508772,0.270815526396902,"Uterine Carcinosarcoma","Primary Tumor"
"165",0.01125,0.824561403508772,0.270709760625454,"Uterine Carcinosarcoma","Primary Tumor"
"166",0.0113461538461538,0.824561403508772,0.269711150605735,"Uterine Carcinosarcoma","Primary Tumor"
"167",0.0114423076923077,0.824561403508772,0.265755417187773,"Uterine Carcinosarcoma","Primary Tumor"
"168",0.0115384615384615,0.824561403508772,0.263255345558155,"Uterine Carcinosarcoma","Primary Tumor"
"169",0.0116346153846154,0.824561403508772,0.261662716277599,"Uterine Carcinosarcoma","Primary Tumor"
"170",0.0117307692307692,0.824561403508772,0.259957264963965,"Uterine Carcinosarcoma","Primary Tumor"
"171",0.0118269230769231,0.824561403508772,0.259451778108815,"Uterine Carcinosarcoma","Primary Tumor"
"172",0.0119230769230769,0.824561403508772,0.258021975159232,"Uterine Carcinosarcoma","Primary Tumor"
"173",0.0120192307692308,0.824561403508772,0.25792617157086,"Uterine Carcinosarcoma","Primary Tumor"
"174",0.0121153846153846,0.824561403508772,0.252228530868777,"Uterine Carcinosarcoma","Primary Tumor"
"175",0.0122115384615385,0.824561403508772,0.251293339962105,"Uterine Carcinosarcoma","Primary Tumor"
"176",0.0123076923076923,0.824561403508772,0.249138717928293,"Uterine Carcinosarcoma","Primary Tumor"
"177",0.0124038461538462,0.824561403508772,0.246025964006584,"Uterine Carcinosarcoma","Primary Tumor"
"178",0.0125,0.824561403508772,0.242266505909929,"Uterine Carcinosarcoma","Primary Tumor"
"179",0.0125961538461538,0.824561403508772,0.24221478862806,"Uterine Carcinosarcoma","Primary Tumor"
"180",0.0126923076923077,0.824561403508772,0.236796958800517,"Uterine Carcinosarcoma","Primary Tumor"
"181",0.0127884615384615,0.824561403508772,0.23650251161591,"Uterine Carcinosarcoma","Primary Tumor"
"182",0.0128846153846154,0.824561403508772,0.236418837187519,"Uterine Carcinosarcoma","Primary Tumor"
"183",0.0129807692307692,0.824561403508772,0.236008376673206,"Uterine Carcinosarcoma","Primary Tumor"
"184",0.0130769230769231,0.824561403508772,0.235039748210884,"Uterine Carcinosarcoma","Primary Tumor"
"185",0.0130769230769231,0.842105263157895,0.23487994360899,"Uterine Carcinosarcoma","Primary Tumor"
"186",0.0131730769230769,0.842105263157895,0.234662046207515,"Uterine Carcinosarcoma","Primary Tumor"
"187",0.0132692307692308,0.842105263157895,0.232451177160227,"Uterine Carcinosarcoma","Primary Tumor"
"188",0.0133653846153846,0.842105263157895,0.232255576246426,"Uterine Carcinosarcoma","Primary Tumor"
"189",0.0134615384615385,0.842105263157895,0.228913607529461,"Uterine Carcinosarcoma","Primary Tumor"
"190",0.0135576923076923,0.842105263157895,0.228612932852686,"Uterine Carcinosarcoma","Primary Tumor"
"191",0.0136538461538462,0.842105263157895,0.227632903499275,"Uterine Carcinosarcoma","Primary Tumor"
"192",0.01375,0.842105263157895,0.226984305142,"Uterine Carcinosarcoma","Primary Tumor"
"193",0.01375,0.859649122807018,0.225314360864897,"Uterine Carcinosarcoma","Primary Tumor"
"194",0.0138461538461538,0.859649122807018,0.22220527315456,"Uterine Carcinosarcoma","Primary Tumor"
"195",0.0139423076923077,0.859649122807018,0.220223750341983,"Uterine Carcinosarcoma","Primary Tumor"
"196",0.0140384615384615,0.859649122807018,0.218534624326572,"Uterine Carcinosarcoma","Primary Tumor"
"197",0.0141346153846154,0.859649122807018,0.217500648342681,"Uterine Carcinosarcoma","Primary Tumor"
"198",0.0142307692307692,0.859649122807018,0.217313747257289,"Uterine Carcinosarcoma","Primary Tumor"
"199",0.0143269230769231,0.859649122807018,0.217138416734334,"Uterine Carcinosarcoma","Primary Tumor"
"200",0.0144230769230769,0.859649122807018,0.215700472110846,"Uterine Carcinosarcoma","Primary Tumor"
"201",0.0145192307692308,0.859649122807018,0.215204255117479,"Uterine Carcinosarcoma","Primary Tumor"
"202",0.0146153846153846,0.859649122807018,0.213891943818171,"Uterine Carcinosarcoma","Primary Tumor"
"203",0.0147115384615385,0.859649122807018,0.213614972839355,"Uterine Carcinosarcoma","Primary Tumor"
"204",0.0148076923076923,0.859649122807018,0.213432437872421,"Uterine Carcinosarcoma","Primary Tumor"
"205",0.0149038461538462,0.859649122807018,0.212514120020443,"Uterine Carcinosarcoma","Primary Tumor"
"206",0.015,0.859649122807018,0.212441356163801,"Uterine Carcinosarcoma","Primary Tumor"
"207",0.0150961538461538,0.859649122807018,0.212413680220111,"Uterine Carcinosarcoma","Primary Tumor"
"208",0.0151923076923077,0.859649122807018,0.211651929788927,"Uterine Carcinosarcoma","Primary Tumor"
"209",0.0152884615384615,0.859649122807018,0.211593720479562,"Uterine Carcinosarcoma","Primary Tumor"
"210",0.0153846153846154,0.859649122807018,0.211583568832418,"Uterine Carcinosarcoma","Primary Tumor"
"211",0.0154807692307692,0.859649122807018,0.209944202523522,"Uterine Carcinosarcoma","Primary Tumor"
"212",0.0155769230769231,0.859649122807018,0.205442478175359,"Uterine Carcinosarcoma","Primary Tumor"
"213",0.0156730769230769,0.859649122807018,0.203513349024284,"Uterine Carcinosarcoma","Primary Tumor"
"214",0.0157692307692308,0.859649122807018,0.203507973786943,"Uterine Carcinosarcoma","Primary Tumor"
"215",0.0158653846153846,0.859649122807018,0.202740816680919,"Uterine Carcinosarcoma","Primary Tumor"
"216",0.0159615384615385,0.859649122807018,0.201576761545187,"Uterine Carcinosarcoma","Primary Tumor"
"217",0.0159615384615385,0.87719298245614,0.20104312882214,"Uterine Carcinosarcoma","Primary Tumor"
"218",0.0160576923076923,0.87719298245614,0.200631672599496,"Uterine Carcinosarcoma","Primary Tumor"
"219",0.0160576923076923,0.894736842105263,0.200369587305369,"Uterine Carcinosarcoma","Primary Tumor"
"220",0.0161538461538462,0.894736842105263,0.19809793916828,"Uterine Carcinosarcoma","Primary Tumor"
"221",0.01625,0.894736842105263,0.196281438931662,"Uterine Carcinosarcoma","Primary Tumor"
"222",0.0163461538461538,0.894736842105263,0.194900501763801,"Uterine Carcinosarcoma","Primary Tumor"
"223",0.0164423076923077,0.894736842105263,0.194101546136564,"Uterine Carcinosarcoma","Primary Tumor"
"224",0.0165384615384615,0.894736842105263,0.191554826005301,"Uterine Carcinosarcoma","Primary Tumor"
"225",0.0166346153846154,0.894736842105263,0.191157396051842,"Uterine Carcinosarcoma","Primary Tumor"
"226",0.0167307692307692,0.894736842105263,0.189633073779974,"Uterine Carcinosarcoma","Primary Tumor"
"227",0.0168269230769231,0.894736842105263,0.189486084950869,"Uterine Carcinosarcoma","Primary Tumor"
"228",0.0169230769230769,0.894736842105263,0.189067197613783,"Uterine Carcinosarcoma","Primary Tumor"
"229",0.0170192307692308,0.894736842105263,0.188123794288296,"Uterine Carcinosarcoma","Primary Tumor"
"230",0.0171153846153846,0.894736842105263,0.187625245933031,"Uterine Carcinosarcoma","Primary Tumor"
"231",0.0172115384615385,0.894736842105263,0.187280444871295,"Uterine Carcinosarcoma","Primary Tumor"
"232",0.0173076923076923,0.894736842105263,0.184954772085955,"Uterine Carcinosarcoma","Primary Tumor"
"233",0.0174038461538462,0.894736842105263,0.183470706303345,"Uterine Carcinosarcoma","Primary Tumor"
"234",0.0175,0.894736842105263,0.183020401667409,"Uterine Carcinosarcoma","Primary Tumor"
"235",0.0175961538461538,0.894736842105263,0.182474501646407,"Uterine Carcinosarcoma","Primary Tumor"
"236",0.0176923076923077,0.894736842105263,0.182117486598712,"Uterine Carcinosarcoma","Primary Tumor"
"237",0.0177884615384615,0.894736842105263,0.181689541716558,"Uterine Carcinosarcoma","Primary Tumor"
"238",0.0178846153846154,0.894736842105263,0.181317221134366,"Uterine Carcinosarcoma","Primary Tumor"
"239",0.0179807692307692,0.894736842105263,0.18064824793373,"Uterine Carcinosarcoma","Primary Tumor"
"240",0.0180769230769231,0.894736842105263,0.180561495313393,"Uterine Carcinosarcoma","Primary Tumor"
"241",0.0181730769230769,0.894736842105263,0.180272286256592,"Uterine Carcinosarcoma","Primary Tumor"
"242",0.0182692307692308,0.894736842105263,0.179552119574808,"Uterine Carcinosarcoma","Primary Tumor"
"243",0.0183653846153846,0.894736842105263,0.178321448821344,"Uterine Carcinosarcoma","Primary Tumor"
"244",0.0184615384615385,0.894736842105263,0.177047489120373,"Uterine Carcinosarcoma","Primary Tumor"
"245",0.0185576923076923,0.894736842105263,0.176485297182267,"Uterine Carcinosarcoma","Primary Tumor"
"246",0.0186538461538462,0.894736842105263,0.176220765487436,"Uterine Carcinosarcoma","Primary Tumor"
"247",0.01875,0.894736842105263,0.176073455240054,"Uterine Carcinosarcoma","Primary Tumor"
"248",0.0188461538461538,0.894736842105263,0.175013327703209,"Uterine Carcinosarcoma","Primary Tumor"
"249",0.0189423076923077,0.894736842105263,0.174564146502631,"Uterine Carcinosarcoma","Primary Tumor"
"250",0.0190384615384615,0.894736842105263,0.173979886637354,"Uterine Carcinosarcoma","Primary Tumor"
"251",0.0191346153846154,0.894736842105263,0.173669181550113,"Uterine Carcinosarcoma","Primary Tumor"
"252",0.0192307692307692,0.894736842105263,0.173661380791212,"Uterine Carcinosarcoma","Primary Tumor"
"253",0.0193269230769231,0.894736842105263,0.171723564739165,"Uterine Carcinosarcoma","Primary Tumor"
"254",0.0194230769230769,0.894736842105263,0.170938776574877,"Uterine Carcinosarcoma","Primary Tumor"
"255",0.0195192307692308,0.894736842105263,0.170903192935072,"Uterine Carcinosarcoma","Primary Tumor"
"256",0.0196153846153846,0.894736842105263,0.169801783934458,"Uterine Carcinosarcoma","Primary Tumor"
"257",0.0197115384615385,0.894736842105263,0.16964851137147,"Uterine Carcinosarcoma","Primary Tumor"
"258",0.0198076923076923,0.894736842105263,0.168478238708228,"Uterine Carcinosarcoma","Primary Tumor"
"259",0.0199038461538462,0.894736842105263,0.16840961243384,"Uterine Carcinosarcoma","Primary Tumor"
"260",0.02,0.894736842105263,0.167531544907905,"Uterine Carcinosarcoma","Primary Tumor"
"261",0.0200961538461538,0.894736842105263,0.166470562991056,"Uterine Carcinosarcoma","Primary Tumor"
"262",0.0201923076923077,0.894736842105263,0.16631191076489,"Uterine Carcinosarcoma","Primary Tumor"
"263",0.0202884615384615,0.894736842105263,0.165783630611083,"Uterine Carcinosarcoma","Primary Tumor"
"264",0.0203846153846154,0.894736842105263,0.164286995774975,"Uterine Carcinosarcoma","Primary Tumor"
"265",0.0204807692307692,0.894736842105263,0.164158812375136,"Uterine Carcinosarcoma","Primary Tumor"
"266",0.0205769230769231,0.894736842105263,0.163831395518677,"Uterine Carcinosarcoma","Primary Tumor"
"267",0.0206730769230769,0.894736842105263,0.163206403396229,"Uterine Carcinosarcoma","Primary Tumor"
"268",0.0207692307692308,0.894736842105263,0.161417563563313,"Uterine Carcinosarcoma","Primary Tumor"
"269",0.0208653846153846,0.894736842105263,0.160576733985537,"Uterine Carcinosarcoma","Primary Tumor"
"270",0.0209615384615385,0.894736842105263,0.160428751759626,"Uterine Carcinosarcoma","Primary Tumor"
"271",0.0210576923076923,0.894736842105263,0.159878888158311,"Uterine Carcinosarcoma","Primary Tumor"
"272",0.0211538461538462,0.894736842105263,0.159049748180017,"Uterine Carcinosarcoma","Primary Tumor"
"273",0.02125,0.894736842105263,0.158780502441886,"Uterine Carcinosarcoma","Primary Tumor"
"274",0.0213461538461538,0.894736842105263,0.158780452305898,"Uterine Carcinosarcoma","Primary Tumor"
"275",0.0214423076923077,0.894736842105263,0.158685870751949,"Uterine Carcinosarcoma","Primary Tumor"
"276",0.0215384615384615,0.894736842105263,0.158590143817199,"Uterine Carcinosarcoma","Primary Tumor"
"277",0.0216346153846154,0.894736842105263,0.157859568347936,"Uterine Carcinosarcoma","Primary Tumor"
"278",0.0217307692307692,0.894736842105263,0.157205457760413,"Uterine Carcinosarcoma","Primary Tumor"
"279",0.0218269230769231,0.894736842105263,0.156380832245764,"Uterine Carcinosarcoma","Primary Tumor"
"280",0.0219230769230769,0.894736842105263,0.156374296476851,"Uterine Carcinosarcoma","Primary Tumor"
"281",0.0220192307692308,0.894736842105263,0.15593855723841,"Uterine Carcinosarcoma","Primary Tumor"
"282",0.0221153846153846,0.894736842105263,0.155770476364083,"Uterine Carcinosarcoma","Primary Tumor"
"283",0.0222115384615385,0.894736842105263,0.15558206200898,"Uterine Carcinosarcoma","Primary Tumor"
"284",0.0223076923076923,0.894736842105263,0.155266864329751,"Uterine Carcinosarcoma","Primary Tumor"
"285",0.0224038461538462,0.894736842105263,0.155194109685135,"Uterine Carcinosarcoma","Primary Tumor"
"286",0.0225,0.894736842105263,0.154170788677685,"Uterine Carcinosarcoma","Primary Tumor"
"287",0.0225961538461538,0.894736842105263,0.152102193877762,"Uterine Carcinosarcoma","Primary Tumor"
"288",0.0226923076923077,0.894736842105263,0.151982434632295,"Uterine Carcinosarcoma","Primary Tumor"
"289",0.0227884615384615,0.894736842105263,0.151893154567356,"Uterine Carcinosarcoma","Primary Tumor"
"290",0.0228846153846154,0.894736842105263,0.151809237329707,"Uterine Carcinosarcoma","Primary Tumor"
"291",0.0229807692307692,0.894736842105263,0.15109009258973,"Uterine Carcinosarcoma","Primary Tumor"
"292",0.0230769230769231,0.894736842105263,0.150467405787673,"Uterine Carcinosarcoma","Primary Tumor"
"293",0.0231730769230769,0.894736842105263,0.150365191763394,"Uterine Carcinosarcoma","Primary Tumor"
"294",0.0232692307692308,0.894736842105263,0.149558268378387,"Uterine Carcinosarcoma","Primary Tumor"
"295",0.0233653846153846,0.894736842105263,0.14933176810577,"Uterine Carcinosarcoma","Primary Tumor"
"296",0.0234615384615385,0.894736842105263,0.147168803591926,"Uterine Carcinosarcoma","Primary Tumor"
"297",0.0235576923076923,0.894736842105263,0.146655560139194,"Uterine Carcinosarcoma","Primary Tumor"
"298",0.0236538461538462,0.894736842105263,0.146519918292159,"Uterine Carcinosarcoma","Primary Tumor"
"299",0.02375,0.894736842105263,0.144352715466153,"Uterine Carcinosarcoma","Primary Tumor"
"300",0.0238461538461538,0.894736842105263,0.144103749541766,"Uterine Carcinosarcoma","Primary Tumor"
"301",0.0239423076923077,0.894736842105263,0.143919152385105,"Uterine Carcinosarcoma","Primary Tumor"
"302",0.0240384615384615,0.894736842105263,0.143285978893115,"Uterine Carcinosarcoma","Primary Tumor"
"303",0.0241346153846154,0.894736842105263,0.142768163339992,"Uterine Carcinosarcoma","Primary Tumor"
"304",0.0242307692307692,0.894736842105263,0.142591341212352,"Uterine Carcinosarcoma","Primary Tumor"
"305",0.0243269230769231,0.894736842105263,0.14249357748762,"Uterine Carcinosarcoma","Primary Tumor"
"306",0.0244230769230769,0.894736842105263,0.142178752804093,"Uterine Carcinosarcoma","Primary Tumor"
"307",0.0245192307692308,0.894736842105263,0.141879126785864,"Uterine Carcinosarcoma","Primary Tumor"
"308",0.0246153846153846,0.894736842105263,0.14160095624886,"Uterine Carcinosarcoma","Primary Tumor"
"309",0.0247115384615385,0.894736842105263,0.141515781338899,"Uterine Carcinosarcoma","Primary Tumor"
"310",0.0248076923076923,0.894736842105263,0.14054996390818,"Uterine Carcinosarcoma","Primary Tumor"
"311",0.0249038461538462,0.894736842105263,0.140305463985072,"Uterine Carcinosarcoma","Primary Tumor"
"312",0.025,0.894736842105263,0.13963426212691,"Uterine Carcinosarcoma","Primary Tumor"
"313",0.0250961538461538,0.894736842105263,0.139067205329975,"Uterine Carcinosarcoma","Primary Tumor"
"314",0.0250961538461538,0.912280701754386,0.138887043019494,"Uterine Carcinosarcoma","Primary Tumor"
"315",0.0251923076923077,0.912280701754386,0.138167076185904,"Uterine Carcinosarcoma","Primary Tumor"
"316",0.0252884615384615,0.912280701754386,0.137956074277343,"Uterine Carcinosarcoma","Primary Tumor"
"317",0.0253846153846154,0.912280701754386,0.137412068934504,"Uterine Carcinosarcoma","Primary Tumor"
"318",0.0254807692307692,0.912280701754386,0.137140673186571,"Uterine Carcinosarcoma","Primary Tumor"
"319",0.0255769230769231,0.912280701754386,0.13682426189067,"Uterine Carcinosarcoma","Primary Tumor"
"320",0.0256730769230769,0.912280701754386,0.135947064733925,"Uterine Carcinosarcoma","Primary Tumor"
"321",0.0257692307692308,0.912280701754386,0.134632082522897,"Uterine Carcinosarcoma","Primary Tumor"
"322",0.0258653846153846,0.912280701754386,0.133370758126538,"Uterine Carcinosarcoma","Primary Tumor"
"323",0.0259615384615385,0.912280701754386,0.133119172114706,"Uterine Carcinosarcoma","Primary Tumor"
"324",0.0260576923076923,0.912280701754386,0.132954087136127,"Uterine Carcinosarcoma","Primary Tumor"
"325",0.0261538461538462,0.912280701754386,0.132258975359851,"Uterine Carcinosarcoma","Primary Tumor"
"326",0.02625,0.912280701754386,0.131542221869587,"Uterine Carcinosarcoma","Primary Tumor"
"327",0.0263461538461538,0.912280701754386,0.131054013423614,"Uterine Carcinosarcoma","Primary Tumor"
"328",0.0264423076923077,0.912280701754386,0.131028105998305,"Uterine Carcinosarcoma","Primary Tumor"
"329",0.0265384615384615,0.912280701754386,0.130165184997443,"Uterine Carcinosarcoma","Primary Tumor"
"330",0.0266346153846154,0.912280701754386,0.130144519457678,"Uterine Carcinosarcoma","Primary Tumor"
"331",0.0267307692307692,0.912280701754386,0.129366011062073,"Uterine Carcinosarcoma","Primary Tumor"
"332",0.0268269230769231,0.912280701754386,0.128972882901603,"Uterine Carcinosarcoma","Primary Tumor"
"333",0.0269230769230769,0.912280701754386,0.128640256435422,"Uterine Carcinosarcoma","Primary Tumor"
"334",0.0270192307692308,0.912280701754386,0.128515168994615,"Uterine Carcinosarcoma","Primary Tumor"
"335",0.0271153846153846,0.912280701754386,0.128426586086121,"Uterine Carcinosarcoma","Primary Tumor"
"336",0.0272115384615385,0.912280701754386,0.128393012489834,"Uterine Carcinosarcoma","Primary Tumor"
"337",0.0273076923076923,0.912280701754386,0.128106773128982,"Uterine Carcinosarcoma","Primary Tumor"
"338",0.0274038461538462,0.912280701754386,0.127271342426454,"Uterine Carcinosarcoma","Primary Tumor"
"339",0.0275,0.912280701754386,0.126553379240712,"Uterine Carcinosarcoma","Primary Tumor"
"340",0.0275961538461538,0.912280701754386,0.1258496881633,"Uterine Carcinosarcoma","Primary Tumor"
"341",0.0276923076923077,0.912280701754386,0.125651560643253,"Uterine Carcinosarcoma","Primary Tumor"
"342",0.0277884615384615,0.912280701754386,0.125459395013722,"Uterine Carcinosarcoma","Primary Tumor"
"343",0.0278846153846154,0.912280701754386,0.124924494352377,"Uterine Carcinosarcoma","Primary Tumor"
"344",0.0279807692307692,0.912280701754386,0.124890080765797,"Uterine Carcinosarcoma","Primary Tumor"
"345",0.0280769230769231,0.912280701754386,0.123483734822141,"Uterine Carcinosarcoma","Primary Tumor"
"346",0.0281730769230769,0.912280701754386,0.123423252005849,"Uterine Carcinosarcoma","Primary Tumor"
"347",0.0282692307692308,0.912280701754386,0.123372851549619,"Uterine Carcinosarcoma","Primary Tumor"
"348",0.0283653846153846,0.912280701754386,0.122845225984305,"Uterine Carcinosarcoma","Primary Tumor"
"349",0.0284615384615385,0.912280701754386,0.121578203403859,"Uterine Carcinosarcoma","Primary Tumor"
"350",0.0285576923076923,0.912280701754386,0.120265746711165,"Uterine Carcinosarcoma","Primary Tumor"
"351",0.0286538461538462,0.912280701754386,0.118829957091923,"Uterine Carcinosarcoma","Primary Tumor"
"352",0.02875,0.912280701754386,0.118331913350201,"Uterine Carcinosarcoma","Primary Tumor"
"353",0.0288461538461538,0.912280701754386,0.117554405621401,"Uterine Carcinosarcoma","Primary Tumor"
"354",0.0289423076923077,0.912280701754386,0.117273959872743,"Uterine Carcinosarcoma","Primary Tumor"
"355",0.0290384615384615,0.912280701754386,0.117273535998615,"Uterine Carcinosarcoma","Primary Tumor"
"356",0.0291346153846154,0.912280701754386,0.116567159553899,"Uterine Carcinosarcoma","Primary Tumor"
"357",0.0292307692307692,0.912280701754386,0.115795485678247,"Uterine Carcinosarcoma","Primary Tumor"
"358",0.0293269230769231,0.912280701754386,0.115584733744284,"Uterine Carcinosarcoma","Primary Tumor"
"359",0.0294230769230769,0.912280701754386,0.115566703128612,"Uterine Carcinosarcoma","Primary Tumor"
"360",0.0295192307692308,0.912280701754386,0.115399158472368,"Uterine Carcinosarcoma","Primary Tumor"
"361",0.0296153846153846,0.912280701754386,0.114915026011645,"Uterine Carcinosarcoma","Primary Tumor"
"362",0.0297115384615385,0.912280701754386,0.112917491301749,"Uterine Carcinosarcoma","Primary Tumor"
"363",0.0298076923076923,0.912280701754386,0.112765766958379,"Uterine Carcinosarcoma","Primary Tumor"
"364",0.0299038461538462,0.912280701754386,0.112619566625938,"Uterine Carcinosarcoma","Primary Tumor"
"365",0.03,0.912280701754386,0.112602291967712,"Uterine Carcinosarcoma","Primary Tumor"
"366",0.0300961538461538,0.912280701754386,0.112413752318903,"Uterine Carcinosarcoma","Primary Tumor"
"367",0.0301923076923077,0.912280701754386,0.110245644930358,"Uterine Carcinosarcoma","Primary Tumor"
"368",0.0302884615384615,0.912280701754386,0.110123830285619,"Uterine Carcinosarcoma","Primary Tumor"
"369",0.0303846153846154,0.912280701754386,0.109959415456301,"Uterine Carcinosarcoma","Primary Tumor"
"370",0.0304807692307692,0.912280701754386,0.109659506774172,"Uterine Carcinosarcoma","Primary Tumor"
"371",0.0305769230769231,0.912280701754386,0.10910635300968,"Uterine Carcinosarcoma","Primary Tumor"
"372",0.0306730769230769,0.912280701754386,0.109102680463959,"Uterine Carcinosarcoma","Primary Tumor"
"373",0.0307692307692308,0.912280701754386,0.108682930386878,"Uterine Carcinosarcoma","Primary Tumor"
"374",0.0308653846153846,0.912280701754386,0.107521145863023,"Uterine Carcinosarcoma","Primary Tumor"
"375",0.0309615384615385,0.912280701754386,0.106559689499362,"Uterine Carcinosarcoma","Primary Tumor"
"376",0.0310576923076923,0.912280701754386,0.106380438735166,"Uterine Carcinosarcoma","Primary Tumor"
"377",0.0311538461538462,0.912280701754386,0.105743726167876,"Uterine Carcinosarcoma","Primary Tumor"
"378",0.03125,0.912280701754386,0.103816710310483,"Uterine Carcinosarcoma","Primary Tumor"
"379",0.0313461538461538,0.912280701754386,0.103691742844455,"Uterine Carcinosarcoma","Primary Tumor"
"380",0.0314423076923077,0.912280701754386,0.103511313681149,"Uterine Carcinosarcoma","Primary Tumor"
"381",0.0315384615384615,0.912280701754386,0.102897594781208,"Uterine Carcinosarcoma","Primary Tumor"
"382",0.0316346153846154,0.912280701754386,0.102596763921145,"Uterine Carcinosarcoma","Primary Tumor"
"383",0.0317307692307692,0.912280701754386,0.102470903545904,"Uterine Carcinosarcoma","Primary Tumor"
"384",0.0318269230769231,0.912280701754386,0.10217929292317,"Uterine Carcinosarcoma","Primary Tumor"
"385",0.0319230769230769,0.912280701754386,0.102073940217912,"Uterine Carcinosarcoma","Primary Tumor"
"386",0.0320192307692308,0.912280701754386,0.102022878996964,"Uterine Carcinosarcoma","Primary Tumor"
"387",0.0321153846153846,0.912280701754386,0.10144939016062,"Uterine Carcinosarcoma","Primary Tumor"
"388",0.0322115384615385,0.912280701754386,0.101349709658729,"Uterine Carcinosarcoma","Primary Tumor"
"389",0.0323076923076923,0.912280701754386,0.101082248888935,"Uterine Carcinosarcoma","Primary Tumor"
"390",0.0324038461538462,0.912280701754386,0.101043963217003,"Uterine Carcinosarcoma","Primary Tumor"
"391",0.0325,0.912280701754386,0.100701723135438,"Uterine Carcinosarcoma","Primary Tumor"
"392",0.0325961538461538,0.912280701754386,0.100689482871807,"Uterine Carcinosarcoma","Primary Tumor"
"393",0.0326923076923077,0.912280701754386,0.100597382212547,"Uterine Carcinosarcoma","Primary Tumor"
"394",0.0327884615384615,0.912280701754386,0.100031109607505,"Uterine Carcinosarcoma","Primary Tumor"
"395",0.0328846153846154,0.912280701754386,0.0998428850697886,"Uterine Carcinosarcoma","Primary Tumor"
"396",0.0329807692307692,0.912280701754386,0.0993107600871481,"Uterine Carcinosarcoma","Primary Tumor"
"397",0.0330769230769231,0.912280701754386,0.0990988192166166,"Uterine Carcinosarcoma","Primary Tumor"
"398",0.0331730769230769,0.912280701754386,0.0990509982132962,"Uterine Carcinosarcoma","Primary Tumor"
"399",0.0332692307692308,0.912280701754386,0.0989208701526223,"Uterine Carcinosarcoma","Primary Tumor"
"400",0.0333653846153846,0.912280701754386,0.0980719494238527,"Uterine Carcinosarcoma","Primary Tumor"
"401",0.0334615384615385,0.912280701754386,0.0980150540315574,"Uterine Carcinosarcoma","Primary Tumor"
"402",0.0335576923076923,0.912280701754386,0.0978294687139915,"Uterine Carcinosarcoma","Primary Tumor"
"403",0.0336538461538462,0.912280701754386,0.0971149742695644,"Uterine Carcinosarcoma","Primary Tumor"
"404",0.03375,0.912280701754386,0.0966721405071217,"Uterine Carcinosarcoma","Primary Tumor"
"405",0.0338461538461538,0.912280701754386,0.0965233217504239,"Uterine Carcinosarcoma","Primary Tumor"
"406",0.0339423076923077,0.912280701754386,0.0965136177937153,"Uterine Carcinosarcoma","Primary Tumor"
"407",0.0340384615384615,0.912280701754386,0.096481104533537,"Uterine Carcinosarcoma","Primary Tumor"
"408",0.0341346153846154,0.912280701754386,0.0961409592462426,"Uterine Carcinosarcoma","Primary Tumor"
"409",0.0342307692307692,0.912280701754386,0.095565298517677,"Uterine Carcinosarcoma","Primary Tumor"
"410",0.0343269230769231,0.912280701754386,0.0951973096395109,"Uterine Carcinosarcoma","Primary Tumor"
"411",0.0344230769230769,0.912280701754386,0.0949873974728412,"Uterine Carcinosarcoma","Primary Tumor"
"412",0.0345192307692308,0.912280701754386,0.0938214013146546,"Uterine Carcinosarcoma","Primary Tumor"
"413",0.0346153846153846,0.912280701754386,0.0936427167904675,"Uterine Carcinosarcoma","Primary Tumor"
"414",0.0347115384615385,0.912280701754386,0.0936345678279076,"Uterine Carcinosarcoma","Primary Tumor"
"415",0.0348076923076923,0.912280701754386,0.0933024052893663,"Uterine Carcinosarcoma","Primary Tumor"
"416",0.0349038461538462,0.912280701754386,0.093196765496747,"Uterine Carcinosarcoma","Primary Tumor"
"417",0.035,0.912280701754386,0.0930295258064777,"Uterine Carcinosarcoma","Primary Tumor"
"418",0.0350961538461538,0.912280701754386,0.0925060984890316,"Uterine Carcinosarcoma","Primary Tumor"
"419",0.0351923076923077,0.912280701754386,0.0923577774401095,"Uterine Carcinosarcoma","Primary Tumor"
"420",0.0352884615384615,0.912280701754386,0.0922128262310096,"Uterine Carcinosarcoma","Primary Tumor"
"421",0.0353846153846154,0.912280701754386,0.091868464703711,"Uterine Carcinosarcoma","Primary Tumor"
"422",0.0354807692307692,0.912280701754386,0.0906473645920316,"Uterine Carcinosarcoma","Primary Tumor"
"423",0.0355769230769231,0.912280701754386,0.0902293483129563,"Uterine Carcinosarcoma","Primary Tumor"
"424",0.0356730769230769,0.912280701754386,0.0901934036589682,"Uterine Carcinosarcoma","Primary Tumor"
"425",0.0357692307692308,0.912280701754386,0.0900968281715915,"Uterine Carcinosarcoma","Primary Tumor"
"426",0.0358653846153846,0.912280701754386,0.0899525483348137,"Uterine Carcinosarcoma","Primary Tumor"
"427",0.0359615384615385,0.912280701754386,0.0896318877292362,"Uterine Carcinosarcoma","Primary Tumor"
"428",0.0360576923076923,0.912280701754386,0.0895977378083247,"Uterine Carcinosarcoma","Primary Tumor"
"429",0.0361538461538462,0.912280701754386,0.0892448115742241,"Uterine Carcinosarcoma","Primary Tumor"
"430",0.03625,0.912280701754386,0.0888438733301553,"Uterine Carcinosarcoma","Primary Tumor"
"431",0.0363461538461538,0.912280701754386,0.0886567277203486,"Uterine Carcinosarcoma","Primary Tumor"
"432",0.0364423076923077,0.912280701754386,0.0885642471968707,"Uterine Carcinosarcoma","Primary Tumor"
"433",0.0365384615384615,0.912280701754386,0.088563904424253,"Uterine Carcinosarcoma","Primary Tumor"
"434",0.0366346153846154,0.912280701754386,0.0884347080930776,"Uterine Carcinosarcoma","Primary Tumor"
"435",0.0367307692307692,0.912280701754386,0.0883400941420566,"Uterine Carcinosarcoma","Primary Tumor"
"436",0.0368269230769231,0.912280701754386,0.0881598071635585,"Uterine Carcinosarcoma","Primary Tumor"
"437",0.0369230769230769,0.912280701754386,0.0879705317757591,"Uterine Carcinosarcoma","Primary Tumor"
"438",0.0370192307692308,0.912280701754386,0.0873543672378131,"Uterine Carcinosarcoma","Primary Tumor"
"439",0.0371153846153846,0.912280701754386,0.0871161003525615,"Uterine Carcinosarcoma","Primary Tumor"
"440",0.0372115384615385,0.912280701754386,0.0866150843061265,"Uterine Carcinosarcoma","Primary Tumor"
"441",0.0373076923076923,0.912280701754386,0.0861966846515141,"Uterine Carcinosarcoma","Primary Tumor"
"442",0.0374038461538462,0.912280701754386,0.0857523313518774,"Uterine Carcinosarcoma","Primary Tumor"
"443",0.0375,0.912280701754386,0.0851982692149775,"Uterine Carcinosarcoma","Primary Tumor"
"444",0.0375961538461538,0.912280701754386,0.084342033735347,"Uterine Carcinosarcoma","Primary Tumor"
"445",0.0376923076923077,0.912280701754386,0.0842170325339008,"Uterine Carcinosarcoma","Primary Tumor"
"446",0.0377884615384615,0.912280701754386,0.0840965773538528,"Uterine Carcinosarcoma","Primary Tumor"
"447",0.0378846153846154,0.912280701754386,0.0838364826007743,"Uterine Carcinosarcoma","Primary Tumor"
"448",0.0379807692307692,0.912280701754386,0.0835213561010828,"Uterine Carcinosarcoma","Primary Tumor"
"449",0.0380769230769231,0.912280701754386,0.0833333198939121,"Uterine Carcinosarcoma","Primary Tumor"
"450",0.0381730769230769,0.912280701754386,0.0826714183466729,"Uterine Carcinosarcoma","Primary Tumor"
"451",0.0382692307692308,0.912280701754386,0.0826205398351018,"Uterine Carcinosarcoma","Primary Tumor"
"452",0.0383653846153846,0.912280701754386,0.0824759164815402,"Uterine Carcinosarcoma","Primary Tumor"
"453",0.0384615384615385,0.912280701754386,0.0821144487654565,"Uterine Carcinosarcoma","Primary Tumor"
"454",0.0385576923076923,0.912280701754386,0.0817462166667656,"Uterine Carcinosarcoma","Primary Tumor"
"455",0.0386538461538462,0.912280701754386,0.0817300179787687,"Uterine Carcinosarcoma","Primary Tumor"
"456",0.03875,0.912280701754386,0.0815552071910113,"Uterine Carcinosarcoma","Primary Tumor"
"457",0.0388461538461538,0.912280701754386,0.0813426326258275,"Uterine Carcinosarcoma","Primary Tumor"
"458",0.0389423076923077,0.912280701754386,0.0809566250642945,"Uterine Carcinosarcoma","Primary Tumor"
"459",0.0390384615384615,0.912280701754386,0.0808645462345411,"Uterine Carcinosarcoma","Primary Tumor"
"460",0.0391346153846154,0.912280701754386,0.0805593387162541,"Uterine Carcinosarcoma","Primary Tumor"
"461",0.0392307692307692,0.912280701754386,0.0805430779071401,"Uterine Carcinosarcoma","Primary Tumor"
"462",0.0393269230769231,0.912280701754386,0.0802489090804718,"Uterine Carcinosarcoma","Primary Tumor"
"463",0.0394230769230769,0.912280701754386,0.0801685272134233,"Uterine Carcinosarcoma","Primary Tumor"
"464",0.0395192307692308,0.912280701754386,0.0800841271473016,"Uterine Carcinosarcoma","Primary Tumor"
"465",0.0396153846153846,0.912280701754386,0.0799315035404982,"Uterine Carcinosarcoma","Primary Tumor"
"466",0.0397115384615385,0.912280701754386,0.0797340524403366,"Uterine Carcinosarcoma","Primary Tumor"
"467",0.0398076923076923,0.912280701754386,0.0795672480098953,"Uterine Carcinosarcoma","Primary Tumor"
"468",0.0399038461538462,0.912280701754386,0.0794745264245714,"Uterine Carcinosarcoma","Primary Tumor"
"469",0.04,0.912280701754386,0.0791256725395685,"Uterine Carcinosarcoma","Primary Tumor"
"470",0.0400961538461538,0.912280701754386,0.0787466857207922,"Uterine Carcinosarcoma","Primary Tumor"
"471",0.0401923076923077,0.912280701754386,0.0784672066972103,"Uterine Carcinosarcoma","Primary Tumor"
"472",0.0402884615384615,0.912280701754386,0.078423396228972,"Uterine Carcinosarcoma","Primary Tumor"
"473",0.0403846153846154,0.912280701754386,0.0769885672069872,"Uterine Carcinosarcoma","Primary Tumor"
"474",0.0404807692307692,0.912280701754386,0.0767437965441488,"Uterine Carcinosarcoma","Primary Tumor"
"475",0.0405769230769231,0.912280701754386,0.0760742334332934,"Uterine Carcinosarcoma","Primary Tumor"
"476",0.0406730769230769,0.912280701754386,0.0757416132149612,"Uterine Carcinosarcoma","Primary Tumor"
"477",0.0407692307692308,0.912280701754386,0.0749868298600209,"Uterine Carcinosarcoma","Primary Tumor"
"478",0.0408653846153846,0.912280701754386,0.0744286577001851,"Uterine Carcinosarcoma","Primary Tumor"
"479",0.0409615384615385,0.912280701754386,0.07433516420548,"Uterine Carcinosarcoma","Primary Tumor"
"480",0.0410576923076923,0.912280701754386,0.07425610318572,"Uterine Carcinosarcoma","Primary Tumor"
"481",0.0411538461538462,0.912280701754386,0.0742538711108763,"Uterine Carcinosarcoma","Primary Tumor"
"482",0.04125,0.912280701754386,0.0741553232228308,"Uterine Carcinosarcoma","Primary Tumor"
"483",0.0413461538461538,0.912280701754386,0.0736885722770424,"Uterine Carcinosarcoma","Primary Tumor"
"484",0.0414423076923077,0.912280701754386,0.0733562914909732,"Uterine Carcinosarcoma","Primary Tumor"
"485",0.0415384615384615,0.912280701754386,0.0729349074068558,"Uterine Carcinosarcoma","Primary Tumor"
"486",0.0416346153846154,0.912280701754386,0.0727022293207348,"Uterine Carcinosarcoma","Primary Tumor"
"487",0.0417307692307692,0.912280701754386,0.0726271191471325,"Uterine Carcinosarcoma","Primary Tumor"
"488",0.0418269230769231,0.912280701754386,0.0721220822355829,"Uterine Carcinosarcoma","Primary Tumor"
"489",0.0419230769230769,0.912280701754386,0.0718496941391678,"Uterine Carcinosarcoma","Primary Tumor"
"490",0.0420192307692308,0.912280701754386,0.0713399039188881,"Uterine Carcinosarcoma","Primary Tumor"
"491",0.0421153846153846,0.912280701754386,0.0713173247337455,"Uterine Carcinosarcoma","Primary Tumor"
"492",0.0422115384615385,0.912280701754386,0.0708993722256499,"Uterine Carcinosarcoma","Primary Tumor"
"493",0.0423076923076923,0.912280701754386,0.070858128320167,"Uterine Carcinosarcoma","Primary Tumor"
"494",0.0424038461538462,0.912280701754386,0.0706723434084995,"Uterine Carcinosarcoma","Primary Tumor"
"495",0.0425,0.912280701754386,0.070227010727661,"Uterine Carcinosarcoma","Primary Tumor"
"496",0.0425961538461538,0.912280701754386,0.0700289499314987,"Uterine Carcinosarcoma","Primary Tumor"
"497",0.0426923076923077,0.912280701754386,0.0699302400492615,"Uterine Carcinosarcoma","Primary Tumor"
"498",0.0427884615384615,0.912280701754386,0.0695067608066504,"Uterine Carcinosarcoma","Primary Tumor"
"499",0.0428846153846154,0.912280701754386,0.0694695365504787,"Uterine Carcinosarcoma","Primary Tumor"
"500",0.0429807692307692,0.912280701754386,0.0692869018335199,"Uterine Carcinosarcoma","Primary Tumor"
"501",0.0430769230769231,0.912280701754386,0.0691961917874592,"Uterine Carcinosarcoma","Primary Tumor"
"502",0.0431730769230769,0.912280701754386,0.0690969870769251,"Uterine Carcinosarcoma","Primary Tumor"
"503",0.0432692307692308,0.912280701754386,0.0690677549357264,"Uterine Carcinosarcoma","Primary Tumor"
"504",0.0433653846153846,0.912280701754386,0.0688873519173836,"Uterine Carcinosarcoma","Primary Tumor"
"505",0.0434615384615385,0.912280701754386,0.0688421357004602,"Uterine Carcinosarcoma","Primary Tumor"
"506",0.0435576923076923,0.912280701754386,0.0687729078924826,"Uterine Carcinosarcoma","Primary Tumor"
"507",0.0436538461538462,0.912280701754386,0.0686113990376681,"Uterine Carcinosarcoma","Primary Tumor"
"508",0.04375,0.912280701754386,0.0685361725947722,"Uterine Carcinosarcoma","Primary Tumor"
"509",0.0438461538461538,0.912280701754386,0.0685146060113346,"Uterine Carcinosarcoma","Primary Tumor"
"510",0.0439423076923077,0.912280701754386,0.0681849696960264,"Uterine Carcinosarcoma","Primary Tumor"
"511",0.0440384615384615,0.912280701754386,0.0681318530550994,"Uterine Carcinosarcoma","Primary Tumor"
"512",0.0441346153846154,0.912280701754386,0.0679423413561044,"Uterine Carcinosarcoma","Primary Tumor"
"513",0.0442307692307692,0.912280701754386,0.0675120051541396,"Uterine Carcinosarcoma","Primary Tumor"
"514",0.0443269230769231,0.912280701754386,0.0673779822864266,"Uterine Carcinosarcoma","Primary Tumor"
"515",0.0444230769230769,0.912280701754386,0.0672133592808118,"Uterine Carcinosarcoma","Primary Tumor"
"516",0.0445192307692308,0.912280701754386,0.0671842386707393,"Uterine Carcinosarcoma","Primary Tumor"
"517",0.0446153846153846,0.912280701754386,0.0670268865014656,"Uterine Carcinosarcoma","Primary Tumor"
"518",0.0447115384615385,0.912280701754386,0.0667196186758732,"Uterine Carcinosarcoma","Primary Tumor"
"519",0.0448076923076923,0.912280701754386,0.066672698725997,"Uterine Carcinosarcoma","Primary Tumor"
"520",0.0449038461538462,0.912280701754386,0.0666626114746811,"Uterine Carcinosarcoma","Primary Tumor"
"521",0.045,0.912280701754386,0.0650442360997076,"Uterine Carcinosarcoma","Primary Tumor"
"522",0.0450961538461538,0.912280701754386,0.0649090157808575,"Uterine Carcinosarcoma","Primary Tumor"
"523",0.0451923076923077,0.912280701754386,0.0647988528791403,"Uterine Carcinosarcoma","Primary Tumor"
"524",0.0452884615384615,0.912280701754386,0.0644388853777752,"Uterine Carcinosarcoma","Primary Tumor"
"525",0.0453846153846154,0.912280701754386,0.0643565213063531,"Uterine Carcinosarcoma","Primary Tumor"
"526",0.0454807692307692,0.912280701754386,0.0638722741405796,"Uterine Carcinosarcoma","Primary Tumor"
"527",0.0455769230769231,0.912280701754386,0.0635887440120966,"Uterine Carcinosarcoma","Primary Tumor"
"528",0.0456730769230769,0.912280701754386,0.0635072687371402,"Uterine Carcinosarcoma","Primary Tumor"
"529",0.0457692307692308,0.912280701754386,0.0635016037759552,"Uterine Carcinosarcoma","Primary Tumor"
"530",0.0458653846153846,0.912280701754386,0.0630803716255112,"Uterine Carcinosarcoma","Primary Tumor"
"531",0.0459615384615385,0.912280701754386,0.0624480296249148,"Uterine Carcinosarcoma","Primary Tumor"
"532",0.0460576923076923,0.912280701754386,0.0624440089877251,"Uterine Carcinosarcoma","Primary Tumor"
"533",0.0461538461538462,0.912280701754386,0.062392940045034,"Uterine Carcinosarcoma","Primary Tumor"
"534",0.04625,0.912280701754386,0.0622665535865533,"Uterine Carcinosarcoma","Primary Tumor"
"535",0.0463461538461538,0.912280701754386,0.0621291116703038,"Uterine Carcinosarcoma","Primary Tumor"
"536",0.0464423076923077,0.912280701754386,0.062120284228624,"Uterine Carcinosarcoma","Primary Tumor"
"537",0.0465384615384615,0.912280701754386,0.0620742869882325,"Uterine Carcinosarcoma","Primary Tumor"
"538",0.0466346153846154,0.912280701754386,0.0619806035796348,"Uterine Carcinosarcoma","Primary Tumor"
"539",0.0467307692307692,0.912280701754386,0.0619110772117398,"Uterine Carcinosarcoma","Primary Tumor"
"540",0.0468269230769231,0.912280701754386,0.0617760102237265,"Uterine Carcinosarcoma","Primary Tumor"
"541",0.0469230769230769,0.912280701754386,0.061311402975918,"Uterine Carcinosarcoma","Primary Tumor"
"542",0.0470192307692308,0.912280701754386,0.0608928606464714,"Uterine Carcinosarcoma","Primary Tumor"
"543",0.0471153846153846,0.912280701754386,0.0607896620198354,"Uterine Carcinosarcoma","Primary Tumor"
"544",0.0472115384615385,0.912280701754386,0.0606437121252332,"Uterine Carcinosarcoma","Primary Tumor"
"545",0.0473076923076923,0.912280701754386,0.0605439325168142,"Uterine Carcinosarcoma","Primary Tumor"
"546",0.0474038461538462,0.912280701754386,0.0605179040272219,"Uterine Carcinosarcoma","Primary Tumor"
"547",0.0475,0.912280701754386,0.0604793930850082,"Uterine Carcinosarcoma","Primary Tumor"
"548",0.0475961538461538,0.912280701754386,0.0604732250838715,"Uterine Carcinosarcoma","Primary Tumor"
"549",0.0476923076923077,0.912280701754386,0.0603745590036524,"Uterine Carcinosarcoma","Primary Tumor"
"550",0.0477884615384615,0.912280701754386,0.0601445267452795,"Uterine Carcinosarcoma","Primary Tumor"
"551",0.0478846153846154,0.912280701754386,0.059907466779474,"Uterine Carcinosarcoma","Primary Tumor"
"552",0.0479807692307692,0.912280701754386,0.0597319228059047,"Uterine Carcinosarcoma","Primary Tumor"
"553",0.0480769230769231,0.912280701754386,0.0595132620325665,"Uterine Carcinosarcoma","Primary Tumor"
"554",0.0481730769230769,0.912280701754386,0.0594944067577069,"Uterine Carcinosarcoma","Primary Tumor"
"555",0.0482692307692308,0.912280701754386,0.0592473562867084,"Uterine Carcinosarcoma","Primary Tumor"
"556",0.0483653846153846,0.912280701754386,0.0592144358340164,"Uterine Carcinosarcoma","Primary Tumor"
"557",0.0484615384615385,0.912280701754386,0.058922333561075,"Uterine Carcinosarcoma","Primary Tumor"
"558",0.0485576923076923,0.912280701754386,0.0587169856174641,"Uterine Carcinosarcoma","Primary Tumor"
"559",0.0486538461538462,0.912280701754386,0.0584685321031359,"Uterine Carcinosarcoma","Primary Tumor"
"560",0.04875,0.912280701754386,0.0581122832785924,"Uterine Carcinosarcoma","Primary Tumor"
"561",0.0488461538461538,0.912280701754386,0.0580819325354945,"Uterine Carcinosarcoma","Primary Tumor"
"562",0.0489423076923077,0.912280701754386,0.0577574285045788,"Uterine Carcinosarcoma","Primary Tumor"
"563",0.0490384615384615,0.912280701754386,0.057728143920549,"Uterine Carcinosarcoma","Primary Tumor"
"564",0.0491346153846154,0.912280701754386,0.0576197623874055,"Uterine Carcinosarcoma","Primary Tumor"
"565",0.0492307692307692,0.912280701754386,0.0574699886164342,"Uterine Carcinosarcoma","Primary Tumor"
"566",0.0493269230769231,0.912280701754386,0.0574164609512198,"Uterine Carcinosarcoma","Primary Tumor"
"567",0.0494230769230769,0.912280701754386,0.0573938543424652,"Uterine Carcinosarcoma","Primary Tumor"
"568",0.0495192307692308,0.912280701754386,0.0567694364575809,"Uterine Carcinosarcoma","Primary Tumor"
"569",0.0496153846153846,0.912280701754386,0.0566805103078566,"Uterine Carcinosarcoma","Primary Tumor"
"570",0.0497115384615385,0.912280701754386,0.0566639106141157,"Uterine Carcinosarcoma","Primary Tumor"
"571",0.0498076923076923,0.912280701754386,0.0565745291422517,"Uterine Carcinosarcoma","Primary Tumor"
"572",0.0499038461538462,0.912280701754386,0.0564350837014393,"Uterine Carcinosarcoma","Primary Tumor"
"573",0.05,0.912280701754386,0.0564147197611179,"Uterine Carcinosarcoma","Primary Tumor"
"574",0.0500961538461538,0.912280701754386,0.0560059364288793,"Uterine Carcinosarcoma","Primary Tumor"
"575",0.0501923076923077,0.912280701754386,0.0558561337442471,"Uterine Carcinosarcoma","Primary Tumor"
"576",0.0502884615384615,0.912280701754386,0.0555642310101832,"Uterine Carcinosarcoma","Primary Tumor"
"577",0.0503846153846154,0.912280701754386,0.0555521281063545,"Uterine Carcinosarcoma","Primary Tumor"
"578",0.0504807692307692,0.912280701754386,0.0555512337479684,"Uterine Carcinosarcoma","Primary Tumor"
"579",0.0505769230769231,0.912280701754386,0.0554257356498469,"Uterine Carcinosarcoma","Primary Tumor"
"580",0.0506730769230769,0.912280701754386,0.0553226205714773,"Uterine Carcinosarcoma","Primary Tumor"
"581",0.0507692307692308,0.912280701754386,0.0551812446431377,"Uterine Carcinosarcoma","Primary Tumor"
"582",0.0508653846153846,0.912280701754386,0.0551386146651771,"Uterine Carcinosarcoma","Primary Tumor"
"583",0.0509615384615385,0.912280701754386,0.0551138599099413,"Uterine Carcinosarcoma","Primary Tumor"
"584",0.0510576923076923,0.912280701754386,0.0549446336129118,"Uterine Carcinosarcoma","Primary Tumor"
"585",0.0511538461538462,0.912280701754386,0.0548861067734564,"Uterine Carcinosarcoma","Primary Tumor"
"586",0.05125,0.912280701754386,0.0547701704763156,"Uterine Carcinosarcoma","Primary Tumor"
"587",0.0513461538461538,0.912280701754386,0.0547177733070208,"Uterine Carcinosarcoma","Primary Tumor"
"588",0.0514423076923077,0.912280701754386,0.0545557383462634,"Uterine Carcinosarcoma","Primary Tumor"
"589",0.0515384615384615,0.912280701754386,0.0545042420534223,"Uterine Carcinosarcoma","Primary Tumor"
"590",0.0516346153846154,0.912280701754386,0.0542033167446299,"Uterine Carcinosarcoma","Primary Tumor"
"591",0.0517307692307692,0.912280701754386,0.0541058520034462,"Uterine Carcinosarcoma","Primary Tumor"
"592",0.0518269230769231,0.912280701754386,0.0539314453392273,"Uterine Carcinosarcoma","Primary Tumor"
"593",0.0519230769230769,0.912280701754386,0.0536452293330887,"Uterine Carcinosarcoma","Primary Tumor"
"594",0.0520192307692308,0.912280701754386,0.0534375641375082,"Uterine Carcinosarcoma","Primary Tumor"
"595",0.0521153846153846,0.912280701754386,0.053347468695207,"Uterine Carcinosarcoma","Primary Tumor"
"596",0.0522115384615385,0.912280701754386,0.0531955548862562,"Uterine Carcinosarcoma","Primary Tumor"
"597",0.0523076923076923,0.912280701754386,0.0531443529333638,"Uterine Carcinosarcoma","Primary Tumor"
"598",0.0524038461538462,0.912280701754386,0.0531401518715203,"Uterine Carcinosarcoma","Primary Tumor"
"599",0.0525,0.912280701754386,0.052842531667706,"Uterine Carcinosarcoma","Primary Tumor"
"600",0.0525961538461538,0.912280701754386,0.0528407018459355,"Uterine Carcinosarcoma","Primary Tumor"
"601",0.0526923076923077,0.912280701754386,0.0527422564516451,"Uterine Carcinosarcoma","Primary Tumor"
"602",0.0527884615384615,0.912280701754386,0.0527368706484441,"Uterine Carcinosarcoma","Primary Tumor"
"603",0.0528846153846154,0.912280701754386,0.0524630222910292,"Uterine Carcinosarcoma","Primary Tumor"
"604",0.0529807692307692,0.912280701754386,0.0524374772373721,"Uterine Carcinosarcoma","Primary Tumor"
"605",0.0530769230769231,0.912280701754386,0.0522939397873886,"Uterine Carcinosarcoma","Primary Tumor"
"606",0.0531730769230769,0.912280701754386,0.0521348771545334,"Uterine Carcinosarcoma","Primary Tumor"
"607",0.0532692307692308,0.912280701754386,0.0518195436139971,"Uterine Carcinosarcoma","Primary Tumor"
"608",0.0533653846153846,0.912280701754386,0.0517558484830456,"Uterine Carcinosarcoma","Primary Tumor"
"609",0.0534615384615385,0.912280701754386,0.0514670590676705,"Uterine Carcinosarcoma","Primary Tumor"
"610",0.0535576923076923,0.912280701754386,0.0514104493131367,"Uterine Carcinosarcoma","Primary Tumor"
"611",0.0536538461538462,0.912280701754386,0.0514001571103733,"Uterine Carcinosarcoma","Primary Tumor"
"612",0.05375,0.912280701754386,0.0513951660196392,"Uterine Carcinosarcoma","Primary Tumor"
"613",0.0538461538461538,0.912280701754386,0.051224845891618,"Uterine Carcinosarcoma","Primary Tumor"
"614",0.0539423076923077,0.912280701754386,0.0512225451782573,"Uterine Carcinosarcoma","Primary Tumor"
"615",0.0540384615384615,0.912280701754386,0.0512005202972571,"Uterine Carcinosarcoma","Primary Tumor"
"616",0.0541346153846154,0.912280701754386,0.0511781348803031,"Uterine Carcinosarcoma","Primary Tumor"
"617",0.0542307692307692,0.912280701754386,0.0505991508915599,"Uterine Carcinosarcoma","Primary Tumor"
"618",0.0543269230769231,0.912280701754386,0.0501727338289045,"Uterine Carcinosarcoma","Primary Tumor"
"619",0.0544230769230769,0.912280701754386,0.0499295470624543,"Uterine Carcinosarcoma","Primary Tumor"
"620",0.0545192307692308,0.912280701754386,0.0494906360142967,"Uterine Carcinosarcoma","Primary Tumor"
"621",0.0546153846153846,0.912280701754386,0.049345056828705,"Uterine Carcinosarcoma","Primary Tumor"
"622",0.0547115384615385,0.912280701754386,0.049332330913432,"Uterine Carcinosarcoma","Primary Tumor"
"623",0.0548076923076923,0.912280701754386,0.0493184013890495,"Uterine Carcinosarcoma","Primary Tumor"
"624",0.0549038461538462,0.912280701754386,0.0489524075480015,"Uterine Carcinosarcoma","Primary Tumor"
"625",0.055,0.912280701754386,0.0489376496338428,"Uterine Carcinosarcoma","Primary Tumor"
"626",0.0550961538461538,0.912280701754386,0.0484894319411123,"Uterine Carcinosarcoma","Primary Tumor"
"627",0.0551923076923077,0.912280701754386,0.0484180205165463,"Uterine Carcinosarcoma","Primary Tumor"
"628",0.0552884615384615,0.912280701754386,0.0481549508479995,"Uterine Carcinosarcoma","Primary Tumor"
"629",0.0553846153846154,0.912280701754386,0.0481473398906718,"Uterine Carcinosarcoma","Primary Tumor"
"630",0.0554807692307692,0.912280701754386,0.047985355265396,"Uterine Carcinosarcoma","Primary Tumor"
"631",0.0555769230769231,0.912280701754386,0.0479803465025711,"Uterine Carcinosarcoma","Primary Tumor"
"632",0.0556730769230769,0.912280701754386,0.0477468887448251,"Uterine Carcinosarcoma","Primary Tumor"
"633",0.0557692307692308,0.912280701754386,0.0477185704420661,"Uterine Carcinosarcoma","Primary Tumor"
"634",0.0558653846153846,0.912280701754386,0.0476421651433508,"Uterine Carcinosarcoma","Primary Tumor"
"635",0.0559615384615385,0.912280701754386,0.0475691561877215,"Uterine Carcinosarcoma","Primary Tumor"
"636",0.0560576923076923,0.912280701754386,0.0475618780959438,"Uterine Carcinosarcoma","Primary Tumor"
"637",0.0561538461538462,0.912280701754386,0.0475591070497958,"Uterine Carcinosarcoma","Primary Tumor"
"638",0.05625,0.912280701754386,0.0475543517649361,"Uterine Carcinosarcoma","Primary Tumor"
"639",0.0563461538461538,0.912280701754386,0.0475499468816432,"Uterine Carcinosarcoma","Primary Tumor"
"640",0.0564423076923077,0.912280701754386,0.0475173700657662,"Uterine Carcinosarcoma","Primary Tumor"
"641",0.0565384615384615,0.912280701754386,0.0474784893308144,"Uterine Carcinosarcoma","Primary Tumor"
"642",0.0566346153846154,0.912280701754386,0.0473469630961401,"Uterine Carcinosarcoma","Primary Tumor"
"643",0.0567307692307692,0.912280701754386,0.0470763548799515,"Uterine Carcinosarcoma","Primary Tumor"
"644",0.0567307692307692,0.929824561403509,0.0469102893067758,"Uterine Carcinosarcoma","Primary Tumor"
"645",0.0568269230769231,0.929824561403509,0.046885047881336,"Uterine Carcinosarcoma","Primary Tumor"
"646",0.0569230769230769,0.929824561403509,0.0466430029156932,"Uterine Carcinosarcoma","Primary Tumor"
"647",0.0570192307692308,0.929824561403509,0.0464233966303813,"Uterine Carcinosarcoma","Primary Tumor"
"648",0.0571153846153846,0.929824561403509,0.0462803856363478,"Uterine Carcinosarcoma","Primary Tumor"
"649",0.0572115384615385,0.929824561403509,0.0462059160256029,"Uterine Carcinosarcoma","Primary Tumor"
"650",0.0573076923076923,0.929824561403509,0.0461259195268919,"Uterine Carcinosarcoma","Primary Tumor"
"651",0.0574038461538462,0.929824561403509,0.0461002160443724,"Uterine Carcinosarcoma","Primary Tumor"
"652",0.0575,0.929824561403509,0.0458761770524762,"Uterine Carcinosarcoma","Primary Tumor"
"653",0.0575961538461538,0.929824561403509,0.0458128044010108,"Uterine Carcinosarcoma","Primary Tumor"
"654",0.0576923076923077,0.929824561403509,0.0457602783963645,"Uterine Carcinosarcoma","Primary Tumor"
"655",0.0577884615384615,0.929824561403509,0.0457284036962113,"Uterine Carcinosarcoma","Primary Tumor"
"656",0.0578846153846154,0.929824561403509,0.0456972608906568,"Uterine Carcinosarcoma","Primary Tumor"
"657",0.0579807692307692,0.929824561403509,0.0456622908508774,"Uterine Carcinosarcoma","Primary Tumor"
"658",0.0580769230769231,0.929824561403509,0.0456613466632323,"Uterine Carcinosarcoma","Primary Tumor"
"659",0.0581730769230769,0.929824561403509,0.0456084747967601,"Uterine Carcinosarcoma","Primary Tumor"
"660",0.0582692307692308,0.929824561403509,0.0454337278251243,"Uterine Carcinosarcoma","Primary Tumor"
"661",0.0583653846153846,0.929824561403509,0.0454275661885574,"Uterine Carcinosarcoma","Primary Tumor"
"662",0.0584615384615385,0.929824561403509,0.045356295217284,"Uterine Carcinosarcoma","Primary Tumor"
"663",0.0585576923076923,0.929824561403509,0.0452754711992059,"Uterine Carcinosarcoma","Primary Tumor"
"664",0.0586538461538462,0.929824561403509,0.0452702777732005,"Uterine Carcinosarcoma","Primary Tumor"
"665",0.05875,0.929824561403509,0.0448731957038074,"Uterine Carcinosarcoma","Primary Tumor"
"666",0.0588461538461538,0.929824561403509,0.0446065290972598,"Uterine Carcinosarcoma","Primary Tumor"
"667",0.0589423076923077,0.929824561403509,0.0445100896489783,"Uterine Carcinosarcoma","Primary Tumor"
"668",0.0590384615384615,0.929824561403509,0.0444595237780931,"Uterine Carcinosarcoma","Primary Tumor"
"669",0.0591346153846154,0.929824561403509,0.0444506152935971,"Uterine Carcinosarcoma","Primary Tumor"
"670",0.0592307692307692,0.929824561403509,0.0441979313375414,"Uterine Carcinosarcoma","Primary Tumor"
"671",0.0593269230769231,0.929824561403509,0.0440451166966226,"Uterine Carcinosarcoma","Primary Tumor"
"672",0.0594230769230769,0.929824561403509,0.0438490047868367,"Uterine Carcinosarcoma","Primary Tumor"
"673",0.0595192307692308,0.929824561403509,0.0437682801967979,"Uterine Carcinosarcoma","Primary Tumor"
"674",0.0596153846153846,0.929824561403509,0.0435672063924388,"Uterine Carcinosarcoma","Primary Tumor"
"675",0.0597115384615385,0.929824561403509,0.0435484375569442,"Uterine Carcinosarcoma","Primary Tumor"
"676",0.0598076923076923,0.929824561403509,0.0435233154698317,"Uterine Carcinosarcoma","Primary Tumor"
"677",0.0599038461538462,0.929824561403509,0.0434124147431921,"Uterine Carcinosarcoma","Primary Tumor"
"678",0.06,0.929824561403509,0.0433539299612783,"Uterine Carcinosarcoma","Primary Tumor"
"679",0.0600961538461538,0.929824561403509,0.0433418400152861,"Uterine Carcinosarcoma","Primary Tumor"
"680",0.0601923076923077,0.929824561403509,0.0433202248415475,"Uterine Carcinosarcoma","Primary Tumor"
"681",0.0602884615384615,0.929824561403509,0.0432858398524569,"Uterine Carcinosarcoma","Primary Tumor"
"682",0.0603846153846154,0.929824561403509,0.0431440522429487,"Uterine Carcinosarcoma","Primary Tumor"
"683",0.0604807692307692,0.929824561403509,0.0430522878470846,"Uterine Carcinosarcoma","Primary Tumor"
"684",0.0605769230769231,0.929824561403509,0.0430345998232337,"Uterine Carcinosarcoma","Primary Tumor"
"685",0.0606730769230769,0.929824561403509,0.0429859945259601,"Uterine Carcinosarcoma","Primary Tumor"
"686",0.0607692307692308,0.929824561403509,0.042898301344115,"Uterine Carcinosarcoma","Primary Tumor"
"687",0.0608653846153846,0.929824561403509,0.0428053519241789,"Uterine Carcinosarcoma","Primary Tumor"
"688",0.0609615384615385,0.929824561403509,0.0427836677795359,"Uterine Carcinosarcoma","Primary Tumor"
"689",0.0610576923076923,0.929824561403509,0.0427559259455669,"Uterine Carcinosarcoma","Primary Tumor"
"690",0.0611538461538462,0.929824561403509,0.0427036436469913,"Uterine Carcinosarcoma","Primary Tumor"
"691",0.06125,0.929824561403509,0.0425982070423147,"Uterine Carcinosarcoma","Primary Tumor"
"692",0.0613461538461538,0.929824561403509,0.0425599074247944,"Uterine Carcinosarcoma","Primary Tumor"
"693",0.0614423076923077,0.929824561403509,0.0425367398739984,"Uterine Carcinosarcoma","Primary Tumor"
"694",0.0615384615384615,0.929824561403509,0.0425090822596889,"Uterine Carcinosarcoma","Primary Tumor"
"695",0.0616346153846154,0.929824561403509,0.042353663787886,"Uterine Carcinosarcoma","Primary Tumor"
"696",0.0617307692307692,0.929824561403509,0.0423294777163019,"Uterine Carcinosarcoma","Primary Tumor"
"697",0.0618269230769231,0.929824561403509,0.0422103797180846,"Uterine Carcinosarcoma","Primary Tumor"
"698",0.0619230769230769,0.929824561403509,0.0421326085504948,"Uterine Carcinosarcoma","Primary Tumor"
"699",0.0620192307692308,0.929824561403509,0.042036394935317,"Uterine Carcinosarcoma","Primary Tumor"
"700",0.0621153846153846,0.929824561403509,0.041832500807932,"Uterine Carcinosarcoma","Primary Tumor"
"701",0.0622115384615385,0.929824561403509,0.0417454049303468,"Uterine Carcinosarcoma","Primary Tumor"
"702",0.0623076923076923,0.929824561403509,0.0417319052741897,"Uterine Carcinosarcoma","Primary Tumor"
"703",0.0624038461538462,0.929824561403509,0.0416969087264917,"Uterine Carcinosarcoma","Primary Tumor"
"704",0.0625,0.929824561403509,0.041651182649288,"Uterine Carcinosarcoma","Primary Tumor"
"705",0.0625961538461538,0.929824561403509,0.041531399997029,"Uterine Carcinosarcoma","Primary Tumor"
"706",0.0626923076923077,0.929824561403509,0.0413688525026671,"Uterine Carcinosarcoma","Primary Tumor"
"707",0.0627884615384615,0.929824561403509,0.0413611758533625,"Uterine Carcinosarcoma","Primary Tumor"
"708",0.0628846153846154,0.929824561403509,0.0411855204917958,"Uterine Carcinosarcoma","Primary Tumor"
"709",0.0629807692307692,0.929824561403509,0.0410664396358114,"Uterine Carcinosarcoma","Primary Tumor"
"710",0.0630769230769231,0.929824561403509,0.0410376449095822,"Uterine Carcinosarcoma","Primary Tumor"
"711",0.0631730769230769,0.929824561403509,0.0410038041526306,"Uterine Carcinosarcoma","Primary Tumor"
"712",0.0632692307692308,0.929824561403509,0.0407116661789348,"Uterine Carcinosarcoma","Primary Tumor"
"713",0.0633653846153846,0.929824561403509,0.0406909295568691,"Uterine Carcinosarcoma","Primary Tumor"
"714",0.0634615384615385,0.929824561403509,0.0405315440704975,"Uterine Carcinosarcoma","Primary Tumor"
"715",0.0635576923076923,0.929824561403509,0.0405142774235706,"Uterine Carcinosarcoma","Primary Tumor"
"716",0.0636538461538462,0.929824561403509,0.0400303452621453,"Uterine Carcinosarcoma","Primary Tumor"
"717",0.06375,0.929824561403509,0.0399291745266313,"Uterine Carcinosarcoma","Primary Tumor"
"718",0.0638461538461538,0.929824561403509,0.0398960468591586,"Uterine Carcinosarcoma","Primary Tumor"
"719",0.0639423076923077,0.929824561403509,0.0398381987408148,"Uterine Carcinosarcoma","Primary Tumor"
"720",0.0640384615384615,0.929824561403509,0.0397927707134632,"Uterine Carcinosarcoma","Primary Tumor"
"721",0.0641346153846154,0.929824561403509,0.0396422201270811,"Uterine Carcinosarcoma","Primary Tumor"
"722",0.0642307692307692,0.929824561403509,0.0396162503056416,"Uterine Carcinosarcoma","Primary Tumor"
"723",0.0643269230769231,0.929824561403509,0.0396078956242257,"Uterine Carcinosarcoma","Primary Tumor"
"724",0.0644230769230769,0.929824561403509,0.039598876740378,"Uterine Carcinosarcoma","Primary Tumor"
"725",0.0645192307692308,0.929824561403509,0.0395515984487118,"Uterine Carcinosarcoma","Primary Tumor"
"726",0.0646153846153846,0.929824561403509,0.0394674919296395,"Uterine Carcinosarcoma","Primary Tumor"
"727",0.0647115384615385,0.929824561403509,0.0394298992224936,"Uterine Carcinosarcoma","Primary Tumor"
"728",0.0648076923076923,0.929824561403509,0.0394016802198386,"Uterine Carcinosarcoma","Primary Tumor"
"729",0.0649038461538462,0.929824561403509,0.0393657299941892,"Uterine Carcinosarcoma","Primary Tumor"
"730",0.065,0.929824561403509,0.0393280415833102,"Uterine Carcinosarcoma","Primary Tumor"
"731",0.0650961538461538,0.929824561403509,0.0393073285841404,"Uterine Carcinosarcoma","Primary Tumor"
"732",0.0651923076923077,0.929824561403509,0.0392229623141898,"Uterine Carcinosarcoma","Primary Tumor"
"733",0.0652884615384615,0.929824561403509,0.0391972280477411,"Uterine Carcinosarcoma","Primary Tumor"
"734",0.0653846153846154,0.929824561403509,0.0389251142923438,"Uterine Carcinosarcoma","Primary Tumor"
"735",0.0654807692307692,0.929824561403509,0.0388752190401599,"Uterine Carcinosarcoma","Primary Tumor"
"736",0.0655769230769231,0.929824561403509,0.0388379737313724,"Uterine Carcinosarcoma","Primary Tumor"
"737",0.0656730769230769,0.929824561403509,0.0387992733794579,"Uterine Carcinosarcoma","Primary Tumor"
"738",0.0657692307692308,0.929824561403509,0.0387633211457458,"Uterine Carcinosarcoma","Primary Tumor"
"739",0.0658653846153846,0.929824561403509,0.0386837052111649,"Uterine Carcinosarcoma","Primary Tumor"
"740",0.0659615384615385,0.929824561403509,0.0384574427575861,"Uterine Carcinosarcoma","Primary Tumor"
"741",0.0660576923076923,0.929824561403509,0.0383196664603893,"Uterine Carcinosarcoma","Primary Tumor"
"742",0.0661538461538462,0.929824561403509,0.0381665512834587,"Uterine Carcinosarcoma","Primary Tumor"
"743",0.06625,0.929824561403509,0.0381656458545022,"Uterine Carcinosarcoma","Primary Tumor"
"744",0.0663461538461538,0.929824561403509,0.0381447124337247,"Uterine Carcinosarcoma","Primary Tumor"
"745",0.0663461538461538,0.947368421052632,0.0380595867118015,"Uterine Carcinosarcoma","Primary Tumor"
"746",0.0664423076923077,0.947368421052632,0.0378867148421987,"Uterine Carcinosarcoma","Primary Tumor"
"747",0.0665384615384615,0.947368421052632,0.0378340735076113,"Uterine Carcinosarcoma","Primary Tumor"
"748",0.0666346153846154,0.947368421052632,0.0377615565255054,"Uterine Carcinosarcoma","Primary Tumor"
"749",0.0667307692307692,0.947368421052632,0.0377082333553398,"Uterine Carcinosarcoma","Primary Tumor"
"750",0.0668269230769231,0.947368421052632,0.0376840013402832,"Uterine Carcinosarcoma","Primary Tumor"
"751",0.0669230769230769,0.947368421052632,0.0376389450192764,"Uterine Carcinosarcoma","Primary Tumor"
"752",0.0670192307692308,0.947368421052632,0.0375825903566527,"Uterine Carcinosarcoma","Primary Tumor"
"753",0.0671153846153846,0.947368421052632,0.0375609169629565,"Uterine Carcinosarcoma","Primary Tumor"
"754",0.0672115384615385,0.947368421052632,0.0375332500414036,"Uterine Carcinosarcoma","Primary Tumor"
"755",0.0673076923076923,0.947368421052632,0.0374763149468805,"Uterine Carcinosarcoma","Primary Tumor"
"756",0.0674038461538461,0.947368421052632,0.037448802145686,"Uterine Carcinosarcoma","Primary Tumor"
"757",0.0675,0.947368421052632,0.0374457982949917,"Uterine Carcinosarcoma","Primary Tumor"
"758",0.0675961538461538,0.947368421052632,0.037153491853968,"Uterine Carcinosarcoma","Primary Tumor"
"759",0.0676923076923077,0.947368421052632,0.0370599638096251,"Uterine Carcinosarcoma","Primary Tumor"
"760",0.0677884615384615,0.947368421052632,0.0370173521156562,"Uterine Carcinosarcoma","Primary Tumor"
"761",0.0678846153846154,0.947368421052632,0.0368666579357921,"Uterine Carcinosarcoma","Primary Tumor"
"762",0.0679807692307692,0.947368421052632,0.0366820661684669,"Uterine Carcinosarcoma","Primary Tumor"
"763",0.0680769230769231,0.947368421052632,0.0366800880945762,"Uterine Carcinosarcoma","Primary Tumor"
"764",0.0681730769230769,0.947368421052632,0.0366085908604579,"Uterine Carcinosarcoma","Primary Tumor"
"765",0.0682692307692308,0.947368421052632,0.0364559044448052,"Uterine Carcinosarcoma","Primary Tumor"
"766",0.0683653846153846,0.947368421052632,0.0364236038641987,"Uterine Carcinosarcoma","Primary Tumor"
"767",0.0684615384615385,0.947368421052632,0.0363633524923808,"Uterine Carcinosarcoma","Primary Tumor"
"768",0.0685576923076923,0.947368421052632,0.0359466543010596,"Uterine Carcinosarcoma","Primary Tumor"
"769",0.0686538461538461,0.947368421052632,0.035945608032603,"Uterine Carcinosarcoma","Primary Tumor"
"770",0.06875,0.947368421052632,0.0359283463197408,"Uterine Carcinosarcoma","Primary Tumor"
"771",0.0688461538461538,0.947368421052632,0.0358611640260978,"Uterine Carcinosarcoma","Primary Tumor"
"772",0.0689423076923077,0.947368421052632,0.0357399974186985,"Uterine Carcinosarcoma","Primary Tumor"
"773",0.0690384615384615,0.947368421052632,0.0357070631058134,"Uterine Carcinosarcoma","Primary Tumor"
"774",0.0691346153846154,0.947368421052632,0.035242295404227,"Uterine Carcinosarcoma","Primary Tumor"
"775",0.0692307692307692,0.947368421052632,0.0352120721707603,"Uterine Carcinosarcoma","Primary Tumor"
"776",0.0693269230769231,0.947368421052632,0.0351882883082816,"Uterine Carcinosarcoma","Primary Tumor"
"777",0.0694230769230769,0.947368421052632,0.035130788921149,"Uterine Carcinosarcoma","Primary Tumor"
"778",0.0695192307692308,0.947368421052632,0.0350749334068043,"Uterine Carcinosarcoma","Primary Tumor"
"779",0.0696153846153846,0.947368421052632,0.0349879155216507,"Uterine Carcinosarcoma","Primary Tumor"
"780",0.0697115384615385,0.947368421052632,0.0349263854784991,"Uterine Carcinosarcoma","Primary Tumor"
"781",0.0698076923076923,0.947368421052632,0.0348589920919811,"Uterine Carcinosarcoma","Primary Tumor"
"782",0.0699038461538461,0.947368421052632,0.0348520871717484,"Uterine Carcinosarcoma","Primary Tumor"
"783",0.07,0.947368421052632,0.0348314232118229,"Uterine Carcinosarcoma","Primary Tumor"
"784",0.0700961538461538,0.947368421052632,0.0347248885724205,"Uterine Carcinosarcoma","Primary Tumor"
"785",0.0701923076923077,0.947368421052632,0.0346965026629601,"Uterine Carcinosarcoma","Primary Tumor"
"786",0.0702884615384615,0.947368421052632,0.0346551653778879,"Uterine Carcinosarcoma","Primary Tumor"
"787",0.0703846153846154,0.947368421052632,0.0346275347570631,"Uterine Carcinosarcoma","Primary Tumor"
"788",0.0704807692307692,0.947368421052632,0.0345117701984176,"Uterine Carcinosarcoma","Primary Tumor"
"789",0.0705769230769231,0.947368421052632,0.0344360346729857,"Uterine Carcinosarcoma","Primary Tumor"
"790",0.0705769230769231,0.964912280701754,0.0344192228476961,"Uterine Carcinosarcoma","Primary Tumor"
"791",0.0706730769230769,0.964912280701754,0.0343764527096487,"Uterine Carcinosarcoma","Primary Tumor"
"792",0.0707692307692308,0.964912280701754,0.0342544604205003,"Uterine Carcinosarcoma","Primary Tumor"
"793",0.0708653846153846,0.964912280701754,0.0342345984458481,"Uterine Carcinosarcoma","Primary Tumor"
"794",0.0709615384615385,0.964912280701754,0.0341816751867898,"Uterine Carcinosarcoma","Primary Tumor"
"795",0.0710576923076923,0.964912280701754,0.0340415986499623,"Uterine Carcinosarcoma","Primary Tumor"
"796",0.0711538461538462,0.964912280701754,0.0338963843901715,"Uterine Carcinosarcoma","Primary Tumor"
"797",0.07125,0.964912280701754,0.0338546867831272,"Uterine Carcinosarcoma","Primary Tumor"
"798",0.0713461538461539,0.964912280701754,0.033854187350412,"Uterine Carcinosarcoma","Primary Tumor"
"799",0.0714423076923077,0.964912280701754,0.0337905085131789,"Uterine Carcinosarcoma","Primary Tumor"
"800",0.0715384615384615,0.964912280701754,0.0334487412177699,"Uterine Carcinosarcoma","Primary Tumor"
"801",0.0716346153846154,0.964912280701754,0.0334460969444199,"Uterine Carcinosarcoma","Primary Tumor"
"802",0.0717307692307692,0.964912280701754,0.0334148405776972,"Uterine Carcinosarcoma","Primary Tumor"
"803",0.0718269230769231,0.964912280701754,0.0333825457050145,"Uterine Carcinosarcoma","Primary Tumor"
"804",0.0719230769230769,0.964912280701754,0.0333572078705954,"Uterine Carcinosarcoma","Primary Tumor"
"805",0.0720192307692308,0.964912280701754,0.0333267242401775,"Uterine Carcinosarcoma","Primary Tumor"
"806",0.0721153846153846,0.964912280701754,0.0333142841112287,"Uterine Carcinosarcoma","Primary Tumor"
"807",0.0722115384615385,0.964912280701754,0.0332989897123306,"Uterine Carcinosarcoma","Primary Tumor"
"808",0.0723076923076923,0.964912280701754,0.0332235558029961,"Uterine Carcinosarcoma","Primary Tumor"
"809",0.0724038461538462,0.964912280701754,0.0331384026874797,"Uterine Carcinosarcoma","Primary Tumor"
"810",0.0725,0.964912280701754,0.0330255227974424,"Uterine Carcinosarcoma","Primary Tumor"
"811",0.0725961538461539,0.964912280701754,0.0330197116170367,"Uterine Carcinosarcoma","Primary Tumor"
"812",0.0726923076923077,0.964912280701754,0.0329759137135609,"Uterine Carcinosarcoma","Primary Tumor"
"813",0.0727884615384615,0.964912280701754,0.0329659628263704,"Uterine Carcinosarcoma","Primary Tumor"
"814",0.0728846153846154,0.964912280701754,0.0329090880908044,"Uterine Carcinosarcoma","Primary Tumor"
"815",0.0729807692307692,0.964912280701754,0.0327781471193638,"Uterine Carcinosarcoma","Primary Tumor"
"816",0.0730769230769231,0.964912280701754,0.032746324780091,"Uterine Carcinosarcoma","Primary Tumor"
"817",0.0731730769230769,0.964912280701754,0.0325750443196,"Uterine Carcinosarcoma","Primary Tumor"
"818",0.0732692307692308,0.964912280701754,0.0325739354529909,"Uterine Carcinosarcoma","Primary Tumor"
"819",0.0733653846153846,0.964912280701754,0.0324465334331229,"Uterine Carcinosarcoma","Primary Tumor"
"820",0.0734615384615385,0.964912280701754,0.0324168756057418,"Uterine Carcinosarcoma","Primary Tumor"
"821",0.0735576923076923,0.964912280701754,0.0323441597775789,"Uterine Carcinosarcoma","Primary Tumor"
"822",0.0736538461538462,0.964912280701754,0.0322912124725674,"Uterine Carcinosarcoma","Primary Tumor"
"823",0.07375,0.964912280701754,0.0322350134018348,"Uterine Carcinosarcoma","Primary Tumor"
"824",0.0738461538461539,0.964912280701754,0.0321006068357458,"Uterine Carcinosarcoma","Primary Tumor"
"825",0.0739423076923077,0.964912280701754,0.0320941543110537,"Uterine Carcinosarcoma","Primary Tumor"
"826",0.0740384615384615,0.964912280701754,0.0320103780220298,"Uterine Carcinosarcoma","Primary Tumor"
"827",0.0741346153846154,0.964912280701754,0.0317978545801569,"Uterine Carcinosarcoma","Primary Tumor"
"828",0.0742307692307692,0.964912280701754,0.0317233405533266,"Uterine Carcinosarcoma","Primary Tumor"
"829",0.0743269230769231,0.964912280701754,0.0316464299287585,"Uterine Carcinosarcoma","Primary Tumor"
"830",0.0744230769230769,0.964912280701754,0.0315231700968156,"Uterine Carcinosarcoma","Primary Tumor"
"831",0.0745192307692308,0.964912280701754,0.0314939547650489,"Uterine Carcinosarcoma","Primary Tumor"
"832",0.0746153846153846,0.964912280701754,0.0314389509207337,"Uterine Carcinosarcoma","Primary Tumor"
"833",0.0747115384615385,0.964912280701754,0.0314323002042097,"Uterine Carcinosarcoma","Primary Tumor"
"834",0.0748076923076923,0.964912280701754,0.0313191293589572,"Uterine Carcinosarcoma","Primary Tumor"
"835",0.0749038461538462,0.964912280701754,0.0312930880666968,"Uterine Carcinosarcoma","Primary Tumor"
"836",0.075,0.964912280701754,0.0312306681087096,"Uterine Carcinosarcoma","Primary Tumor"
"837",0.0750961538461538,0.964912280701754,0.0311601920493335,"Uterine Carcinosarcoma","Primary Tumor"
"838",0.0751923076923077,0.964912280701754,0.0311319890332631,"Uterine Carcinosarcoma","Primary Tumor"
"839",0.0752884615384615,0.964912280701754,0.0310510443724844,"Uterine Carcinosarcoma","Primary Tumor"
"840",0.0753846153846154,0.964912280701754,0.0310147698985446,"Uterine Carcinosarcoma","Primary Tumor"
"841",0.0754807692307692,0.964912280701754,0.0309384729354037,"Uterine Carcinosarcoma","Primary Tumor"
"842",0.0755769230769231,0.964912280701754,0.0309063011080393,"Uterine Carcinosarcoma","Primary Tumor"
"843",0.0756730769230769,0.964912280701754,0.0309059874874256,"Uterine Carcinosarcoma","Primary Tumor"
"844",0.0757692307692308,0.964912280701754,0.0308514259257013,"Uterine Carcinosarcoma","Primary Tumor"
"845",0.0758653846153846,0.964912280701754,0.0307490941901727,"Uterine Carcinosarcoma","Primary Tumor"
"846",0.0759615384615385,0.964912280701754,0.0307348508769191,"Uterine Carcinosarcoma","Primary Tumor"
"847",0.0760576923076923,0.964912280701754,0.0307188485991579,"Uterine Carcinosarcoma","Primary Tumor"
"848",0.0761538461538462,0.964912280701754,0.030426682127751,"Uterine Carcinosarcoma","Primary Tumor"
"849",0.07625,0.964912280701754,0.0303746438436059,"Uterine Carcinosarcoma","Primary Tumor"
"850",0.0763461538461538,0.964912280701754,0.0303739011145761,"Uterine Carcinosarcoma","Primary Tumor"
"851",0.0764423076923077,0.964912280701754,0.0302691256642761,"Uterine Carcinosarcoma","Primary Tumor"
"852",0.0765384615384615,0.964912280701754,0.0299283183568113,"Uterine Carcinosarcoma","Primary Tumor"
"853",0.0766346153846154,0.964912280701754,0.0298988367783198,"Uterine Carcinosarcoma","Primary Tumor"
"854",0.0767307692307692,0.964912280701754,0.0297246316576676,"Uterine Carcinosarcoma","Primary Tumor"
"855",0.0768269230769231,0.964912280701754,0.0295448090890141,"Uterine Carcinosarcoma","Primary Tumor"
"856",0.0769230769230769,0.964912280701754,0.0295365117065656,"Uterine Carcinosarcoma","Primary Tumor"
"857",0.0770192307692308,0.964912280701754,0.0295216782873132,"Uterine Carcinosarcoma","Primary Tumor"
"858",0.0771153846153846,0.964912280701754,0.029371185017609,"Uterine Carcinosarcoma","Primary Tumor"
"859",0.0772115384615385,0.964912280701754,0.0293301892928411,"Uterine Carcinosarcoma","Primary Tumor"
"860",0.0773076923076923,0.964912280701754,0.0292908904457482,"Uterine Carcinosarcoma","Primary Tumor"
"861",0.0774038461538462,0.964912280701754,0.0292565603457889,"Uterine Carcinosarcoma","Primary Tumor"
"862",0.0775,0.964912280701754,0.0292553263782538,"Uterine Carcinosarcoma","Primary Tumor"
"863",0.0775961538461538,0.964912280701754,0.0291154737279825,"Uterine Carcinosarcoma","Primary Tumor"
"864",0.0776923076923077,0.964912280701754,0.0290985137150053,"Uterine Carcinosarcoma","Primary Tumor"
"865",0.0777884615384615,0.964912280701754,0.0290647663081213,"Uterine Carcinosarcoma","Primary Tumor"
"866",0.0778846153846154,0.964912280701754,0.0289962265846844,"Uterine Carcinosarcoma","Primary Tumor"
"867",0.0779807692307692,0.964912280701754,0.0289860270522478,"Uterine Carcinosarcoma","Primary Tumor"
"868",0.0780769230769231,0.964912280701754,0.0289673673845134,"Uterine Carcinosarcoma","Primary Tumor"
"869",0.0781730769230769,0.964912280701754,0.0289511654605682,"Uterine Carcinosarcoma","Primary Tumor"
"870",0.0782692307692308,0.964912280701754,0.0289058998891052,"Uterine Carcinosarcoma","Primary Tumor"
"871",0.0783653846153846,0.964912280701754,0.0288582658710143,"Uterine Carcinosarcoma","Primary Tumor"
"872",0.0784615384615385,0.964912280701754,0.0288529940511576,"Uterine Carcinosarcoma","Primary Tumor"
"873",0.0785576923076923,0.964912280701754,0.0288480219206917,"Uterine Carcinosarcoma","Primary Tumor"
"874",0.0786538461538462,0.964912280701754,0.0288201474653066,"Uterine Carcinosarcoma","Primary Tumor"
"875",0.07875,0.964912280701754,0.0287728551607617,"Uterine Carcinosarcoma","Primary Tumor"
"876",0.0788461538461538,0.964912280701754,0.0287541740353103,"Uterine Carcinosarcoma","Primary Tumor"
"877",0.0789423076923077,0.964912280701754,0.0287069234468305,"Uterine Carcinosarcoma","Primary Tumor"
"878",0.0790384615384615,0.964912280701754,0.0286435056505957,"Uterine Carcinosarcoma","Primary Tumor"
"879",0.0791346153846154,0.964912280701754,0.0286292529111281,"Uterine Carcinosarcoma","Primary Tumor"
"880",0.0792307692307692,0.964912280701754,0.0285802706958941,"Uterine Carcinosarcoma","Primary Tumor"
"881",0.0793269230769231,0.964912280701754,0.0285243164547394,"Uterine Carcinosarcoma","Primary Tumor"
"882",0.0794230769230769,0.964912280701754,0.0284520858737929,"Uterine Carcinosarcoma","Primary Tumor"
"883",0.0795192307692308,0.964912280701754,0.0284048726737648,"Uterine Carcinosarcoma","Primary Tumor"
"884",0.0796153846153846,0.964912280701754,0.0283657580295613,"Uterine Carcinosarcoma","Primary Tumor"
"885",0.0797115384615385,0.964912280701754,0.0282681968803866,"Uterine Carcinosarcoma","Primary Tumor"
"886",0.0798076923076923,0.964912280701754,0.028127161754649,"Uterine Carcinosarcoma","Primary Tumor"
"887",0.0799038461538462,0.964912280701754,0.0281095894630257,"Uterine Carcinosarcoma","Primary Tumor"
"888",0.08,0.964912280701754,0.0281016446845304,"Uterine Carcinosarcoma","Primary Tumor"
"889",0.0800961538461538,0.964912280701754,0.0280747298188813,"Uterine Carcinosarcoma","Primary Tumor"
"890",0.0801923076923077,0.964912280701754,0.0280118648728963,"Uterine Carcinosarcoma","Primary Tumor"
"891",0.0802884615384615,0.964912280701754,0.0280047632552275,"Uterine Carcinosarcoma","Primary Tumor"
"892",0.0803846153846154,0.964912280701754,0.0279314258364749,"Uterine Carcinosarcoma","Primary Tumor"
"893",0.0804807692307692,0.964912280701754,0.0279057543920254,"Uterine Carcinosarcoma","Primary Tumor"
"894",0.0805769230769231,0.964912280701754,0.0278876545363808,"Uterine Carcinosarcoma","Primary Tumor"
"895",0.0806730769230769,0.964912280701754,0.0278714247161622,"Uterine Carcinosarcoma","Primary Tumor"
"896",0.0807692307692308,0.964912280701754,0.0278376970364096,"Uterine Carcinosarcoma","Primary Tumor"
"897",0.0808653846153846,0.964912280701754,0.0277948367231085,"Uterine Carcinosarcoma","Primary Tumor"
"898",0.0809615384615385,0.964912280701754,0.0277626036017712,"Uterine Carcinosarcoma","Primary Tumor"
"899",0.0810576923076923,0.964912280701754,0.0277414420884188,"Uterine Carcinosarcoma","Primary Tumor"
"900",0.0811538461538462,0.964912280701754,0.0277312587875386,"Uterine Carcinosarcoma","Primary Tumor"
"901",0.08125,0.964912280701754,0.0275756799931492,"Uterine Carcinosarcoma","Primary Tumor"
"902",0.0813461538461538,0.964912280701754,0.0275687755909724,"Uterine Carcinosarcoma","Primary Tumor"
"903",0.0814423076923077,0.964912280701754,0.0275573885089713,"Uterine Carcinosarcoma","Primary Tumor"
"904",0.0815384615384615,0.964912280701754,0.027551834821138,"Uterine Carcinosarcoma","Primary Tumor"
"905",0.0816346153846154,0.964912280701754,0.0275296043701009,"Uterine Carcinosarcoma","Primary Tumor"
"906",0.0817307692307692,0.964912280701754,0.0273934437156877,"Uterine Carcinosarcoma","Primary Tumor"
"907",0.0818269230769231,0.964912280701754,0.0273624452622012,"Uterine Carcinosarcoma","Primary Tumor"
"908",0.0819230769230769,0.964912280701754,0.0273388788451349,"Uterine Carcinosarcoma","Primary Tumor"
"909",0.0820192307692308,0.964912280701754,0.0272750344667296,"Uterine Carcinosarcoma","Primary Tumor"
"910",0.0821153846153846,0.964912280701754,0.0272598777594949,"Uterine Carcinosarcoma","Primary Tumor"
"911",0.0822115384615385,0.964912280701754,0.0271463504865257,"Uterine Carcinosarcoma","Primary Tumor"
"912",0.0823076923076923,0.964912280701754,0.0270176455525565,"Uterine Carcinosarcoma","Primary Tumor"
"913",0.0824038461538461,0.964912280701754,0.0270067266762709,"Uterine Carcinosarcoma","Primary Tumor"
"914",0.0825,0.964912280701754,0.0269960220397031,"Uterine Carcinosarcoma","Primary Tumor"
"915",0.0825961538461538,0.964912280701754,0.0269915683085823,"Uterine Carcinosarcoma","Primary Tumor"
"916",0.0826923076923077,0.964912280701754,0.0269133988117864,"Uterine Carcinosarcoma","Primary Tumor"
"917",0.0827884615384615,0.964912280701754,0.0268745319319867,"Uterine Carcinosarcoma","Primary Tumor"
"918",0.0828846153846154,0.964912280701754,0.0267146866705823,"Uterine Carcinosarcoma","Primary Tumor"
"919",0.0829807692307692,0.964912280701754,0.026681267063558,"Uterine Carcinosarcoma","Primary Tumor"
"920",0.0830769230769231,0.964912280701754,0.0266313959916128,"Uterine Carcinosarcoma","Primary Tumor"
"921",0.0831730769230769,0.964912280701754,0.026619044260774,"Uterine Carcinosarcoma","Primary Tumor"
"922",0.0832692307692308,0.964912280701754,0.0265742318545518,"Uterine Carcinosarcoma","Primary Tumor"
"923",0.0833653846153846,0.964912280701754,0.026517231049609,"Uterine Carcinosarcoma","Primary Tumor"
"924",0.0834615384615385,0.964912280701754,0.0265120964633039,"Uterine Carcinosarcoma","Primary Tumor"
"925",0.0835576923076923,0.964912280701754,0.026473157580686,"Uterine Carcinosarcoma","Primary Tumor"
"926",0.0836538461538461,0.964912280701754,0.0264602685403952,"Uterine Carcinosarcoma","Primary Tumor"
"927",0.08375,0.964912280701754,0.0264460877898528,"Uterine Carcinosarcoma","Primary Tumor"
"928",0.0838461538461538,0.964912280701754,0.0264080600519477,"Uterine Carcinosarcoma","Primary Tumor"
"929",0.0839423076923077,0.964912280701754,0.0264038354631587,"Uterine Carcinosarcoma","Primary Tumor"
"930",0.0840384615384615,0.964912280701754,0.0263984410082067,"Uterine Carcinosarcoma","Primary Tumor"
"931",0.0841346153846154,0.964912280701754,0.0263673558759143,"Uterine Carcinosarcoma","Primary Tumor"
"932",0.0842307692307692,0.964912280701754,0.0263085993887812,"Uterine Carcinosarcoma","Primary Tumor"
"933",0.0843269230769231,0.964912280701754,0.0263085173622998,"Uterine Carcinosarcoma","Primary Tumor"
"934",0.0844230769230769,0.964912280701754,0.0261941430594103,"Uterine Carcinosarcoma","Primary Tumor"
"935",0.0845192307692308,0.964912280701754,0.0261893837222302,"Uterine Carcinosarcoma","Primary Tumor"
"936",0.0846153846153846,0.964912280701754,0.0261876505326494,"Uterine Carcinosarcoma","Primary Tumor"
"937",0.0847115384615385,0.964912280701754,0.0261674668918225,"Uterine Carcinosarcoma","Primary Tumor"
"938",0.0848076923076923,0.964912280701754,0.0260525278886152,"Uterine Carcinosarcoma","Primary Tumor"
"939",0.0849038461538461,0.964912280701754,0.0260521841926974,"Uterine Carcinosarcoma","Primary Tumor"
"940",0.085,0.964912280701754,0.0260520778190502,"Uterine Carcinosarcoma","Primary Tumor"
"941",0.0850961538461538,0.964912280701754,0.0260199894612687,"Uterine Carcinosarcoma","Primary Tumor"
"942",0.0851923076923077,0.964912280701754,0.0259715329481522,"Uterine Carcinosarcoma","Primary Tumor"
"943",0.0852884615384615,0.964912280701754,0.0259601065156111,"Uterine Carcinosarcoma","Primary Tumor"
"944",0.0853846153846154,0.964912280701754,0.0259421844210301,"Uterine Carcinosarcoma","Primary Tumor"
"945",0.0854807692307692,0.964912280701754,0.0259356377182809,"Uterine Carcinosarcoma","Primary Tumor"
"946",0.0855769230769231,0.964912280701754,0.0259274706950801,"Uterine Carcinosarcoma","Primary Tumor"
"947",0.0856730769230769,0.964912280701754,0.0258049825740546,"Uterine Carcinosarcoma","Primary Tumor"
"948",0.0857692307692308,0.964912280701754,0.0257680089585474,"Uterine Carcinosarcoma","Primary Tumor"
"949",0.0858653846153846,0.964912280701754,0.0257410537490622,"Uterine Carcinosarcoma","Primary Tumor"
"950",0.0859615384615385,0.964912280701754,0.025541159990715,"Uterine Carcinosarcoma","Primary Tumor"
"951",0.0860576923076923,0.964912280701754,0.025492418350975,"Uterine Carcinosarcoma","Primary Tumor"
"952",0.0861538461538462,0.964912280701754,0.025492148333459,"Uterine Carcinosarcoma","Primary Tumor"
"953",0.08625,0.964912280701754,0.0254373449188168,"Uterine Carcinosarcoma","Primary Tumor"
"954",0.0863461538461539,0.964912280701754,0.0254149216236365,"Uterine Carcinosarcoma","Primary Tumor"
"955",0.0864423076923077,0.964912280701754,0.0253797497640037,"Uterine Carcinosarcoma","Primary Tumor"
"956",0.0865384615384615,0.964912280701754,0.0252766213017236,"Uterine Carcinosarcoma","Primary Tumor"
"957",0.0866346153846154,0.964912280701754,0.0252362761768702,"Uterine Carcinosarcoma","Primary Tumor"
"958",0.0867307692307692,0.964912280701754,0.0252236500196319,"Uterine Carcinosarcoma","Primary Tumor"
"959",0.0868269230769231,0.964912280701754,0.025221893566494,"Uterine Carcinosarcoma","Primary Tumor"
"960",0.0869230769230769,0.964912280701754,0.025092918402656,"Uterine Carcinosarcoma","Primary Tumor"
"961",0.0870192307692308,0.964912280701754,0.0250928624052518,"Uterine Carcinosarcoma","Primary Tumor"
"962",0.0871153846153846,0.964912280701754,0.0249268115428921,"Uterine Carcinosarcoma","Primary Tumor"
"963",0.0872115384615385,0.964912280701754,0.0248795792289107,"Uterine Carcinosarcoma","Primary Tumor"
"964",0.0873076923076923,0.964912280701754,0.0248689090683533,"Uterine Carcinosarcoma","Primary Tumor"
"965",0.0874038461538462,0.964912280701754,0.0248547563294826,"Uterine Carcinosarcoma","Primary Tumor"
"966",0.0875,0.964912280701754,0.0248033083755299,"Uterine Carcinosarcoma","Primary Tumor"
"967",0.0875961538461539,0.964912280701754,0.0246756157171253,"Uterine Carcinosarcoma","Primary Tumor"
"968",0.0876923076923077,0.964912280701754,0.0246578087627412,"Uterine Carcinosarcoma","Primary Tumor"
"969",0.0877884615384615,0.964912280701754,0.0245884918270086,"Uterine Carcinosarcoma","Primary Tumor"
"970",0.0878846153846154,0.964912280701754,0.0245800675906297,"Uterine Carcinosarcoma","Primary Tumor"
"971",0.0879807692307692,0.964912280701754,0.0245398084055793,"Uterine Carcinosarcoma","Primary Tumor"
"972",0.0880769230769231,0.964912280701754,0.0244420810680727,"Uterine Carcinosarcoma","Primary Tumor"
"973",0.0881730769230769,0.964912280701754,0.0244287732031472,"Uterine Carcinosarcoma","Primary Tumor"
"974",0.0882692307692308,0.964912280701754,0.024377304813485,"Uterine Carcinosarcoma","Primary Tumor"
"975",0.0883653846153846,0.964912280701754,0.0242479840942282,"Uterine Carcinosarcoma","Primary Tumor"
"976",0.0884615384615385,0.964912280701754,0.0242333722585221,"Uterine Carcinosarcoma","Primary Tumor"
"977",0.0885576923076923,0.964912280701754,0.02420317494904,"Uterine Carcinosarcoma","Primary Tumor"
"978",0.0886538461538462,0.964912280701754,0.0241527040033223,"Uterine Carcinosarcoma","Primary Tumor"
"979",0.08875,0.964912280701754,0.0241116248487953,"Uterine Carcinosarcoma","Primary Tumor"
"980",0.0888461538461539,0.964912280701754,0.0240614413607211,"Uterine Carcinosarcoma","Primary Tumor"
"981",0.0889423076923077,0.964912280701754,0.024039186721035,"Uterine Carcinosarcoma","Primary Tumor"
"982",0.0890384615384615,0.964912280701754,0.024026814206105,"Uterine Carcinosarcoma","Primary Tumor"
"983",0.0891346153846154,0.964912280701754,0.0239705637123023,"Uterine Carcinosarcoma","Primary Tumor"
"984",0.0892307692307692,0.964912280701754,0.0239637571393978,"Uterine Carcinosarcoma","Primary Tumor"
"985",0.0893269230769231,0.964912280701754,0.0239579230569325,"Uterine Carcinosarcoma","Primary Tumor"
"986",0.0894230769230769,0.964912280701754,0.0239283621875616,"Uterine Carcinosarcoma","Primary Tumor"
"987",0.0895192307692308,0.964912280701754,0.0238861991945107,"Uterine Carcinosarcoma","Primary Tumor"
"988",0.0896153846153846,0.964912280701754,0.0238722460301963,"Uterine Carcinosarcoma","Primary Tumor"
"989",0.0897115384615385,0.964912280701754,0.0237848207318833,"Uterine Carcinosarcoma","Primary Tumor"
"990",0.0898076923076923,0.964912280701754,0.0237842510025642,"Uterine Carcinosarcoma","Primary Tumor"
"991",0.0899038461538462,0.964912280701754,0.0237424785518232,"Uterine Carcinosarcoma","Primary Tumor"
"992",0.09,0.964912280701754,0.0237074062354928,"Uterine Carcinosarcoma","Primary Tumor"
"993",0.0900961538461538,0.964912280701754,0.0236731403279208,"Uterine Carcinosarcoma","Primary Tumor"
"994",0.0901923076923077,0.964912280701754,0.0236088046246885,"Uterine Carcinosarcoma","Primary Tumor"
"995",0.0902884615384615,0.964912280701754,0.0235887924983094,"Uterine Carcinosarcoma","Primary Tumor"
"996",0.0903846153846154,0.964912280701754,0.0235539578440671,"Uterine Carcinosarcoma","Primary Tumor"
"997",0.0904807692307692,0.964912280701754,0.0234674854639785,"Uterine Carcinosarcoma","Primary Tumor"
"998",0.0905769230769231,0.964912280701754,0.0234208920952079,"Uterine Carcinosarcoma","Primary Tumor"
"999",0.0906730769230769,0.964912280701754,0.0233813139634516,"Uterine Carcinosarcoma","Primary Tumor"
"1000",0.0907692307692308,0.964912280701754,0.023280349110168,"Uterine Carcinosarcoma","Primary Tumor"
"1001",0.0908653846153846,0.964912280701754,0.0232551280368879,"Uterine Carcinosarcoma","Primary Tumor"
"1002",0.0909615384615385,0.964912280701754,0.0231899039924027,"Uterine Carcinosarcoma","Primary Tumor"
"1003",0.0910576923076923,0.964912280701754,0.0231761873306239,"Uterine Carcinosarcoma","Primary Tumor"
"1004",0.0911538461538462,0.964912280701754,0.0231660179965352,"Uterine Carcinosarcoma","Primary Tumor"
"1005",0.09125,0.964912280701754,0.0231287564045936,"Uterine Carcinosarcoma","Primary Tumor"
"1006",0.0913461538461538,0.964912280701754,0.02309461000089,"Uterine Carcinosarcoma","Primary Tumor"
"1007",0.0914423076923077,0.964912280701754,0.023060820694718,"Uterine Carcinosarcoma","Primary Tumor"
"1008",0.0915384615384615,0.964912280701754,0.0230410494343811,"Uterine Carcinosarcoma","Primary Tumor"
"1009",0.0916346153846154,0.964912280701754,0.0230172789966825,"Uterine Carcinosarcoma","Primary Tumor"
"1010",0.0917307692307692,0.964912280701754,0.0230091624811104,"Uterine Carcinosarcoma","Primary Tumor"
"1011",0.0918269230769231,0.964912280701754,0.0229373335810636,"Uterine Carcinosarcoma","Primary Tumor"
"1012",0.0919230769230769,0.964912280701754,0.02291996494308,"Uterine Carcinosarcoma","Primary Tumor"
"1013",0.0920192307692308,0.964912280701754,0.0228738609460771,"Uterine Carcinosarcoma","Primary Tumor"
"1014",0.0921153846153846,0.964912280701754,0.0228534089076833,"Uterine Carcinosarcoma","Primary Tumor"
"1015",0.0922115384615385,0.964912280701754,0.0228249653488179,"Uterine Carcinosarcoma","Primary Tumor"
"1016",0.0923076923076923,0.964912280701754,0.0228164458701128,"Uterine Carcinosarcoma","Primary Tumor"
"1017",0.0924038461538462,0.964912280701754,0.0227925429375365,"Uterine Carcinosarcoma","Primary Tumor"
"1018",0.0925,0.964912280701754,0.0226801643739585,"Uterine Carcinosarcoma","Primary Tumor"
"1019",0.0925961538461538,0.964912280701754,0.022543115133933,"Uterine Carcinosarcoma","Primary Tumor"
"1020",0.0926923076923077,0.964912280701754,0.0225187514566439,"Uterine Carcinosarcoma","Primary Tumor"
"1021",0.0927884615384615,0.964912280701754,0.0224498734100934,"Uterine Carcinosarcoma","Primary Tumor"
"1022",0.0928846153846154,0.964912280701754,0.0224131012603592,"Uterine Carcinosarcoma","Primary Tumor"
"1023",0.0929807692307692,0.964912280701754,0.0223520320244338,"Uterine Carcinosarcoma","Primary Tumor"
"1024",0.0930769230769231,0.964912280701754,0.0222855898040437,"Uterine Carcinosarcoma","Primary Tumor"
"1025",0.0931730769230769,0.964912280701754,0.022265206537034,"Uterine Carcinosarcoma","Primary Tumor"
"1026",0.0932692307692308,0.964912280701754,0.0222403221444233,"Uterine Carcinosarcoma","Primary Tumor"
"1027",0.0933653846153846,0.964912280701754,0.0222082486967888,"Uterine Carcinosarcoma","Primary Tumor"
"1028",0.0934615384615385,0.964912280701754,0.0221689059628459,"Uterine Carcinosarcoma","Primary Tumor"
"1029",0.0935576923076923,0.964912280701754,0.0221090350649644,"Uterine Carcinosarcoma","Primary Tumor"
"1030",0.0936538461538462,0.964912280701754,0.0221054702759768,"Uterine Carcinosarcoma","Primary Tumor"
"1031",0.09375,0.964912280701754,0.0220513326349027,"Uterine Carcinosarcoma","Primary Tumor"
"1032",0.0938461538461538,0.964912280701754,0.0220389407134461,"Uterine Carcinosarcoma","Primary Tumor"
"1033",0.0939423076923077,0.964912280701754,0.0220284688283204,"Uterine Carcinosarcoma","Primary Tumor"
"1034",0.0940384615384615,0.964912280701754,0.0220159734794025,"Uterine Carcinosarcoma","Primary Tumor"
"1035",0.0941346153846154,0.964912280701754,0.0219617466012192,"Uterine Carcinosarcoma","Primary Tumor"
"1036",0.0942307692307692,0.964912280701754,0.0219462034833903,"Uterine Carcinosarcoma","Primary Tumor"
"1037",0.0943269230769231,0.964912280701754,0.0218841893143816,"Uterine Carcinosarcoma","Primary Tumor"
"1038",0.0944230769230769,0.964912280701754,0.0218040818647225,"Uterine Carcinosarcoma","Primary Tumor"
"1039",0.0945192307692308,0.964912280701754,0.0217132332453615,"Uterine Carcinosarcoma","Primary Tumor"
"1040",0.0946153846153846,0.964912280701754,0.0216967681125783,"Uterine Carcinosarcoma","Primary Tumor"
"1041",0.0947115384615385,0.964912280701754,0.0216816222127963,"Uterine Carcinosarcoma","Primary Tumor"
"1042",0.0948076923076923,0.964912280701754,0.0216797261236198,"Uterine Carcinosarcoma","Primary Tumor"
"1043",0.0949038461538462,0.964912280701754,0.0216156567583885,"Uterine Carcinosarcoma","Primary Tumor"
"1044",0.095,0.964912280701754,0.0215806407434359,"Uterine Carcinosarcoma","Primary Tumor"
"1045",0.0950961538461538,0.964912280701754,0.0215485999478421,"Uterine Carcinosarcoma","Primary Tumor"
"1046",0.0951923076923077,0.964912280701754,0.0214645992648498,"Uterine Carcinosarcoma","Primary Tumor"
"1047",0.0952884615384615,0.964912280701754,0.0214550059303067,"Uterine Carcinosarcoma","Primary Tumor"
"1048",0.0953846153846154,0.964912280701754,0.021435591060095,"Uterine Carcinosarcoma","Primary Tumor"
"1049",0.0954807692307692,0.964912280701754,0.0214049616846733,"Uterine Carcinosarcoma","Primary Tumor"
"1050",0.0955769230769231,0.964912280701754,0.0213528229218405,"Uterine Carcinosarcoma","Primary Tumor"
"1051",0.0956730769230769,0.964912280701754,0.0213417609050435,"Uterine Carcinosarcoma","Primary Tumor"
"1052",0.0957692307692308,0.964912280701754,0.0213183021830851,"Uterine Carcinosarcoma","Primary Tumor"
"1053",0.0958653846153846,0.964912280701754,0.0212627284448758,"Uterine Carcinosarcoma","Primary Tumor"
"1054",0.0959615384615385,0.964912280701754,0.0212346705633333,"Uterine Carcinosarcoma","Primary Tumor"
"1055",0.0960576923076923,0.964912280701754,0.0212255992835731,"Uterine Carcinosarcoma","Primary Tumor"
"1056",0.0961538461538462,0.964912280701754,0.0211834294227611,"Uterine Carcinosarcoma","Primary Tumor"
"1057",0.09625,0.964912280701754,0.0211543492970723,"Uterine Carcinosarcoma","Primary Tumor"
"1058",0.0963461538461538,0.964912280701754,0.0208307924251167,"Uterine Carcinosarcoma","Primary Tumor"
"1059",0.0964423076923077,0.964912280701754,0.0208267921944184,"Uterine Carcinosarcoma","Primary Tumor"
"1060",0.0965384615384615,0.964912280701754,0.0208168448661237,"Uterine Carcinosarcoma","Primary Tumor"
"1061",0.0966346153846154,0.964912280701754,0.0207951750681006,"Uterine Carcinosarcoma","Primary Tumor"
"1062",0.0967307692307692,0.964912280701754,0.0207536241550264,"Uterine Carcinosarcoma","Primary Tumor"
"1063",0.0968269230769231,0.964912280701754,0.0207216140399704,"Uterine Carcinosarcoma","Primary Tumor"
"1064",0.0969230769230769,0.964912280701754,0.0207090433764717,"Uterine Carcinosarcoma","Primary Tumor"
"1065",0.0970192307692308,0.964912280701754,0.0206773283130001,"Uterine Carcinosarcoma","Primary Tumor"
"1066",0.0971153846153846,0.964912280701754,0.0206724761689656,"Uterine Carcinosarcoma","Primary Tumor"
"1067",0.0972115384615385,0.964912280701754,0.0206578428667784,"Uterine Carcinosarcoma","Primary Tumor"
"1068",0.0973076923076923,0.964912280701754,0.0206476633864866,"Uterine Carcinosarcoma","Primary Tumor"
"1069",0.0974038461538462,0.964912280701754,0.0205271814272547,"Uterine Carcinosarcoma","Primary Tumor"
"1070",0.0975,0.964912280701754,0.0205011785462312,"Uterine Carcinosarcoma","Primary Tumor"
"1071",0.0975961538461538,0.964912280701754,0.0203743225620923,"Uterine Carcinosarcoma","Primary Tumor"
"1072",0.0976923076923077,0.964912280701754,0.0202995598366007,"Uterine Carcinosarcoma","Primary Tumor"
"1073",0.0977884615384615,0.964912280701754,0.020289142926061,"Uterine Carcinosarcoma","Primary Tumor"
"1074",0.0978846153846154,0.964912280701754,0.0202607004245854,"Uterine Carcinosarcoma","Primary Tumor"
"1075",0.0979807692307692,0.964912280701754,0.0202386136374776,"Uterine Carcinosarcoma","Primary Tumor"
"1076",0.0980769230769231,0.964912280701754,0.0201945934481756,"Uterine Carcinosarcoma","Primary Tumor"
"1077",0.0981730769230769,0.964912280701754,0.0200698780495564,"Uterine Carcinosarcoma","Primary Tumor"
"1078",0.0982692307692308,0.964912280701754,0.0200633333805801,"Uterine Carcinosarcoma","Primary Tumor"
"1079",0.0983653846153846,0.964912280701754,0.0200486569451972,"Uterine Carcinosarcoma","Primary Tumor"
"1080",0.0984615384615385,0.964912280701754,0.0200199321156493,"Uterine Carcinosarcoma","Primary Tumor"
"1081",0.0985576923076923,0.964912280701754,0.0199678277560602,"Uterine Carcinosarcoma","Primary Tumor"
"1082",0.0986538461538461,0.964912280701754,0.0199251183255148,"Uterine Carcinosarcoma","Primary Tumor"
"1083",0.09875,0.964912280701754,0.0199115365882595,"Uterine Carcinosarcoma","Primary Tumor"
"1084",0.0988461538461538,0.964912280701754,0.0199049159283805,"Uterine Carcinosarcoma","Primary Tumor"
"1085",0.0989423076923077,0.964912280701754,0.0198930633938766,"Uterine Carcinosarcoma","Primary Tumor"
"1086",0.0990384615384615,0.964912280701754,0.0198404558091685,"Uterine Carcinosarcoma","Primary Tumor"
"1087",0.0991346153846154,0.964912280701754,0.0198311099749169,"Uterine Carcinosarcoma","Primary Tumor"
"1088",0.0992307692307692,0.964912280701754,0.0197715988983882,"Uterine Carcinosarcoma","Primary Tumor"
"1089",0.0993269230769231,0.964912280701754,0.0197443026210442,"Uterine Carcinosarcoma","Primary Tumor"
"1090",0.0994230769230769,0.964912280701754,0.019739186281448,"Uterine Carcinosarcoma","Primary Tumor"
"1091",0.0995192307692308,0.964912280701754,0.019732682832205,"Uterine Carcinosarcoma","Primary Tumor"
"1092",0.0996153846153846,0.964912280701754,0.0197064239021961,"Uterine Carcinosarcoma","Primary Tumor"
"1093",0.0997115384615385,0.964912280701754,0.0196498389765546,"Uterine Carcinosarcoma","Primary Tumor"
"1094",0.0998076923076923,0.964912280701754,0.0196099062566029,"Uterine Carcinosarcoma","Primary Tumor"
"1095",0.0999038461538461,0.964912280701754,0.0195756645805277,"Uterine Carcinosarcoma","Primary Tumor"
"1096",0.1,0.964912280701754,0.0195685847803079,"Uterine Carcinosarcoma","Primary Tumor"
"1097",0.100096153846154,0.964912280701754,0.0195126754443816,"Uterine Carcinosarcoma","Primary Tumor"
"1098",0.100192307692308,0.964912280701754,0.019438210580692,"Uterine Carcinosarcoma","Primary Tumor"
"1099",0.100288461538462,0.964912280701754,0.019374847740092,"Uterine Carcinosarcoma","Primary Tumor"
"1100",0.100384615384615,0.964912280701754,0.0192669015635852,"Uterine Carcinosarcoma","Primary Tumor"
"1101",0.100480769230769,0.964912280701754,0.0192668162928851,"Uterine Carcinosarcoma","Primary Tumor"
"1102",0.100576923076923,0.964912280701754,0.0192051602899265,"Uterine Carcinosarcoma","Primary Tumor"
"1103",0.100673076923077,0.964912280701754,0.0191848444947209,"Uterine Carcinosarcoma","Primary Tumor"
"1104",0.100769230769231,0.964912280701754,0.0191704948483628,"Uterine Carcinosarcoma","Primary Tumor"
"1105",0.100865384615385,0.964912280701754,0.0191500224908744,"Uterine Carcinosarcoma","Primary Tumor"
"1106",0.100961538461538,0.964912280701754,0.0190848349224393,"Uterine Carcinosarcoma","Primary Tumor"
"1107",0.101057692307692,0.964912280701754,0.0190396325560437,"Uterine Carcinosarcoma","Primary Tumor"
"1108",0.101153846153846,0.964912280701754,0.0190326837396444,"Uterine Carcinosarcoma","Primary Tumor"
"1109",0.10125,0.964912280701754,0.0190223663780392,"Uterine Carcinosarcoma","Primary Tumor"
"1110",0.101346153846154,0.964912280701754,0.0190110924884053,"Uterine Carcinosarcoma","Primary Tumor"
"1111",0.101442307692308,0.964912280701754,0.0190027469736505,"Uterine Carcinosarcoma","Primary Tumor"
"1112",0.101538461538462,0.964912280701754,0.0189402620092073,"Uterine Carcinosarcoma","Primary Tumor"
"1113",0.101634615384615,0.964912280701754,0.0189182315645892,"Uterine Carcinosarcoma","Primary Tumor"
"1114",0.101730769230769,0.964912280701754,0.0188801486457157,"Uterine Carcinosarcoma","Primary Tumor"
"1115",0.101826923076923,0.964912280701754,0.0188580604329857,"Uterine Carcinosarcoma","Primary Tumor"
"1116",0.101923076923077,0.964912280701754,0.018842997513155,"Uterine Carcinosarcoma","Primary Tumor"
"1117",0.102019230769231,0.964912280701754,0.018831398130474,"Uterine Carcinosarcoma","Primary Tumor"
"1118",0.102115384615385,0.964912280701754,0.018821670206516,"Uterine Carcinosarcoma","Primary Tumor"
"1119",0.102211538461538,0.964912280701754,0.0188161184484587,"Uterine Carcinosarcoma","Primary Tumor"
"1120",0.102307692307692,0.964912280701754,0.0187170675508971,"Uterine Carcinosarcoma","Primary Tumor"
"1121",0.102403846153846,0.964912280701754,0.0187163369331768,"Uterine Carcinosarcoma","Primary Tumor"
"1122",0.1025,0.964912280701754,0.0186861150566056,"Uterine Carcinosarcoma","Primary Tumor"
"1123",0.102596153846154,0.964912280701754,0.0186027350526892,"Uterine Carcinosarcoma","Primary Tumor"
"1124",0.102692307692308,0.964912280701754,0.0185975521156325,"Uterine Carcinosarcoma","Primary Tumor"
"1125",0.102788461538462,0.964912280701754,0.0184989416766078,"Uterine Carcinosarcoma","Primary Tumor"
"1126",0.102884615384615,0.964912280701754,0.0184881270672803,"Uterine Carcinosarcoma","Primary Tumor"
"1127",0.102980769230769,0.964912280701754,0.0184595206931706,"Uterine Carcinosarcoma","Primary Tumor"
"1128",0.103076923076923,0.964912280701754,0.018456236753547,"Uterine Carcinosarcoma","Primary Tumor"
"1129",0.103173076923077,0.964912280701754,0.0184191447694586,"Uterine Carcinosarcoma","Primary Tumor"
"1130",0.103269230769231,0.964912280701754,0.0184039480839491,"Uterine Carcinosarcoma","Primary Tumor"
"1131",0.103365384615385,0.964912280701754,0.0183834923326597,"Uterine Carcinosarcoma","Primary Tumor"
"1132",0.103461538461538,0.964912280701754,0.0183829809790251,"Uterine Carcinosarcoma","Primary Tumor"
"1133",0.103557692307692,0.964912280701754,0.0183779080102083,"Uterine Carcinosarcoma","Primary Tumor"
"1134",0.103653846153846,0.964912280701754,0.0183681791814534,"Uterine Carcinosarcoma","Primary Tumor"
"1135",0.10375,0.964912280701754,0.0183560391511914,"Uterine Carcinosarcoma","Primary Tumor"
"1136",0.103846153846154,0.964912280701754,0.0183435578168518,"Uterine Carcinosarcoma","Primary Tumor"
"1137",0.103942307692308,0.964912280701754,0.0183183776016237,"Uterine Carcinosarcoma","Primary Tumor"
"1138",0.104038461538462,0.964912280701754,0.0183064684239582,"Uterine Carcinosarcoma","Primary Tumor"
"1139",0.104134615384615,0.964912280701754,0.0182886117287295,"Uterine Carcinosarcoma","Primary Tumor"
"1140",0.104230769230769,0.964912280701754,0.0182778738513451,"Uterine Carcinosarcoma","Primary Tumor"
"1141",0.104326923076923,0.964912280701754,0.018276400910256,"Uterine Carcinosarcoma","Primary Tumor"
"1142",0.104423076923077,0.964912280701754,0.0182416839651371,"Uterine Carcinosarcoma","Primary Tumor"
"1143",0.104519230769231,0.964912280701754,0.0182176589750386,"Uterine Carcinosarcoma","Primary Tumor"
"1144",0.104615384615385,0.964912280701754,0.0181420135016668,"Uterine Carcinosarcoma","Primary Tumor"
"1145",0.104711538461538,0.964912280701754,0.0181030383673325,"Uterine Carcinosarcoma","Primary Tumor"
"1146",0.104807692307692,0.964912280701754,0.0180922219652517,"Uterine Carcinosarcoma","Primary Tumor"
"1147",0.104903846153846,0.964912280701754,0.0180173932145185,"Uterine Carcinosarcoma","Primary Tumor"
"1148",0.105,0.964912280701754,0.0179679777368856,"Uterine Carcinosarcoma","Primary Tumor"
"1149",0.105096153846154,0.964912280701754,0.0178582794947425,"Uterine Carcinosarcoma","Primary Tumor"
"1150",0.105192307692308,0.964912280701754,0.0178459893426719,"Uterine Carcinosarcoma","Primary Tumor"
"1151",0.105288461538462,0.964912280701754,0.0178168478728821,"Uterine Carcinosarcoma","Primary Tumor"
"1152",0.105384615384615,0.964912280701754,0.0177763110723483,"Uterine Carcinosarcoma","Primary Tumor"
"1153",0.105480769230769,0.964912280701754,0.0177398575411244,"Uterine Carcinosarcoma","Primary Tumor"
"1154",0.105576923076923,0.964912280701754,0.017734316530101,"Uterine Carcinosarcoma","Primary Tumor"
"1155",0.105673076923077,0.964912280701754,0.0177007165135874,"Uterine Carcinosarcoma","Primary Tumor"
"1156",0.105769230769231,0.964912280701754,0.0176983077354445,"Uterine Carcinosarcoma","Primary Tumor"
"1157",0.105865384615385,0.964912280701754,0.0176900844539253,"Uterine Carcinosarcoma","Primary Tumor"
"1158",0.105961538461538,0.964912280701754,0.0176742109900547,"Uterine Carcinosarcoma","Primary Tumor"
"1159",0.106057692307692,0.964912280701754,0.017604406614075,"Uterine Carcinosarcoma","Primary Tumor"
"1160",0.106153846153846,0.964912280701754,0.0176040184761336,"Uterine Carcinosarcoma","Primary Tumor"
"1161",0.10625,0.964912280701754,0.0175999029854227,"Uterine Carcinosarcoma","Primary Tumor"
"1162",0.106346153846154,0.964912280701754,0.0175781026154976,"Uterine Carcinosarcoma","Primary Tumor"
"1163",0.106442307692308,0.964912280701754,0.0175645356860885,"Uterine Carcinosarcoma","Primary Tumor"
"1164",0.106538461538462,0.964912280701754,0.0174650620754547,"Uterine Carcinosarcoma","Primary Tumor"
"1165",0.106634615384615,0.964912280701754,0.0174431645764666,"Uterine Carcinosarcoma","Primary Tumor"
"1166",0.106730769230769,0.964912280701754,0.0174211201429292,"Uterine Carcinosarcoma","Primary Tumor"
"1167",0.106826923076923,0.964912280701754,0.0174104932146338,"Uterine Carcinosarcoma","Primary Tumor"
"1168",0.106923076923077,0.964912280701754,0.0174089435100226,"Uterine Carcinosarcoma","Primary Tumor"
"1169",0.107019230769231,0.964912280701754,0.0173309190198189,"Uterine Carcinosarcoma","Primary Tumor"
"1170",0.107115384615385,0.964912280701754,0.0173169931076733,"Uterine Carcinosarcoma","Primary Tumor"
"1171",0.107211538461538,0.964912280701754,0.0172804582813764,"Uterine Carcinosarcoma","Primary Tumor"
"1172",0.107307692307692,0.964912280701754,0.0172717953189031,"Uterine Carcinosarcoma","Primary Tumor"
"1173",0.107403846153846,0.964912280701754,0.0172456336747866,"Uterine Carcinosarcoma","Primary Tumor"
"1174",0.1075,0.964912280701754,0.017241817620142,"Uterine Carcinosarcoma","Primary Tumor"
"1175",0.107596153846154,0.964912280701754,0.017189317237482,"Uterine Carcinosarcoma","Primary Tumor"
"1176",0.107692307692308,0.964912280701754,0.0171858028364608,"Uterine Carcinosarcoma","Primary Tumor"
"1177",0.107788461538462,0.964912280701754,0.0170744487475175,"Uterine Carcinosarcoma","Primary Tumor"
"1178",0.107884615384615,0.964912280701754,0.0170734035688006,"Uterine Carcinosarcoma","Primary Tumor"
"1179",0.107980769230769,0.964912280701754,0.0170627940169042,"Uterine Carcinosarcoma","Primary Tumor"
"1180",0.108076923076923,0.964912280701754,0.0170616015838998,"Uterine Carcinosarcoma","Primary Tumor"
"1181",0.108173076923077,0.964912280701754,0.0170532320026443,"Uterine Carcinosarcoma","Primary Tumor"
"1182",0.108269230769231,0.964912280701754,0.0169820096935023,"Uterine Carcinosarcoma","Primary Tumor"
"1183",0.108365384615385,0.964912280701754,0.0169776314326839,"Uterine Carcinosarcoma","Primary Tumor"
"1184",0.108461538461538,0.964912280701754,0.0168708516353104,"Uterine Carcinosarcoma","Primary Tumor"
"1185",0.108557692307692,0.964912280701754,0.0168430828860443,"Uterine Carcinosarcoma","Primary Tumor"
"1186",0.108653846153846,0.964912280701754,0.016837443495023,"Uterine Carcinosarcoma","Primary Tumor"
"1187",0.10875,0.964912280701754,0.0168139174112459,"Uterine Carcinosarcoma","Primary Tumor"
"1188",0.108846153846154,0.964912280701754,0.0167850641382343,"Uterine Carcinosarcoma","Primary Tumor"
"1189",0.108942307692308,0.964912280701754,0.0167714713813316,"Uterine Carcinosarcoma","Primary Tumor"
"1190",0.109038461538462,0.964912280701754,0.0166686523450458,"Uterine Carcinosarcoma","Primary Tumor"
"1191",0.109134615384615,0.964912280701754,0.0166572147959897,"Uterine Carcinosarcoma","Primary Tumor"
"1192",0.109230769230769,0.964912280701754,0.0166548151704343,"Uterine Carcinosarcoma","Primary Tumor"
"1193",0.109326923076923,0.964912280701754,0.016650780438789,"Uterine Carcinosarcoma","Primary Tumor"
"1194",0.109423076923077,0.964912280701754,0.0166092827712739,"Uterine Carcinosarcoma","Primary Tumor"
"1195",0.109519230769231,0.964912280701754,0.0165799928664021,"Uterine Carcinosarcoma","Primary Tumor"
"1196",0.109615384615385,0.964912280701754,0.0165683500006271,"Uterine Carcinosarcoma","Primary Tumor"
"1197",0.109711538461538,0.964912280701754,0.0165596738275541,"Uterine Carcinosarcoma","Primary Tumor"
"1198",0.109807692307692,0.964912280701754,0.0165443770046259,"Uterine Carcinosarcoma","Primary Tumor"
"1199",0.109903846153846,0.964912280701754,0.0165439290817866,"Uterine Carcinosarcoma","Primary Tumor"
"1200",0.11,0.964912280701754,0.0165244352883065,"Uterine Carcinosarcoma","Primary Tumor"
"1201",0.110096153846154,0.964912280701754,0.0165215333103249,"Uterine Carcinosarcoma","Primary Tumor"
"1202",0.110192307692308,0.964912280701754,0.0165127505996773,"Uterine Carcinosarcoma","Primary Tumor"
"1203",0.110288461538462,0.964912280701754,0.0164940871135305,"Uterine Carcinosarcoma","Primary Tumor"
"1204",0.110384615384615,0.964912280701754,0.0164842702677311,"Uterine Carcinosarcoma","Primary Tumor"
"1205",0.110480769230769,0.964912280701754,0.0164591636527988,"Uterine Carcinosarcoma","Primary Tumor"
"1206",0.110576923076923,0.964912280701754,0.0164415841136162,"Uterine Carcinosarcoma","Primary Tumor"
"1207",0.110673076923077,0.964912280701754,0.0164012975957838,"Uterine Carcinosarcoma","Primary Tumor"
"1208",0.110769230769231,0.964912280701754,0.0163967616684434,"Uterine Carcinosarcoma","Primary Tumor"
"1209",0.110865384615385,0.964912280701754,0.0163375641253524,"Uterine Carcinosarcoma","Primary Tumor"
"1210",0.110961538461538,0.964912280701754,0.0163049897104689,"Uterine Carcinosarcoma","Primary Tumor"
"1211",0.111057692307692,0.964912280701754,0.0162713601924021,"Uterine Carcinosarcoma","Primary Tumor"
"1212",0.111153846153846,0.964912280701754,0.0162595954654741,"Uterine Carcinosarcoma","Primary Tumor"
"1213",0.11125,0.964912280701754,0.0162448144231054,"Uterine Carcinosarcoma","Primary Tumor"
"1214",0.111346153846154,0.964912280701754,0.0162002290074764,"Uterine Carcinosarcoma","Primary Tumor"
"1215",0.111442307692308,0.964912280701754,0.0161917035181919,"Uterine Carcinosarcoma","Primary Tumor"
"1216",0.111538461538462,0.964912280701754,0.0161842893189775,"Uterine Carcinosarcoma","Primary Tumor"
"1217",0.111634615384615,0.964912280701754,0.0161842816068911,"Uterine Carcinosarcoma","Primary Tumor"
"1218",0.111730769230769,0.964912280701754,0.0161514786911107,"Uterine Carcinosarcoma","Primary Tumor"
"1219",0.111826923076923,0.964912280701754,0.016118090456971,"Uterine Carcinosarcoma","Primary Tumor"
"1220",0.111923076923077,0.964912280701754,0.0160715249270869,"Uterine Carcinosarcoma","Primary Tumor"
"1221",0.112019230769231,0.964912280701754,0.016066510469448,"Uterine Carcinosarcoma","Primary Tumor"
"1222",0.112115384615385,0.964912280701754,0.0160608827788401,"Uterine Carcinosarcoma","Primary Tumor"
"1223",0.112211538461538,0.964912280701754,0.015981255692388,"Uterine Carcinosarcoma","Primary Tumor"
"1224",0.112307692307692,0.964912280701754,0.0159378733809873,"Uterine Carcinosarcoma","Primary Tumor"
"1225",0.112403846153846,0.964912280701754,0.0159081259386312,"Uterine Carcinosarcoma","Primary Tumor"
"1226",0.1125,0.964912280701754,0.0158909286926752,"Uterine Carcinosarcoma","Primary Tumor"
"1227",0.112596153846154,0.964912280701754,0.0158307924494824,"Uterine Carcinosarcoma","Primary Tumor"
"1228",0.112692307692308,0.964912280701754,0.0157801897910307,"Uterine Carcinosarcoma","Primary Tumor"
"1229",0.112788461538462,0.964912280701754,0.0157654822853873,"Uterine Carcinosarcoma","Primary Tumor"
"1230",0.112884615384615,0.964912280701754,0.0157643134228317,"Uterine Carcinosarcoma","Primary Tumor"
"1231",0.112980769230769,0.964912280701754,0.0157434930989953,"Uterine Carcinosarcoma","Primary Tumor"
"1232",0.113076923076923,0.964912280701754,0.0157281132134506,"Uterine Carcinosarcoma","Primary Tumor"
"1233",0.113173076923077,0.964912280701754,0.0156947355841039,"Uterine Carcinosarcoma","Primary Tumor"
"1234",0.113269230769231,0.964912280701754,0.0156911140132011,"Uterine Carcinosarcoma","Primary Tumor"
"1235",0.113365384615385,0.964912280701754,0.0156715097952201,"Uterine Carcinosarcoma","Primary Tumor"
"1236",0.113461538461538,0.964912280701754,0.0156618709146397,"Uterine Carcinosarcoma","Primary Tumor"
"1237",0.113557692307692,0.964912280701754,0.0156351519411363,"Uterine Carcinosarcoma","Primary Tumor"
"1238",0.113653846153846,0.964912280701754,0.0156139234882114,"Uterine Carcinosarcoma","Primary Tumor"
"1239",0.11375,0.964912280701754,0.0156126433649668,"Uterine Carcinosarcoma","Primary Tumor"
"1240",0.113846153846154,0.964912280701754,0.0155855144381785,"Uterine Carcinosarcoma","Primary Tumor"
"1241",0.113942307692308,0.964912280701754,0.0155683383141545,"Uterine Carcinosarcoma","Primary Tumor"
"1242",0.114038461538462,0.964912280701754,0.0155478018253294,"Uterine Carcinosarcoma","Primary Tumor"
"1243",0.114134615384615,0.964912280701754,0.0154414326946443,"Uterine Carcinosarcoma","Primary Tumor"
"1244",0.114230769230769,0.964912280701754,0.0154294016327887,"Uterine Carcinosarcoma","Primary Tumor"
"1245",0.114326923076923,0.964912280701754,0.0154245893489809,"Uterine Carcinosarcoma","Primary Tumor"
"1246",0.114423076923077,0.964912280701754,0.0154013772821425,"Uterine Carcinosarcoma","Primary Tumor"
"1247",0.114519230769231,0.964912280701754,0.0154013737305406,"Uterine Carcinosarcoma","Primary Tumor"
"1248",0.114615384615385,0.964912280701754,0.0153922170776523,"Uterine Carcinosarcoma","Primary Tumor"
"1249",0.114711538461538,0.964912280701754,0.0153459430015827,"Uterine Carcinosarcoma","Primary Tumor"
"1250",0.114807692307692,0.964912280701754,0.0153357466088838,"Uterine Carcinosarcoma","Primary Tumor"
"1251",0.114903846153846,0.964912280701754,0.0153279346896348,"Uterine Carcinosarcoma","Primary Tumor"
"1252",0.115,0.964912280701754,0.0153027659658822,"Uterine Carcinosarcoma","Primary Tumor"
"1253",0.115096153846154,0.964912280701754,0.0153002135748144,"Uterine Carcinosarcoma","Primary Tumor"
"1254",0.115192307692308,0.964912280701754,0.015300140549322,"Uterine Carcinosarcoma","Primary Tumor"
"1255",0.115288461538462,0.964912280701754,0.0152897761413054,"Uterine Carcinosarcoma","Primary Tumor"
"1256",0.115384615384615,0.964912280701754,0.0152056820451734,"Uterine Carcinosarcoma","Primary Tumor"
"1257",0.115480769230769,0.964912280701754,0.0151821715400503,"Uterine Carcinosarcoma","Primary Tumor"
"1258",0.115576923076923,0.964912280701754,0.0151689473396025,"Uterine Carcinosarcoma","Primary Tumor"
"1259",0.115673076923077,0.964912280701754,0.0151492073752496,"Uterine Carcinosarcoma","Primary Tumor"
"1260",0.115769230769231,0.964912280701754,0.0150939307517878,"Uterine Carcinosarcoma","Primary Tumor"
"1261",0.115865384615385,0.964912280701754,0.0150123673969067,"Uterine Carcinosarcoma","Primary Tumor"
"1262",0.115961538461538,0.964912280701754,0.0150020030966121,"Uterine Carcinosarcoma","Primary Tumor"
"1263",0.116057692307692,0.964912280701754,0.0149998210927859,"Uterine Carcinosarcoma","Primary Tumor"
"1264",0.116153846153846,0.964912280701754,0.014973861645073,"Uterine Carcinosarcoma","Primary Tumor"
"1265",0.11625,0.964912280701754,0.0149642821823243,"Uterine Carcinosarcoma","Primary Tumor"
"1266",0.116346153846154,0.964912280701754,0.0149064307818644,"Uterine Carcinosarcoma","Primary Tumor"
"1267",0.116442307692308,0.964912280701754,0.0148199645997958,"Uterine Carcinosarcoma","Primary Tumor"
"1268",0.116538461538462,0.964912280701754,0.0148105777267756,"Uterine Carcinosarcoma","Primary Tumor"
"1269",0.116634615384615,0.964912280701754,0.0147556599152651,"Uterine Carcinosarcoma","Primary Tumor"
"1270",0.116730769230769,0.964912280701754,0.0147416257252238,"Uterine Carcinosarcoma","Primary Tumor"
"1271",0.116826923076923,0.964912280701754,0.0147331458358458,"Uterine Carcinosarcoma","Primary Tumor"
"1272",0.116923076923077,0.964912280701754,0.0147321018627747,"Uterine Carcinosarcoma","Primary Tumor"
"1273",0.117019230769231,0.964912280701754,0.0146714581442987,"Uterine Carcinosarcoma","Primary Tumor"
"1274",0.117115384615385,0.964912280701754,0.0146589936549512,"Uterine Carcinosarcoma","Primary Tumor"
"1275",0.117211538461538,0.964912280701754,0.0146515093731484,"Uterine Carcinosarcoma","Primary Tumor"
"1276",0.117307692307692,0.964912280701754,0.014636020652008,"Uterine Carcinosarcoma","Primary Tumor"
"1277",0.117403846153846,0.964912280701754,0.0146344040459346,"Uterine Carcinosarcoma","Primary Tumor"
"1278",0.1175,0.964912280701754,0.0146148639023235,"Uterine Carcinosarcoma","Primary Tumor"
"1279",0.117596153846154,0.964912280701754,0.0145912808783684,"Uterine Carcinosarcoma","Primary Tumor"
"1280",0.117692307692308,0.964912280701754,0.0145797723399177,"Uterine Carcinosarcoma","Primary Tumor"
"1281",0.117788461538462,0.964912280701754,0.0145728879477875,"Uterine Carcinosarcoma","Primary Tumor"
"1282",0.117884615384615,0.964912280701754,0.0145654577329265,"Uterine Carcinosarcoma","Primary Tumor"
"1283",0.117980769230769,0.964912280701754,0.014563298725945,"Uterine Carcinosarcoma","Primary Tumor"
"1284",0.118076923076923,0.964912280701754,0.014561436004049,"Uterine Carcinosarcoma","Primary Tumor"
"1285",0.118173076923077,0.964912280701754,0.0145534267989537,"Uterine Carcinosarcoma","Primary Tumor"
"1286",0.118269230769231,0.964912280701754,0.0145063011551453,"Uterine Carcinosarcoma","Primary Tumor"
"1287",0.118365384615385,0.964912280701754,0.0145001740806244,"Uterine Carcinosarcoma","Primary Tumor"
"1288",0.118461538461538,0.964912280701754,0.0143891236791643,"Uterine Carcinosarcoma","Primary Tumor"
"1289",0.118557692307692,0.964912280701754,0.0143769041721171,"Uterine Carcinosarcoma","Primary Tumor"
"1290",0.118653846153846,0.964912280701754,0.0143759536273469,"Uterine Carcinosarcoma","Primary Tumor"
"1291",0.11875,0.964912280701754,0.014360423894491,"Uterine Carcinosarcoma","Primary Tumor"
"1292",0.118846153846154,0.964912280701754,0.0143420286979081,"Uterine Carcinosarcoma","Primary Tumor"
"1293",0.118942307692308,0.964912280701754,0.0143281369943877,"Uterine Carcinosarcoma","Primary Tumor"
"1294",0.119038461538462,0.964912280701754,0.0142737549710021,"Uterine Carcinosarcoma","Primary Tumor"
"1295",0.119134615384615,0.964912280701754,0.0142462390591189,"Uterine Carcinosarcoma","Primary Tumor"
"1296",0.119230769230769,0.964912280701754,0.0142381230373608,"Uterine Carcinosarcoma","Primary Tumor"
"1297",0.119326923076923,0.964912280701754,0.0141955443367071,"Uterine Carcinosarcoma","Primary Tumor"
"1298",0.119423076923077,0.964912280701754,0.0141877754497156,"Uterine Carcinosarcoma","Primary Tumor"
"1299",0.119519230769231,0.964912280701754,0.0141660500771051,"Uterine Carcinosarcoma","Primary Tumor"
"1300",0.119615384615385,0.964912280701754,0.0141092018364849,"Uterine Carcinosarcoma","Primary Tumor"
"1301",0.119711538461538,0.964912280701754,0.0140948030163056,"Uterine Carcinosarcoma","Primary Tumor"
"1302",0.119807692307692,0.964912280701754,0.0140707060865631,"Uterine Carcinosarcoma","Primary Tumor"
"1303",0.119903846153846,0.964912280701754,0.0140681301149524,"Uterine Carcinosarcoma","Primary Tumor"
"1304",0.12,0.964912280701754,0.0140599258147767,"Uterine Carcinosarcoma","Primary Tumor"
"1305",0.120096153846154,0.964912280701754,0.0140484332724291,"Uterine Carcinosarcoma","Primary Tumor"
"1306",0.120192307692308,0.964912280701754,0.0139617741681571,"Uterine Carcinosarcoma","Primary Tumor"
"1307",0.120288461538462,0.964912280701754,0.0139433685280055,"Uterine Carcinosarcoma","Primary Tumor"
"1308",0.120384615384615,0.964912280701754,0.0139379810435987,"Uterine Carcinosarcoma","Primary Tumor"
"1309",0.120480769230769,0.964912280701754,0.0139315780098126,"Uterine Carcinosarcoma","Primary Tumor"
"1310",0.120576923076923,0.964912280701754,0.0139236314658149,"Uterine Carcinosarcoma","Primary Tumor"
"1311",0.120673076923077,0.964912280701754,0.013911153335153,"Uterine Carcinosarcoma","Primary Tumor"
"1312",0.120769230769231,0.964912280701754,0.0138956806589323,"Uterine Carcinosarcoma","Primary Tumor"
"1313",0.120865384615385,0.964912280701754,0.0138950415256798,"Uterine Carcinosarcoma","Primary Tumor"
"1314",0.120961538461538,0.964912280701754,0.0138730083273695,"Uterine Carcinosarcoma","Primary Tumor"
"1315",0.121057692307692,0.964912280701754,0.0138634556997184,"Uterine Carcinosarcoma","Primary Tumor"
"1316",0.121153846153846,0.964912280701754,0.0138233910764273,"Uterine Carcinosarcoma","Primary Tumor"
"1317",0.12125,0.964912280701754,0.0138046664928142,"Uterine Carcinosarcoma","Primary Tumor"
"1318",0.121346153846154,0.964912280701754,0.0137940218487396,"Uterine Carcinosarcoma","Primary Tumor"
"1319",0.121442307692308,0.964912280701754,0.013781195949948,"Uterine Carcinosarcoma","Primary Tumor"
"1320",0.121538461538462,0.964912280701754,0.0137776861648002,"Uterine Carcinosarcoma","Primary Tumor"
"1321",0.121634615384615,0.964912280701754,0.0137656065710956,"Uterine Carcinosarcoma","Primary Tumor"
"1322",0.121730769230769,0.964912280701754,0.0137385370819829,"Uterine Carcinosarcoma","Primary Tumor"
"1323",0.121826923076923,0.964912280701754,0.0137341517538081,"Uterine Carcinosarcoma","Primary Tumor"
"1324",0.121923076923077,0.964912280701754,0.0137292468565815,"Uterine Carcinosarcoma","Primary Tumor"
"1325",0.122019230769231,0.964912280701754,0.0136827825175866,"Uterine Carcinosarcoma","Primary Tumor"
"1326",0.122115384615385,0.964912280701754,0.0136716825555906,"Uterine Carcinosarcoma","Primary Tumor"
"1327",0.122211538461538,0.964912280701754,0.013656801195173,"Uterine Carcinosarcoma","Primary Tumor"
"1328",0.122307692307692,0.964912280701754,0.0136383699594884,"Uterine Carcinosarcoma","Primary Tumor"
"1329",0.122403846153846,0.964912280701754,0.0136258315921057,"Uterine Carcinosarcoma","Primary Tumor"
"1330",0.1225,0.964912280701754,0.0136245370274344,"Uterine Carcinosarcoma","Primary Tumor"
"1331",0.122596153846154,0.964912280701754,0.0136221420879026,"Uterine Carcinosarcoma","Primary Tumor"
"1332",0.122692307692308,0.964912280701754,0.0135732676319846,"Uterine Carcinosarcoma","Primary Tumor"
"1333",0.122788461538462,0.964912280701754,0.0135254863534576,"Uterine Carcinosarcoma","Primary Tumor"
"1334",0.122884615384615,0.964912280701754,0.0135097639652885,"Uterine Carcinosarcoma","Primary Tumor"
"1335",0.122980769230769,0.964912280701754,0.0134766424513513,"Uterine Carcinosarcoma","Primary Tumor"
"1336",0.123076923076923,0.964912280701754,0.0134730920699024,"Uterine Carcinosarcoma","Primary Tumor"
"1337",0.123173076923077,0.964912280701754,0.0134700902078291,"Uterine Carcinosarcoma","Primary Tumor"
"1338",0.123269230769231,0.964912280701754,0.0134621282100459,"Uterine Carcinosarcoma","Primary Tumor"
"1339",0.123365384615385,0.964912280701754,0.0134483811212753,"Uterine Carcinosarcoma","Primary Tumor"
"1340",0.123461538461538,0.964912280701754,0.0134044338574897,"Uterine Carcinosarcoma","Primary Tumor"
"1341",0.123557692307692,0.964912280701754,0.0133797586461872,"Uterine Carcinosarcoma","Primary Tumor"
"1342",0.123653846153846,0.964912280701754,0.0133568521127827,"Uterine Carcinosarcoma","Primary Tumor"
"1343",0.12375,0.964912280701754,0.0133485718905467,"Uterine Carcinosarcoma","Primary Tumor"
"1344",0.123846153846154,0.964912280701754,0.0133468991603414,"Uterine Carcinosarcoma","Primary Tumor"
"1345",0.123942307692308,0.964912280701754,0.0133422490043457,"Uterine Carcinosarcoma","Primary Tumor"
"1346",0.124038461538462,0.964912280701754,0.013319438211075,"Uterine Carcinosarcoma","Primary Tumor"
"1347",0.124134615384615,0.964912280701754,0.0133125621642014,"Uterine Carcinosarcoma","Primary Tumor"
"1348",0.124230769230769,0.964912280701754,0.0132923463992396,"Uterine Carcinosarcoma","Primary Tumor"
"1349",0.124326923076923,0.964912280701754,0.0132862998542279,"Uterine Carcinosarcoma","Primary Tumor"
"1350",0.124423076923077,0.964912280701754,0.0132283667483061,"Uterine Carcinosarcoma","Primary Tumor"
"1351",0.124519230769231,0.964912280701754,0.0132217705661051,"Uterine Carcinosarcoma","Primary Tumor"
"1352",0.124615384615385,0.964912280701754,0.0132127317137708,"Uterine Carcinosarcoma","Primary Tumor"
"1353",0.124711538461538,0.964912280701754,0.0131893128360018,"Uterine Carcinosarcoma","Primary Tumor"
"1354",0.124807692307692,0.964912280701754,0.0131735993336985,"Uterine Carcinosarcoma","Primary Tumor"
"1355",0.124903846153846,0.964912280701754,0.0131727058904502,"Uterine Carcinosarcoma","Primary Tumor"
"1356",0.125,0.964912280701754,0.0131414543940634,"Uterine Carcinosarcoma","Primary Tumor"
"1357",0.125096153846154,0.964912280701754,0.0131228070402118,"Uterine Carcinosarcoma","Primary Tumor"
"1358",0.125192307692308,0.964912280701754,0.0130973564934819,"Uterine Carcinosarcoma","Primary Tumor"
"1359",0.125288461538462,0.964912280701754,0.0130898126993637,"Uterine Carcinosarcoma","Primary Tumor"
"1360",0.125384615384615,0.964912280701754,0.0130030526771819,"Uterine Carcinosarcoma","Primary Tumor"
"1361",0.125480769230769,0.964912280701754,0.012975791813868,"Uterine Carcinosarcoma","Primary Tumor"
"1362",0.125576923076923,0.964912280701754,0.0129737724526051,"Uterine Carcinosarcoma","Primary Tumor"
"1363",0.125673076923077,0.964912280701754,0.0129232361376814,"Uterine Carcinosarcoma","Primary Tumor"
"1364",0.125769230769231,0.964912280701754,0.0128914110904452,"Uterine Carcinosarcoma","Primary Tumor"
"1365",0.125865384615385,0.964912280701754,0.0128825702290272,"Uterine Carcinosarcoma","Primary Tumor"
"1366",0.125961538461538,0.964912280701754,0.0128695135389311,"Uterine Carcinosarcoma","Primary Tumor"
"1367",0.126057692307692,0.964912280701754,0.0128174600872213,"Uterine Carcinosarcoma","Primary Tumor"
"1368",0.126153846153846,0.964912280701754,0.0128029677496646,"Uterine Carcinosarcoma","Primary Tumor"
"1369",0.12625,0.964912280701754,0.0127960009195133,"Uterine Carcinosarcoma","Primary Tumor"
"1370",0.126346153846154,0.964912280701754,0.0127514549234593,"Uterine Carcinosarcoma","Primary Tumor"
"1371",0.126442307692308,0.964912280701754,0.0127292309965975,"Uterine Carcinosarcoma","Primary Tumor"
"1372",0.126538461538462,0.964912280701754,0.0127104127448086,"Uterine Carcinosarcoma","Primary Tumor"
"1373",0.126634615384615,0.964912280701754,0.0127090979488765,"Uterine Carcinosarcoma","Primary Tumor"
"1374",0.126730769230769,0.964912280701754,0.0127038474929119,"Uterine Carcinosarcoma","Primary Tumor"
"1375",0.126826923076923,0.964912280701754,0.0127010559920258,"Uterine Carcinosarcoma","Primary Tumor"
"1376",0.126923076923077,0.964912280701754,0.0126991804763125,"Uterine Carcinosarcoma","Primary Tumor"
"1377",0.127019230769231,0.964912280701754,0.0126911152804131,"Uterine Carcinosarcoma","Primary Tumor"
"1378",0.127115384615385,0.964912280701754,0.0126841655456895,"Uterine Carcinosarcoma","Primary Tumor"
"1379",0.127211538461538,0.964912280701754,0.0126833825029836,"Uterine Carcinosarcoma","Primary Tumor"
"1380",0.127307692307692,0.964912280701754,0.012654412021415,"Uterine Carcinosarcoma","Primary Tumor"
"1381",0.127403846153846,0.964912280701754,0.0126500378467423,"Uterine Carcinosarcoma","Primary Tumor"
"1382",0.1275,0.964912280701754,0.0126404375461728,"Uterine Carcinosarcoma","Primary Tumor"
"1383",0.127596153846154,0.964912280701754,0.012590679730509,"Uterine Carcinosarcoma","Primary Tumor"
"1384",0.127692307692308,0.964912280701754,0.0125721944426634,"Uterine Carcinosarcoma","Primary Tumor"
"1385",0.127788461538462,0.964912280701754,0.0125651215904296,"Uterine Carcinosarcoma","Primary Tumor"
"1386",0.127884615384615,0.964912280701754,0.0125493163241964,"Uterine Carcinosarcoma","Primary Tumor"
"1387",0.127980769230769,0.964912280701754,0.0125210850672161,"Uterine Carcinosarcoma","Primary Tumor"
"1388",0.128076923076923,0.964912280701754,0.0124699553367005,"Uterine Carcinosarcoma","Primary Tumor"
"1389",0.128173076923077,0.964912280701754,0.0124617634894235,"Uterine Carcinosarcoma","Primary Tumor"
"1390",0.128269230769231,0.964912280701754,0.0124575306163726,"Uterine Carcinosarcoma","Primary Tumor"
"1391",0.128365384615385,0.964912280701754,0.012455674972273,"Uterine Carcinosarcoma","Primary Tumor"
"1392",0.128461538461538,0.964912280701754,0.0124502774495053,"Uterine Carcinosarcoma","Primary Tumor"
"1393",0.128557692307692,0.964912280701754,0.0124209020384245,"Uterine Carcinosarcoma","Primary Tumor"
"1394",0.128653846153846,0.964912280701754,0.012419825496882,"Uterine Carcinosarcoma","Primary Tumor"
"1395",0.12875,0.964912280701754,0.0124094860769979,"Uterine Carcinosarcoma","Primary Tumor"
"1396",0.128846153846154,0.964912280701754,0.0124074173004193,"Uterine Carcinosarcoma","Primary Tumor"
"1397",0.128942307692308,0.964912280701754,0.0123293869154593,"Uterine Carcinosarcoma","Primary Tumor"
"1398",0.129038461538462,0.964912280701754,0.0123074624341697,"Uterine Carcinosarcoma","Primary Tumor"
"1399",0.129134615384615,0.964912280701754,0.0122787558767364,"Uterine Carcinosarcoma","Primary Tumor"
"1400",0.129230769230769,0.964912280701754,0.012271418987543,"Uterine Carcinosarcoma","Primary Tumor"
"1401",0.129326923076923,0.964912280701754,0.01226986421403,"Uterine Carcinosarcoma","Primary Tumor"
"1402",0.129423076923077,0.964912280701754,0.0122680029012742,"Uterine Carcinosarcoma","Primary Tumor"
"1403",0.129519230769231,0.964912280701754,0.0122552142370721,"Uterine Carcinosarcoma","Primary Tumor"
"1404",0.129615384615385,0.964912280701754,0.0122491549680108,"Uterine Carcinosarcoma","Primary Tumor"
"1405",0.129711538461538,0.964912280701754,0.0122321789904755,"Uterine Carcinosarcoma","Primary Tumor"
"1406",0.129807692307692,0.964912280701754,0.0122291055873525,"Uterine Carcinosarcoma","Primary Tumor"
"1407",0.129903846153846,0.964912280701754,0.0122127439555652,"Uterine Carcinosarcoma","Primary Tumor"
"1408",0.13,0.964912280701754,0.0122111793592522,"Uterine Carcinosarcoma","Primary Tumor"
"1409",0.130096153846154,0.964912280701754,0.0122048351085969,"Uterine Carcinosarcoma","Primary Tumor"
"1410",0.130192307692308,0.964912280701754,0.012195581753397,"Uterine Carcinosarcoma","Primary Tumor"
"1411",0.130288461538462,0.964912280701754,0.0121845552364138,"Uterine Carcinosarcoma","Primary Tumor"
"1412",0.130384615384615,0.964912280701754,0.0121641121331505,"Uterine Carcinosarcoma","Primary Tumor"
"1413",0.130480769230769,0.964912280701754,0.0121456811983598,"Uterine Carcinosarcoma","Primary Tumor"
"1414",0.130576923076923,0.964912280701754,0.0121348000433533,"Uterine Carcinosarcoma","Primary Tumor"
"1415",0.130673076923077,0.964912280701754,0.0121083014148083,"Uterine Carcinosarcoma","Primary Tumor"
"1416",0.130769230769231,0.964912280701754,0.0120947437518633,"Uterine Carcinosarcoma","Primary Tumor"
"1417",0.130865384615385,0.964912280701754,0.0120945832665658,"Uterine Carcinosarcoma","Primary Tumor"
"1418",0.130961538461538,0.964912280701754,0.0120876997556039,"Uterine Carcinosarcoma","Primary Tumor"
"1419",0.131057692307692,0.964912280701754,0.0120816760957277,"Uterine Carcinosarcoma","Primary Tumor"
"1420",0.131153846153846,0.964912280701754,0.0120530653084944,"Uterine Carcinosarcoma","Primary Tumor"
"1421",0.13125,0.964912280701754,0.0120415343697241,"Uterine Carcinosarcoma","Primary Tumor"
"1422",0.131346153846154,0.964912280701754,0.0120327406602927,"Uterine Carcinosarcoma","Primary Tumor"
"1423",0.131442307692308,0.964912280701754,0.012013090841299,"Uterine Carcinosarcoma","Primary Tumor"
"1424",0.131538461538462,0.964912280701754,0.0120116641690472,"Uterine Carcinosarcoma","Primary Tumor"
"1425",0.131634615384615,0.964912280701754,0.012000126593151,"Uterine Carcinosarcoma","Primary Tumor"
"1426",0.131730769230769,0.964912280701754,0.0119958960272583,"Uterine Carcinosarcoma","Primary Tumor"
"1427",0.131826923076923,0.964912280701754,0.0119938783006317,"Uterine Carcinosarcoma","Primary Tumor"
"1428",0.131923076923077,0.964912280701754,0.011991229888759,"Uterine Carcinosarcoma","Primary Tumor"
"1429",0.132019230769231,0.964912280701754,0.0119382548276568,"Uterine Carcinosarcoma","Primary Tumor"
"1430",0.132115384615385,0.964912280701754,0.0119282440376798,"Uterine Carcinosarcoma","Primary Tumor"
"1431",0.132211538461538,0.964912280701754,0.0119268834876072,"Uterine Carcinosarcoma","Primary Tumor"
"1432",0.132307692307692,0.964912280701754,0.0119027680137951,"Uterine Carcinosarcoma","Primary Tumor"
"1433",0.132403846153846,0.964912280701754,0.01189116090952,"Uterine Carcinosarcoma","Primary Tumor"
"1434",0.1325,0.964912280701754,0.0118732145300506,"Uterine Carcinosarcoma","Primary Tumor"
"1435",0.132596153846154,0.964912280701754,0.0118625623302424,"Uterine Carcinosarcoma","Primary Tumor"
"1436",0.132692307692308,0.964912280701754,0.0118518266630412,"Uterine Carcinosarcoma","Primary Tumor"
"1437",0.132788461538462,0.964912280701754,0.0118389385156743,"Uterine Carcinosarcoma","Primary Tumor"
"1438",0.132884615384615,0.964912280701754,0.0118346925233591,"Uterine Carcinosarcoma","Primary Tumor"
"1439",0.132980769230769,0.964912280701754,0.011832509792465,"Uterine Carcinosarcoma","Primary Tumor"
"1440",0.133076923076923,0.964912280701754,0.0118037967956591,"Uterine Carcinosarcoma","Primary Tumor"
"1441",0.133173076923077,0.964912280701754,0.0117924844819888,"Uterine Carcinosarcoma","Primary Tumor"
"1442",0.133269230769231,0.964912280701754,0.01179116499704,"Uterine Carcinosarcoma","Primary Tumor"
"1443",0.133365384615385,0.964912280701754,0.0117876761803259,"Uterine Carcinosarcoma","Primary Tumor"
"1444",0.133461538461538,0.964912280701754,0.0117699441106416,"Uterine Carcinosarcoma","Primary Tumor"
"1445",0.133557692307692,0.964912280701754,0.0117598436410367,"Uterine Carcinosarcoma","Primary Tumor"
"1446",0.133653846153846,0.964912280701754,0.0117562108489458,"Uterine Carcinosarcoma","Primary Tumor"
"1447",0.13375,0.964912280701754,0.0117111376636621,"Uterine Carcinosarcoma","Primary Tumor"
"1448",0.133846153846154,0.964912280701754,0.0117104497481728,"Uterine Carcinosarcoma","Primary Tumor"
"1449",0.133942307692308,0.964912280701754,0.0117101142084508,"Uterine Carcinosarcoma","Primary Tumor"
"1450",0.134038461538462,0.964912280701754,0.0117045403909208,"Uterine Carcinosarcoma","Primary Tumor"
"1451",0.134134615384615,0.964912280701754,0.011653736821344,"Uterine Carcinosarcoma","Primary Tumor"
"1452",0.134230769230769,0.964912280701754,0.0116484650870338,"Uterine Carcinosarcoma","Primary Tumor"
"1453",0.134326923076923,0.964912280701754,0.0116402360214398,"Uterine Carcinosarcoma","Primary Tumor"
"1454",0.134423076923077,0.964912280701754,0.0116337537970405,"Uterine Carcinosarcoma","Primary Tumor"
"1455",0.134519230769231,0.964912280701754,0.0116220707982684,"Uterine Carcinosarcoma","Primary Tumor"
"1456",0.134615384615385,0.964912280701754,0.011620635450691,"Uterine Carcinosarcoma","Primary Tumor"
"1457",0.134711538461538,0.964912280701754,0.0116094763381139,"Uterine Carcinosarcoma","Primary Tumor"
"1458",0.134807692307692,0.964912280701754,0.0116054190115573,"Uterine Carcinosarcoma","Primary Tumor"
"1459",0.134903846153846,0.964912280701754,0.0115866045969519,"Uterine Carcinosarcoma","Primary Tumor"
"1460",0.135,0.964912280701754,0.0115574618360604,"Uterine Carcinosarcoma","Primary Tumor"
"1461",0.135096153846154,0.964912280701754,0.01154241189074,"Uterine Carcinosarcoma","Primary Tumor"
"1462",0.135192307692308,0.964912280701754,0.0115397079285842,"Uterine Carcinosarcoma","Primary Tumor"
"1463",0.135288461538462,0.964912280701754,0.0115390802088677,"Uterine Carcinosarcoma","Primary Tumor"
"1464",0.135384615384615,0.964912280701754,0.0115379432017153,"Uterine Carcinosarcoma","Primary Tumor"
"1465",0.135480769230769,0.964912280701754,0.0115347573054501,"Uterine Carcinosarcoma","Primary Tumor"
"1466",0.135576923076923,0.964912280701754,0.0115307204789571,"Uterine Carcinosarcoma","Primary Tumor"
"1467",0.135673076923077,0.964912280701754,0.0115211531549436,"Uterine Carcinosarcoma","Primary Tumor"
"1468",0.135769230769231,0.964912280701754,0.0115109267480222,"Uterine Carcinosarcoma","Primary Tumor"
"1469",0.135865384615385,0.964912280701754,0.0114781026480932,"Uterine Carcinosarcoma","Primary Tumor"
"1470",0.135961538461538,0.964912280701754,0.0114667193884603,"Uterine Carcinosarcoma","Primary Tumor"
"1471",0.136057692307692,0.964912280701754,0.0114328922825674,"Uterine Carcinosarcoma","Primary Tumor"
"1472",0.136153846153846,0.964912280701754,0.0114222894541224,"Uterine Carcinosarcoma","Primary Tumor"
"1473",0.13625,0.964912280701754,0.0114049484959223,"Uterine Carcinosarcoma","Primary Tumor"
"1474",0.136346153846154,0.964912280701754,0.0114039164746382,"Uterine Carcinosarcoma","Primary Tumor"
"1475",0.136442307692308,0.964912280701754,0.0113920523501198,"Uterine Carcinosarcoma","Primary Tumor"
"1476",0.136538461538462,0.964912280701754,0.0113887020900773,"Uterine Carcinosarcoma","Primary Tumor"
"1477",0.136634615384615,0.964912280701754,0.0113414937348117,"Uterine Carcinosarcoma","Primary Tumor"
"1478",0.136730769230769,0.964912280701754,0.0113403496714594,"Uterine Carcinosarcoma","Primary Tumor"
"1479",0.136826923076923,0.964912280701754,0.0113281720327927,"Uterine Carcinosarcoma","Primary Tumor"
"1480",0.136923076923077,0.964912280701754,0.0113102669247909,"Uterine Carcinosarcoma","Primary Tumor"
"1481",0.137019230769231,0.964912280701754,0.0113044670099746,"Uterine Carcinosarcoma","Primary Tumor"
"1482",0.137115384615385,0.964912280701754,0.0112620087898838,"Uterine Carcinosarcoma","Primary Tumor"
"1483",0.137211538461538,0.964912280701754,0.0112475077909993,"Uterine Carcinosarcoma","Primary Tumor"
"1484",0.137307692307692,0.964912280701754,0.0112444600984515,"Uterine Carcinosarcoma","Primary Tumor"
"1485",0.137403846153846,0.964912280701754,0.0112419229415548,"Uterine Carcinosarcoma","Primary Tumor"
"1486",0.1375,0.964912280701754,0.0112353083123574,"Uterine Carcinosarcoma","Primary Tumor"
"1487",0.137596153846154,0.964912280701754,0.0112300173471576,"Uterine Carcinosarcoma","Primary Tumor"
"1488",0.137692307692308,0.964912280701754,0.0112266240036468,"Uterine Carcinosarcoma","Primary Tumor"
"1489",0.137788461538462,0.964912280701754,0.0112180079768228,"Uterine Carcinosarcoma","Primary Tumor"
"1490",0.137884615384615,0.964912280701754,0.0112159913707562,"Uterine Carcinosarcoma","Primary Tumor"
"1491",0.137980769230769,0.964912280701754,0.0112128865700842,"Uterine Carcinosarcoma","Primary Tumor"
"1492",0.138076923076923,0.964912280701754,0.011211706428139,"Uterine Carcinosarcoma","Primary Tumor"
"1493",0.138173076923077,0.964912280701754,0.0111883261668374,"Uterine Carcinosarcoma","Primary Tumor"
"1494",0.138269230769231,0.964912280701754,0.0111816097529801,"Uterine Carcinosarcoma","Primary Tumor"
"1495",0.138365384615385,0.964912280701754,0.0111684545377084,"Uterine Carcinosarcoma","Primary Tumor"
"1496",0.138461538461538,0.964912280701754,0.0111592745798889,"Uterine Carcinosarcoma","Primary Tumor"
"1497",0.138557692307692,0.964912280701754,0.0111219387864842,"Uterine Carcinosarcoma","Primary Tumor"
"1498",0.138653846153846,0.964912280701754,0.0111014898458235,"Uterine Carcinosarcoma","Primary Tumor"
"1499",0.13875,0.964912280701754,0.0110943106951586,"Uterine Carcinosarcoma","Primary Tumor"
"1500",0.138846153846154,0.964912280701754,0.0110901374088984,"Uterine Carcinosarcoma","Primary Tumor"
"1501",0.138942307692308,0.964912280701754,0.0110845618654539,"Uterine Carcinosarcoma","Primary Tumor"
"1502",0.139038461538462,0.964912280701754,0.011075884315191,"Uterine Carcinosarcoma","Primary Tumor"
"1503",0.139134615384615,0.964912280701754,0.0110653379485499,"Uterine Carcinosarcoma","Primary Tumor"
"1504",0.139230769230769,0.964912280701754,0.0110630090192679,"Uterine Carcinosarcoma","Primary Tumor"
"1505",0.139326923076923,0.964912280701754,0.0110545180830907,"Uterine Carcinosarcoma","Primary Tumor"
"1506",0.139423076923077,0.964912280701754,0.0110358087442005,"Uterine Carcinosarcoma","Primary Tumor"
"1507",0.139519230769231,0.964912280701754,0.0110308377549024,"Uterine Carcinosarcoma","Primary Tumor"
"1508",0.139615384615385,0.964912280701754,0.0110282225221754,"Uterine Carcinosarcoma","Primary Tumor"
"1509",0.139711538461538,0.964912280701754,0.0110058443471998,"Uterine Carcinosarcoma","Primary Tumor"
"1510",0.139807692307692,0.964912280701754,0.0110046037766854,"Uterine Carcinosarcoma","Primary Tumor"
"1511",0.139903846153846,0.964912280701754,0.0109992651239704,"Uterine Carcinosarcoma","Primary Tumor"
"1512",0.14,0.964912280701754,0.0109780660955165,"Uterine Carcinosarcoma","Primary Tumor"
"1513",0.140096153846154,0.964912280701754,0.0109778728428656,"Uterine Carcinosarcoma","Primary Tumor"
"1514",0.140192307692308,0.964912280701754,0.0109708677238509,"Uterine Carcinosarcoma","Primary Tumor"
"1515",0.140288461538462,0.964912280701754,0.0109447913486289,"Uterine Carcinosarcoma","Primary Tumor"
"1516",0.140384615384615,0.964912280701754,0.0109308475312782,"Uterine Carcinosarcoma","Primary Tumor"
"1517",0.140480769230769,0.964912280701754,0.0109308031153035,"Uterine Carcinosarcoma","Primary Tumor"
"1518",0.140576923076923,0.964912280701754,0.0109239649067645,"Uterine Carcinosarcoma","Primary Tumor"
"1519",0.140673076923077,0.964912280701754,0.010900116537641,"Uterine Carcinosarcoma","Primary Tumor"
"1520",0.140769230769231,0.964912280701754,0.0108962725300205,"Uterine Carcinosarcoma","Primary Tumor"
"1521",0.140865384615385,0.964912280701754,0.0108629871390787,"Uterine Carcinosarcoma","Primary Tumor"
"1522",0.140961538461538,0.964912280701754,0.0108623799172708,"Uterine Carcinosarcoma","Primary Tumor"
"1523",0.141057692307692,0.964912280701754,0.0108586201715459,"Uterine Carcinosarcoma","Primary Tumor"
"1524",0.141153846153846,0.964912280701754,0.0108329189822074,"Uterine Carcinosarcoma","Primary Tumor"
"1525",0.14125,0.964912280701754,0.0108307702934319,"Uterine Carcinosarcoma","Primary Tumor"
"1526",0.141346153846154,0.964912280701754,0.0108117355983617,"Uterine Carcinosarcoma","Primary Tumor"
"1527",0.141442307692308,0.964912280701754,0.0108031695563308,"Uterine Carcinosarcoma","Primary Tumor"
"1528",0.141538461538462,0.964912280701754,0.0107921054020678,"Uterine Carcinosarcoma","Primary Tumor"
"1529",0.141634615384615,0.964912280701754,0.0107798916612258,"Uterine Carcinosarcoma","Primary Tumor"
"1530",0.141730769230769,0.964912280701754,0.0107753086758869,"Uterine Carcinosarcoma","Primary Tumor"
"1531",0.141826923076923,0.964912280701754,0.0107608531329828,"Uterine Carcinosarcoma","Primary Tumor"
"1532",0.141923076923077,0.964912280701754,0.0107589221749442,"Uterine Carcinosarcoma","Primary Tumor"
"1533",0.142019230769231,0.964912280701754,0.010725724036088,"Uterine Carcinosarcoma","Primary Tumor"
"1534",0.142115384615385,0.964912280701754,0.01071909455967,"Uterine Carcinosarcoma","Primary Tumor"
"1535",0.142211538461538,0.964912280701754,0.010715824695222,"Uterine Carcinosarcoma","Primary Tumor"
"1536",0.142307692307692,0.964912280701754,0.0107112886179654,"Uterine Carcinosarcoma","Primary Tumor"
"1537",0.142403846153846,0.964912280701754,0.0106935643499241,"Uterine Carcinosarcoma","Primary Tumor"
"1538",0.1425,0.964912280701754,0.0106907600644525,"Uterine Carcinosarcoma","Primary Tumor"
"1539",0.142596153846154,0.964912280701754,0.0106900903341564,"Uterine Carcinosarcoma","Primary Tumor"
"1540",0.142692307692308,0.964912280701754,0.0106826519789741,"Uterine Carcinosarcoma","Primary Tumor"
"1541",0.142788461538462,0.964912280701754,0.0106785849863006,"Uterine Carcinosarcoma","Primary Tumor"
"1542",0.142884615384615,0.964912280701754,0.010665699932877,"Uterine Carcinosarcoma","Primary Tumor"
"1543",0.142980769230769,0.964912280701754,0.0106518545091964,"Uterine Carcinosarcoma","Primary Tumor"
"1544",0.143076923076923,0.964912280701754,0.0106424054041609,"Uterine Carcinosarcoma","Primary Tumor"
"1545",0.143173076923077,0.964912280701754,0.0106399015851187,"Uterine Carcinosarcoma","Primary Tumor"
"1546",0.143269230769231,0.964912280701754,0.0106219222804795,"Uterine Carcinosarcoma","Primary Tumor"
"1547",0.143365384615385,0.964912280701754,0.0106146199157278,"Uterine Carcinosarcoma","Primary Tumor"
"1548",0.143461538461538,0.964912280701754,0.0106041301515407,"Uterine Carcinosarcoma","Primary Tumor"
"1549",0.143557692307692,0.964912280701754,0.0105917302808812,"Uterine Carcinosarcoma","Primary Tumor"
"1550",0.143653846153846,0.964912280701754,0.0105878833029183,"Uterine Carcinosarcoma","Primary Tumor"
"1551",0.14375,0.964912280701754,0.0105869095151564,"Uterine Carcinosarcoma","Primary Tumor"
"1552",0.143846153846154,0.964912280701754,0.0105864965006238,"Uterine Carcinosarcoma","Primary Tumor"
"1553",0.143942307692308,0.964912280701754,0.0105626907101205,"Uterine Carcinosarcoma","Primary Tumor"
"1554",0.144038461538462,0.964912280701754,0.0105619139533677,"Uterine Carcinosarcoma","Primary Tumor"
"1555",0.144134615384615,0.964912280701754,0.0105504098348299,"Uterine Carcinosarcoma","Primary Tumor"
"1556",0.144230769230769,0.964912280701754,0.0105168598504095,"Uterine Carcinosarcoma","Primary Tumor"
"1557",0.144326923076923,0.964912280701754,0.0105163348907908,"Uterine Carcinosarcoma","Primary Tumor"
"1558",0.144423076923077,0.964912280701754,0.0104986949308832,"Uterine Carcinosarcoma","Primary Tumor"
"1559",0.144519230769231,0.964912280701754,0.0104973019105337,"Uterine Carcinosarcoma","Primary Tumor"
"1560",0.144615384615385,0.964912280701754,0.0104861816686311,"Uterine Carcinosarcoma","Primary Tumor"
"1561",0.144711538461538,0.964912280701754,0.0104812800177434,"Uterine Carcinosarcoma","Primary Tumor"
"1562",0.144807692307692,0.964912280701754,0.0104616554997682,"Uterine Carcinosarcoma","Primary Tumor"
"1563",0.144903846153846,0.964912280701754,0.0104513419462084,"Uterine Carcinosarcoma","Primary Tumor"
"1564",0.145,0.964912280701754,0.0104446093310709,"Uterine Carcinosarcoma","Primary Tumor"
"1565",0.145096153846154,0.964912280701754,0.0104388470111533,"Uterine Carcinosarcoma","Primary Tumor"
"1566",0.145192307692308,0.964912280701754,0.0104282990657102,"Uterine Carcinosarcoma","Primary Tumor"
"1567",0.145288461538462,0.964912280701754,0.0103915052013238,"Uterine Carcinosarcoma","Primary Tumor"
"1568",0.145384615384615,0.964912280701754,0.0103837605032435,"Uterine Carcinosarcoma","Primary Tumor"
"1569",0.145480769230769,0.964912280701754,0.0103818800838223,"Uterine Carcinosarcoma","Primary Tumor"
"1570",0.145576923076923,0.964912280701754,0.0103818449446439,"Uterine Carcinosarcoma","Primary Tumor"
"1571",0.145673076923077,0.964912280701754,0.0103727873188173,"Uterine Carcinosarcoma","Primary Tumor"
"1572",0.145769230769231,0.964912280701754,0.0103695826871001,"Uterine Carcinosarcoma","Primary Tumor"
"1573",0.145865384615385,0.964912280701754,0.0103689941393222,"Uterine Carcinosarcoma","Primary Tumor"
"1574",0.145961538461538,0.964912280701754,0.0103242968244873,"Uterine Carcinosarcoma","Primary Tumor"
"1575",0.146057692307692,0.964912280701754,0.0102986965147026,"Uterine Carcinosarcoma","Primary Tumor"
"1576",0.146153846153846,0.964912280701754,0.0102922831401808,"Uterine Carcinosarcoma","Primary Tumor"
"1577",0.14625,0.964912280701754,0.0102892080347097,"Uterine Carcinosarcoma","Primary Tumor"
"1578",0.146346153846154,0.964912280701754,0.0102593951698601,"Uterine Carcinosarcoma","Primary Tumor"
"1579",0.146442307692308,0.964912280701754,0.0102321699216383,"Uterine Carcinosarcoma","Primary Tumor"
"1580",0.146538461538462,0.964912280701754,0.01022212200862,"Uterine Carcinosarcoma","Primary Tumor"
"1581",0.146634615384615,0.964912280701754,0.0102014403367142,"Uterine Carcinosarcoma","Primary Tumor"
"1582",0.146730769230769,0.964912280701754,0.0101821475194861,"Uterine Carcinosarcoma","Primary Tumor"
"1583",0.146826923076923,0.964912280701754,0.0101796941454071,"Uterine Carcinosarcoma","Primary Tumor"
"1584",0.146923076923077,0.964912280701754,0.0101465707869909,"Uterine Carcinosarcoma","Primary Tumor"
"1585",0.147019230769231,0.964912280701754,0.0101423669885259,"Uterine Carcinosarcoma","Primary Tumor"
"1586",0.147115384615385,0.964912280701754,0.0101392138690076,"Uterine Carcinosarcoma","Primary Tumor"
"1587",0.147211538461538,0.964912280701754,0.0101290208231374,"Uterine Carcinosarcoma","Primary Tumor"
"1588",0.147307692307692,0.964912280701754,0.0101138037528166,"Uterine Carcinosarcoma","Primary Tumor"
"1589",0.147403846153846,0.964912280701754,0.0101132534479608,"Uterine Carcinosarcoma","Primary Tumor"
"1590",0.1475,0.964912280701754,0.010107419516604,"Uterine Carcinosarcoma","Primary Tumor"
"1591",0.147596153846154,0.964912280701754,0.0101069571773796,"Uterine Carcinosarcoma","Primary Tumor"
"1592",0.147692307692308,0.964912280701754,0.0101065900934908,"Uterine Carcinosarcoma","Primary Tumor"
"1593",0.147788461538462,0.964912280701754,0.0100872113028639,"Uterine Carcinosarcoma","Primary Tumor"
"1594",0.147884615384615,0.964912280701754,0.0100681246632179,"Uterine Carcinosarcoma","Primary Tumor"
"1595",0.147980769230769,0.964912280701754,0.0100423569235232,"Uterine Carcinosarcoma","Primary Tumor"
"1596",0.148076923076923,0.964912280701754,0.00997918803660902,"Uterine Carcinosarcoma","Primary Tumor"
"1597",0.148173076923077,0.964912280701754,0.00996415698759157,"Uterine Carcinosarcoma","Primary Tumor"
"1598",0.148269230769231,0.964912280701754,0.00995867922151572,"Uterine Carcinosarcoma","Primary Tumor"
"1599",0.148365384615385,0.964912280701754,0.00994819858254392,"Uterine Carcinosarcoma","Primary Tumor"
"1600",0.148461538461538,0.964912280701754,0.00994270153230736,"Uterine Carcinosarcoma","Primary Tumor"
"1601",0.148557692307692,0.964912280701754,0.00993601788505749,"Uterine Carcinosarcoma","Primary Tumor"
"1602",0.148653846153846,0.964912280701754,0.00993257012595528,"Uterine Carcinosarcoma","Primary Tumor"
"1603",0.14875,0.964912280701754,0.00993190007343681,"Uterine Carcinosarcoma","Primary Tumor"
"1604",0.148846153846154,0.964912280701754,0.00991835586885781,"Uterine Carcinosarcoma","Primary Tumor"
"1605",0.148942307692308,0.964912280701754,0.00991568078961003,"Uterine Carcinosarcoma","Primary Tumor"
"1606",0.149038461538462,0.964912280701754,0.00990826267891176,"Uterine Carcinosarcoma","Primary Tumor"
"1607",0.149134615384615,0.964912280701754,0.00989858571616919,"Uterine Carcinosarcoma","Primary Tumor"
"1608",0.149230769230769,0.964912280701754,0.0098959008790207,"Uterine Carcinosarcoma","Primary Tumor"
"1609",0.149326923076923,0.964912280701754,0.00989326723722617,"Uterine Carcinosarcoma","Primary Tumor"
"1610",0.149423076923077,0.964912280701754,0.00988304227507475,"Uterine Carcinosarcoma","Primary Tumor"
"1611",0.149519230769231,0.964912280701754,0.00987379541441169,"Uterine Carcinosarcoma","Primary Tumor"
"1612",0.149615384615385,0.964912280701754,0.00987331512361189,"Uterine Carcinosarcoma","Primary Tumor"
"1613",0.149711538461538,0.964912280701754,0.00984347967230381,"Uterine Carcinosarcoma","Primary Tumor"
"1614",0.149807692307692,0.964912280701754,0.00983853262723544,"Uterine Carcinosarcoma","Primary Tumor"
"1615",0.149903846153846,0.964912280701754,0.00983582931829607,"Uterine Carcinosarcoma","Primary Tumor"
"1616",0.15,0.964912280701754,0.00983099713854796,"Uterine Carcinosarcoma","Primary Tumor"
"1617",0.150096153846154,0.964912280701754,0.00982913332900992,"Uterine Carcinosarcoma","Primary Tumor"
"1618",0.150192307692308,0.964912280701754,0.00982312407399466,"Uterine Carcinosarcoma","Primary Tumor"
"1619",0.150288461538462,0.964912280701754,0.00980901998441741,"Uterine Carcinosarcoma","Primary Tumor"
"1620",0.150384615384615,0.964912280701754,0.00980222114123996,"Uterine Carcinosarcoma","Primary Tumor"
"1621",0.150480769230769,0.964912280701754,0.00978593529869198,"Uterine Carcinosarcoma","Primary Tumor"
"1622",0.150576923076923,0.964912280701754,0.00976171275634707,"Uterine Carcinosarcoma","Primary Tumor"
"1623",0.150673076923077,0.964912280701754,0.00975033034850759,"Uterine Carcinosarcoma","Primary Tumor"
"1624",0.150769230769231,0.964912280701754,0.00974813405191211,"Uterine Carcinosarcoma","Primary Tumor"
"1625",0.150865384615385,0.964912280701754,0.00974719746357722,"Uterine Carcinosarcoma","Primary Tumor"
"1626",0.150961538461538,0.964912280701754,0.00974231863141728,"Uterine Carcinosarcoma","Primary Tumor"
"1627",0.151057692307692,0.964912280701754,0.00974044096405424,"Uterine Carcinosarcoma","Primary Tumor"
"1628",0.151153846153846,0.964912280701754,0.0097284597798134,"Uterine Carcinosarcoma","Primary Tumor"
"1629",0.15125,0.964912280701754,0.00971049175187388,"Uterine Carcinosarcoma","Primary Tumor"
"1630",0.151346153846154,0.964912280701754,0.0097003540024786,"Uterine Carcinosarcoma","Primary Tumor"
"1631",0.151442307692308,0.964912280701754,0.00968569897160554,"Uterine Carcinosarcoma","Primary Tumor"
"1632",0.151538461538462,0.964912280701754,0.00968133119093184,"Uterine Carcinosarcoma","Primary Tumor"
"1633",0.151634615384615,0.964912280701754,0.00967063973035065,"Uterine Carcinosarcoma","Primary Tumor"
"1634",0.151730769230769,0.964912280701754,0.00966298682394651,"Uterine Carcinosarcoma","Primary Tumor"
"1635",0.151826923076923,0.964912280701754,0.00964602483356336,"Uterine Carcinosarcoma","Primary Tumor"
"1636",0.151923076923077,0.964912280701754,0.0096429602829009,"Uterine Carcinosarcoma","Primary Tumor"
"1637",0.152019230769231,0.964912280701754,0.00963585066558836,"Uterine Carcinosarcoma","Primary Tumor"
"1638",0.152115384615385,0.964912280701754,0.00961430821244613,"Uterine Carcinosarcoma","Primary Tumor"
"1639",0.152211538461538,0.964912280701754,0.0096105944036291,"Uterine Carcinosarcoma","Primary Tumor"
"1640",0.152307692307692,0.964912280701754,0.0096032834762878,"Uterine Carcinosarcoma","Primary Tumor"
"1641",0.152403846153846,0.964912280701754,0.00958252393322401,"Uterine Carcinosarcoma","Primary Tumor"
"1642",0.1525,0.964912280701754,0.009580519928857,"Uterine Carcinosarcoma","Primary Tumor"
"1643",0.152596153846154,0.964912280701754,0.0095797546890023,"Uterine Carcinosarcoma","Primary Tumor"
"1644",0.152692307692308,0.964912280701754,0.00957674415463328,"Uterine Carcinosarcoma","Primary Tumor"
"1645",0.152788461538462,0.964912280701754,0.00956561532307543,"Uterine Carcinosarcoma","Primary Tumor"
"1646",0.152884615384615,0.964912280701754,0.00955620946955804,"Uterine Carcinosarcoma","Primary Tumor"
"1647",0.152980769230769,0.964912280701754,0.00955506904506465,"Uterine Carcinosarcoma","Primary Tumor"
"1648",0.153076923076923,0.964912280701754,0.00953929614025284,"Uterine Carcinosarcoma","Primary Tumor"
"1649",0.153173076923077,0.964912280701754,0.00953838423735054,"Uterine Carcinosarcoma","Primary Tumor"
"1650",0.153269230769231,0.964912280701754,0.00950896209292362,"Uterine Carcinosarcoma","Primary Tumor"
"1651",0.153365384615385,0.964912280701754,0.00949495567199976,"Uterine Carcinosarcoma","Primary Tumor"
"1652",0.153461538461538,0.964912280701754,0.00949444399536548,"Uterine Carcinosarcoma","Primary Tumor"
"1653",0.153557692307692,0.964912280701754,0.0094930004147793,"Uterine Carcinosarcoma","Primary Tumor"
"1654",0.153653846153846,0.964912280701754,0.00949101449306,"Uterine Carcinosarcoma","Primary Tumor"
"1655",0.15375,0.964912280701754,0.00948124743132728,"Uterine Carcinosarcoma","Primary Tumor"
"1656",0.153846153846154,0.964912280701754,0.00947627743351509,"Uterine Carcinosarcoma","Primary Tumor"
"1657",0.153942307692308,0.964912280701754,0.00947456003609881,"Uterine Carcinosarcoma","Primary Tumor"
"1658",0.154038461538462,0.964912280701754,0.00945957141311726,"Uterine Carcinosarcoma","Primary Tumor"
"1659",0.154134615384615,0.964912280701754,0.009448941400378,"Uterine Carcinosarcoma","Primary Tumor"
"1660",0.154230769230769,0.964912280701754,0.0094474667302249,"Uterine Carcinosarcoma","Primary Tumor"
"1661",0.154326923076923,0.964912280701754,0.00943014107178874,"Uterine Carcinosarcoma","Primary Tumor"
"1662",0.154423076923077,0.964912280701754,0.0094044387051625,"Uterine Carcinosarcoma","Primary Tumor"
"1663",0.154519230769231,0.964912280701754,0.00940363558314194,"Uterine Carcinosarcoma","Primary Tumor"
"1664",0.154615384615385,0.964912280701754,0.00938992782587256,"Uterine Carcinosarcoma","Primary Tumor"
"1665",0.154711538461538,0.964912280701754,0.00937040702513925,"Uterine Carcinosarcoma","Primary Tumor"
"1666",0.154807692307692,0.964912280701754,0.00936477756950094,"Uterine Carcinosarcoma","Primary Tumor"
"1667",0.154903846153846,0.964912280701754,0.00936428296913316,"Uterine Carcinosarcoma","Primary Tumor"
"1668",0.155,0.964912280701754,0.00935599360916339,"Uterine Carcinosarcoma","Primary Tumor"
"1669",0.155096153846154,0.964912280701754,0.00935156655317149,"Uterine Carcinosarcoma","Primary Tumor"
"1670",0.155192307692308,0.964912280701754,0.00935022549284725,"Uterine Carcinosarcoma","Primary Tumor"
"1671",0.155288461538462,0.964912280701754,0.00934671111598628,"Uterine Carcinosarcoma","Primary Tumor"
"1672",0.155384615384615,0.964912280701754,0.00934346272352748,"Uterine Carcinosarcoma","Primary Tumor"
"1673",0.155480769230769,0.964912280701754,0.00933805594615256,"Uterine Carcinosarcoma","Primary Tumor"
"1674",0.155576923076923,0.964912280701754,0.00933562491295048,"Uterine Carcinosarcoma","Primary Tumor"
"1675",0.155673076923077,0.964912280701754,0.00933277761286722,"Uterine Carcinosarcoma","Primary Tumor"
"1676",0.155769230769231,0.964912280701754,0.00931867260113517,"Uterine Carcinosarcoma","Primary Tumor"
"1677",0.155865384615385,0.964912280701754,0.00931767600134736,"Uterine Carcinosarcoma","Primary Tumor"
"1678",0.155961538461538,0.964912280701754,0.00931701048277211,"Uterine Carcinosarcoma","Primary Tumor"
"1679",0.156057692307692,0.964912280701754,0.00930592651946371,"Uterine Carcinosarcoma","Primary Tumor"
"1680",0.156153846153846,0.964912280701754,0.00930307500500915,"Uterine Carcinosarcoma","Primary Tumor"
"1681",0.15625,0.964912280701754,0.00926563619013276,"Uterine Carcinosarcoma","Primary Tumor"
"1682",0.156346153846154,0.964912280701754,0.00926516185511261,"Uterine Carcinosarcoma","Primary Tumor"
"1683",0.156442307692308,0.964912280701754,0.00926198863850658,"Uterine Carcinosarcoma","Primary Tumor"
"1684",0.156538461538462,0.964912280701754,0.00925381977052653,"Uterine Carcinosarcoma","Primary Tumor"
"1685",0.156634615384615,0.964912280701754,0.00923293062650676,"Uterine Carcinosarcoma","Primary Tumor"
"1686",0.156730769230769,0.964912280701754,0.0092222362517097,"Uterine Carcinosarcoma","Primary Tumor"
"1687",0.156826923076923,0.964912280701754,0.009220663197265,"Uterine Carcinosarcoma","Primary Tumor"
"1688",0.156923076923077,0.964912280701754,0.0092191347520385,"Uterine Carcinosarcoma","Primary Tumor"
"1689",0.157019230769231,0.964912280701754,0.00921403883929162,"Uterine Carcinosarcoma","Primary Tumor"
"1690",0.157115384615385,0.964912280701754,0.00920815427546895,"Uterine Carcinosarcoma","Primary Tumor"
"1691",0.157211538461538,0.964912280701754,0.0092079448777399,"Uterine Carcinosarcoma","Primary Tumor"
"1692",0.157307692307692,0.964912280701754,0.00920566322257188,"Uterine Carcinosarcoma","Primary Tumor"
"1693",0.157403846153846,0.964912280701754,0.00919201302186456,"Uterine Carcinosarcoma","Primary Tumor"
"1694",0.1575,0.964912280701754,0.00918431852650969,"Uterine Carcinosarcoma","Primary Tumor"
"1695",0.157596153846154,0.964912280701754,0.00917318264704059,"Uterine Carcinosarcoma","Primary Tumor"
"1696",0.157692307692308,0.964912280701754,0.00916561606162203,"Uterine Carcinosarcoma","Primary Tumor"
"1697",0.157788461538462,0.964912280701754,0.00916372017419143,"Uterine Carcinosarcoma","Primary Tumor"
"1698",0.157884615384615,0.964912280701754,0.00914153858974809,"Uterine Carcinosarcoma","Primary Tumor"
"1699",0.157980769230769,0.964912280701754,0.00913380548040665,"Uterine Carcinosarcoma","Primary Tumor"
"1700",0.158076923076923,0.964912280701754,0.00913313687974882,"Uterine Carcinosarcoma","Primary Tumor"
"1701",0.158173076923077,0.964912280701754,0.00912175132813764,"Uterine Carcinosarcoma","Primary Tumor"
"1702",0.158269230769231,0.964912280701754,0.00910987247727735,"Uterine Carcinosarcoma","Primary Tumor"
"1703",0.158365384615385,0.964912280701754,0.00910476979735053,"Uterine Carcinosarcoma","Primary Tumor"
"1704",0.158461538461538,0.964912280701754,0.00910382623402595,"Uterine Carcinosarcoma","Primary Tumor"
"1705",0.158557692307692,0.964912280701754,0.00910186525304479,"Uterine Carcinosarcoma","Primary Tumor"
"1706",0.158653846153846,0.964912280701754,0.00910103454846845,"Uterine Carcinosarcoma","Primary Tumor"
"1707",0.15875,0.964912280701754,0.00909618685266311,"Uterine Carcinosarcoma","Primary Tumor"
"1708",0.158846153846154,0.964912280701754,0.00909363722310252,"Uterine Carcinosarcoma","Primary Tumor"
"1709",0.158942307692308,0.964912280701754,0.00909351238031952,"Uterine Carcinosarcoma","Primary Tumor"
"1710",0.159038461538462,0.964912280701754,0.00908819945063388,"Uterine Carcinosarcoma","Primary Tumor"
"1711",0.159134615384615,0.964912280701754,0.00904473053120991,"Uterine Carcinosarcoma","Primary Tumor"
"1712",0.159230769230769,0.964912280701754,0.00904087452246161,"Uterine Carcinosarcoma","Primary Tumor"
"1713",0.159326923076923,0.964912280701754,0.00903939439710943,"Uterine Carcinosarcoma","Primary Tumor"
"1714",0.159423076923077,0.964912280701754,0.00903906964309797,"Uterine Carcinosarcoma","Primary Tumor"
"1715",0.159519230769231,0.964912280701754,0.00903683393214083,"Uterine Carcinosarcoma","Primary Tumor"
"1716",0.159615384615385,0.964912280701754,0.00902599491081735,"Uterine Carcinosarcoma","Primary Tumor"
"1717",0.159711538461538,0.964912280701754,0.00902263504068335,"Uterine Carcinosarcoma","Primary Tumor"
"1718",0.159807692307692,0.964912280701754,0.00901095284792863,"Uterine Carcinosarcoma","Primary Tumor"
"1719",0.159903846153846,0.964912280701754,0.00900722477082583,"Uterine Carcinosarcoma","Primary Tumor"
"1720",0.16,0.964912280701754,0.00899851031922871,"Uterine Carcinosarcoma","Primary Tumor"
"1721",0.160096153846154,0.964912280701754,0.00899775427101546,"Uterine Carcinosarcoma","Primary Tumor"
"1722",0.160192307692308,0.964912280701754,0.00898846028100397,"Uterine Carcinosarcoma","Primary Tumor"
"1723",0.160288461538462,0.964912280701754,0.00895746936354003,"Uterine Carcinosarcoma","Primary Tumor"
"1724",0.160384615384615,0.964912280701754,0.00895383814272543,"Uterine Carcinosarcoma","Primary Tumor"
"1725",0.160480769230769,0.964912280701754,0.00895197967549111,"Uterine Carcinosarcoma","Primary Tumor"
"1726",0.160576923076923,0.964912280701754,0.00893348560761553,"Uterine Carcinosarcoma","Primary Tumor"
"1727",0.160673076923077,0.964912280701754,0.00893102847984151,"Uterine Carcinosarcoma","Primary Tumor"
"1728",0.160769230769231,0.964912280701754,0.00893044632417139,"Uterine Carcinosarcoma","Primary Tumor"
"1729",0.160865384615385,0.964912280701754,0.00892603218621468,"Uterine Carcinosarcoma","Primary Tumor"
"1730",0.160961538461538,0.964912280701754,0.00892446472333208,"Uterine Carcinosarcoma","Primary Tumor"
"1731",0.161057692307692,0.964912280701754,0.00892224996011592,"Uterine Carcinosarcoma","Primary Tumor"
"1732",0.161153846153846,0.964912280701754,0.00891930724639634,"Uterine Carcinosarcoma","Primary Tumor"
"1733",0.16125,0.964912280701754,0.00891814299379223,"Uterine Carcinosarcoma","Primary Tumor"
"1734",0.161346153846154,0.964912280701754,0.00891738012109711,"Uterine Carcinosarcoma","Primary Tumor"
"1735",0.161442307692308,0.964912280701754,0.0089114381282569,"Uterine Carcinosarcoma","Primary Tumor"
"1736",0.161538461538462,0.964912280701754,0.00890265230136289,"Uterine Carcinosarcoma","Primary Tumor"
"1737",0.161634615384615,0.964912280701754,0.00889721211509586,"Uterine Carcinosarcoma","Primary Tumor"
"1738",0.161730769230769,0.964912280701754,0.008894387674938,"Uterine Carcinosarcoma","Primary Tumor"
"1739",0.161826923076923,0.964912280701754,0.00888591961202112,"Uterine Carcinosarcoma","Primary Tumor"
"1740",0.161923076923077,0.964912280701754,0.00888386480319159,"Uterine Carcinosarcoma","Primary Tumor"
"1741",0.162019230769231,0.964912280701754,0.00885901022011604,"Uterine Carcinosarcoma","Primary Tumor"
"1742",0.162115384615385,0.964912280701754,0.00884797497698542,"Uterine Carcinosarcoma","Primary Tumor"
"1743",0.162211538461538,0.964912280701754,0.00884712500019402,"Uterine Carcinosarcoma","Primary Tumor"
"1744",0.162307692307692,0.964912280701754,0.00883836048082864,"Uterine Carcinosarcoma","Primary Tumor"
"1745",0.162403846153846,0.964912280701754,0.00883701285644634,"Uterine Carcinosarcoma","Primary Tumor"
"1746",0.1625,0.964912280701754,0.00882763304828282,"Uterine Carcinosarcoma","Primary Tumor"
"1747",0.162596153846154,0.964912280701754,0.00882682521818556,"Uterine Carcinosarcoma","Primary Tumor"
"1748",0.162692307692308,0.964912280701754,0.00882264120449783,"Uterine Carcinosarcoma","Primary Tumor"
"1749",0.162788461538462,0.964912280701754,0.00881508460889402,"Uterine Carcinosarcoma","Primary Tumor"
"1750",0.162884615384615,0.964912280701754,0.00880754913536208,"Uterine Carcinosarcoma","Primary Tumor"
"1751",0.162980769230769,0.964912280701754,0.00880457711239624,"Uterine Carcinosarcoma","Primary Tumor"
"1752",0.163076923076923,0.964912280701754,0.00879120039033343,"Uterine Carcinosarcoma","Primary Tumor"
"1753",0.163173076923077,0.964912280701754,0.00878047850647778,"Uterine Carcinosarcoma","Primary Tumor"
"1754",0.163269230769231,0.964912280701754,0.00878030387410944,"Uterine Carcinosarcoma","Primary Tumor"
"1755",0.163365384615385,0.964912280701754,0.00875979083181977,"Uterine Carcinosarcoma","Primary Tumor"
"1756",0.163461538461538,0.964912280701754,0.00875683642361147,"Uterine Carcinosarcoma","Primary Tumor"
"1757",0.163557692307692,0.964912280701754,0.00875036408146379,"Uterine Carcinosarcoma","Primary Tumor"
"1758",0.163653846153846,0.964912280701754,0.00874695436011996,"Uterine Carcinosarcoma","Primary Tumor"
"1759",0.16375,0.964912280701754,0.00872744232901457,"Uterine Carcinosarcoma","Primary Tumor"
"1760",0.163846153846154,0.964912280701754,0.00872332173072743,"Uterine Carcinosarcoma","Primary Tumor"
"1761",0.163942307692308,0.964912280701754,0.00872230628069337,"Uterine Carcinosarcoma","Primary Tumor"
"1762",0.164038461538462,0.964912280701754,0.00870090457474904,"Uterine Carcinosarcoma","Primary Tumor"
"1763",0.164134615384615,0.964912280701754,0.00869864172122148,"Uterine Carcinosarcoma","Primary Tumor"
"1764",0.164230769230769,0.964912280701754,0.00867847822534085,"Uterine Carcinosarcoma","Primary Tumor"
"1765",0.164326923076923,0.964912280701754,0.00867431446240574,"Uterine Carcinosarcoma","Primary Tumor"
"1766",0.164423076923077,0.964912280701754,0.0086656348001326,"Uterine Carcinosarcoma","Primary Tumor"
"1767",0.164519230769231,0.964912280701754,0.00866032961757313,"Uterine Carcinosarcoma","Primary Tumor"
"1768",0.164615384615385,0.964912280701754,0.00865613831109746,"Uterine Carcinosarcoma","Primary Tumor"
"1769",0.164711538461538,0.964912280701754,0.00864843856473585,"Uterine Carcinosarcoma","Primary Tumor"
"1770",0.164807692307692,0.964912280701754,0.00864616464594814,"Uterine Carcinosarcoma","Primary Tumor"
"1771",0.164903846153846,0.964912280701754,0.00864073312730729,"Uterine Carcinosarcoma","Primary Tumor"
"1772",0.165,0.964912280701754,0.00863980544425857,"Uterine Carcinosarcoma","Primary Tumor"
"1773",0.165096153846154,0.964912280701754,0.00863731182923411,"Uterine Carcinosarcoma","Primary Tumor"
"1774",0.165192307692308,0.964912280701754,0.00862623140242813,"Uterine Carcinosarcoma","Primary Tumor"
"1775",0.165288461538462,0.964912280701754,0.00861892627082628,"Uterine Carcinosarcoma","Primary Tumor"
"1776",0.165384615384615,0.964912280701754,0.00861825225697077,"Uterine Carcinosarcoma","Primary Tumor"
"1777",0.165480769230769,0.964912280701754,0.00861822931157141,"Uterine Carcinosarcoma","Primary Tumor"
"1778",0.165576923076923,0.964912280701754,0.00860510001357739,"Uterine Carcinosarcoma","Primary Tumor"
"1779",0.165673076923077,0.964912280701754,0.00858005616207613,"Uterine Carcinosarcoma","Primary Tumor"
"1780",0.165769230769231,0.964912280701754,0.00857423085989251,"Uterine Carcinosarcoma","Primary Tumor"
"1781",0.165865384615385,0.964912280701754,0.00856292756094623,"Uterine Carcinosarcoma","Primary Tumor"
"1782",0.165961538461538,0.964912280701754,0.00854814541669813,"Uterine Carcinosarcoma","Primary Tumor"
"1783",0.166057692307692,0.964912280701754,0.00854223013201172,"Uterine Carcinosarcoma","Primary Tumor"
"1784",0.166153846153846,0.964912280701754,0.00854069948325054,"Uterine Carcinosarcoma","Primary Tumor"
"1785",0.16625,0.964912280701754,0.00853848027883342,"Uterine Carcinosarcoma","Primary Tumor"
"1786",0.166346153846154,0.964912280701754,0.0085360101505606,"Uterine Carcinosarcoma","Primary Tumor"
"1787",0.166442307692308,0.964912280701754,0.00852953874491746,"Uterine Carcinosarcoma","Primary Tumor"
"1788",0.166538461538462,0.964912280701754,0.00852871874655081,"Uterine Carcinosarcoma","Primary Tumor"
"1789",0.166634615384615,0.964912280701754,0.00852064365673888,"Uterine Carcinosarcoma","Primary Tumor"
"1790",0.166730769230769,0.964912280701754,0.00850766334747921,"Uterine Carcinosarcoma","Primary Tumor"
"1791",0.166826923076923,0.964912280701754,0.0084870554514207,"Uterine Carcinosarcoma","Primary Tumor"
"1792",0.166923076923077,0.964912280701754,0.00847060780906628,"Uterine Carcinosarcoma","Primary Tumor"
"1793",0.167019230769231,0.964912280701754,0.00845031973910071,"Uterine Carcinosarcoma","Primary Tumor"
"1794",0.167115384615385,0.964912280701754,0.0084211712267358,"Uterine Carcinosarcoma","Primary Tumor"
"1795",0.167211538461538,0.964912280701754,0.00841588282444738,"Uterine Carcinosarcoma","Primary Tumor"
"1796",0.167307692307692,0.964912280701754,0.00840873793359964,"Uterine Carcinosarcoma","Primary Tumor"
"1797",0.167403846153846,0.964912280701754,0.00839484804888901,"Uterine Carcinosarcoma","Primary Tumor"
"1798",0.1675,0.964912280701754,0.00838903762625842,"Uterine Carcinosarcoma","Primary Tumor"
"1799",0.167596153846154,0.964912280701754,0.00838688634161844,"Uterine Carcinosarcoma","Primary Tumor"
"1800",0.167692307692308,0.964912280701754,0.00838242637313491,"Uterine Carcinosarcoma","Primary Tumor"
"1801",0.167788461538462,0.964912280701754,0.00836430088225704,"Uterine Carcinosarcoma","Primary Tumor"
"1802",0.167884615384615,0.964912280701754,0.00835706129040825,"Uterine Carcinosarcoma","Primary Tumor"
"1803",0.167980769230769,0.964912280701754,0.00835183913616921,"Uterine Carcinosarcoma","Primary Tumor"
"1804",0.168076923076923,0.964912280701754,0.00833610555452236,"Uterine Carcinosarcoma","Primary Tumor"
"1805",0.168173076923077,0.964912280701754,0.00832415042695367,"Uterine Carcinosarcoma","Primary Tumor"
"1806",0.168269230769231,0.964912280701754,0.00832088426201938,"Uterine Carcinosarcoma","Primary Tumor"
"1807",0.168365384615385,0.964912280701754,0.00831053357520295,"Uterine Carcinosarcoma","Primary Tumor"
"1808",0.168461538461538,0.964912280701754,0.00829862269410431,"Uterine Carcinosarcoma","Primary Tumor"
"1809",0.168557692307692,0.964912280701754,0.00829809028143735,"Uterine Carcinosarcoma","Primary Tumor"
"1810",0.168653846153846,0.964912280701754,0.00828515919633876,"Uterine Carcinosarcoma","Primary Tumor"
"1811",0.16875,0.964912280701754,0.00828075410012241,"Uterine Carcinosarcoma","Primary Tumor"
"1812",0.168846153846154,0.964912280701754,0.008266245638754,"Uterine Carcinosarcoma","Primary Tumor"
"1813",0.168942307692308,0.964912280701754,0.00825005119327826,"Uterine Carcinosarcoma","Primary Tumor"
"1814",0.169038461538462,0.964912280701754,0.00823628022199363,"Uterine Carcinosarcoma","Primary Tumor"
"1815",0.169134615384615,0.964912280701754,0.00822901706279966,"Uterine Carcinosarcoma","Primary Tumor"
"1816",0.169230769230769,0.964912280701754,0.00822205744121329,"Uterine Carcinosarcoma","Primary Tumor"
"1817",0.169326923076923,0.964912280701754,0.0082219075964739,"Uterine Carcinosarcoma","Primary Tumor"
"1818",0.169423076923077,0.964912280701754,0.0082209075607601,"Uterine Carcinosarcoma","Primary Tumor"
"1819",0.169519230769231,0.964912280701754,0.00821890843884332,"Uterine Carcinosarcoma","Primary Tumor"
"1820",0.169615384615385,0.964912280701754,0.00821497320979703,"Uterine Carcinosarcoma","Primary Tumor"
"1821",0.169711538461538,0.964912280701754,0.00821206531093899,"Uterine Carcinosarcoma","Primary Tumor"
"1822",0.169807692307692,0.964912280701754,0.00820979326773008,"Uterine Carcinosarcoma","Primary Tumor"
"1823",0.169903846153846,0.964912280701754,0.00820541263382957,"Uterine Carcinosarcoma","Primary Tumor"
"1824",0.17,0.964912280701754,0.00820530923360119,"Uterine Carcinosarcoma","Primary Tumor"
"1825",0.170096153846154,0.964912280701754,0.00820032522737146,"Uterine Carcinosarcoma","Primary Tumor"
"1826",0.170192307692308,0.964912280701754,0.00818490471088451,"Uterine Carcinosarcoma","Primary Tumor"
"1827",0.170288461538462,0.964912280701754,0.00818004638140246,"Uterine Carcinosarcoma","Primary Tumor"
"1828",0.170384615384615,0.964912280701754,0.00817927201856616,"Uterine Carcinosarcoma","Primary Tumor"
"1829",0.170480769230769,0.964912280701754,0.00816466285385109,"Uterine Carcinosarcoma","Primary Tumor"
"1830",0.170576923076923,0.964912280701754,0.00816262311868554,"Uterine Carcinosarcoma","Primary Tumor"
"1831",0.170673076923077,0.964912280701754,0.00815651539322426,"Uterine Carcinosarcoma","Primary Tumor"
"1832",0.170769230769231,0.964912280701754,0.00814933779668736,"Uterine Carcinosarcoma","Primary Tumor"
"1833",0.170865384615385,0.964912280701754,0.00813179449508972,"Uterine Carcinosarcoma","Primary Tumor"
"1834",0.170961538461538,0.964912280701754,0.008131565861906,"Uterine Carcinosarcoma","Primary Tumor"
"1835",0.171057692307692,0.964912280701754,0.00812743972628072,"Uterine Carcinosarcoma","Primary Tumor"
"1836",0.171153846153846,0.964912280701754,0.00812400988175677,"Uterine Carcinosarcoma","Primary Tumor"
"1837",0.17125,0.964912280701754,0.00812220581223055,"Uterine Carcinosarcoma","Primary Tumor"
"1838",0.171346153846154,0.964912280701754,0.00811868628339862,"Uterine Carcinosarcoma","Primary Tumor"
"1839",0.171442307692308,0.964912280701754,0.00810981901796759,"Uterine Carcinosarcoma","Primary Tumor"
"1840",0.171538461538462,0.964912280701754,0.00808077456336831,"Uterine Carcinosarcoma","Primary Tumor"
"1841",0.171634615384615,0.964912280701754,0.00807351647593668,"Uterine Carcinosarcoma","Primary Tumor"
"1842",0.171730769230769,0.964912280701754,0.00806470351401856,"Uterine Carcinosarcoma","Primary Tumor"
"1843",0.171826923076923,0.964912280701754,0.00806123483079324,"Uterine Carcinosarcoma","Primary Tumor"
"1844",0.171923076923077,0.964912280701754,0.00804095321704845,"Uterine Carcinosarcoma","Primary Tumor"
"1845",0.172019230769231,0.964912280701754,0.00804033957252226,"Uterine Carcinosarcoma","Primary Tumor"
"1846",0.172115384615385,0.964912280701754,0.00803691441239296,"Uterine Carcinosarcoma","Primary Tumor"
"1847",0.172211538461538,0.964912280701754,0.00802576488004747,"Uterine Carcinosarcoma","Primary Tumor"
"1848",0.172307692307692,0.964912280701754,0.00802295336253678,"Uterine Carcinosarcoma","Primary Tumor"
"1849",0.172403846153846,0.964912280701754,0.00801742536820182,"Uterine Carcinosarcoma","Primary Tumor"
"1850",0.1725,0.964912280701754,0.00801250992683022,"Uterine Carcinosarcoma","Primary Tumor"
"1851",0.172596153846154,0.964912280701754,0.00798182415443049,"Uterine Carcinosarcoma","Primary Tumor"
"1852",0.172692307692308,0.964912280701754,0.00796543859827803,"Uterine Carcinosarcoma","Primary Tumor"
"1853",0.172788461538462,0.964912280701754,0.00796195242171116,"Uterine Carcinosarcoma","Primary Tumor"
"1854",0.172884615384615,0.964912280701754,0.0079611751931471,"Uterine Carcinosarcoma","Primary Tumor"
"1855",0.172980769230769,0.964912280701754,0.00794233152624735,"Uterine Carcinosarcoma","Primary Tumor"
"1856",0.173076923076923,0.964912280701754,0.00794039909349775,"Uterine Carcinosarcoma","Primary Tumor"
"1857",0.173173076923077,0.964912280701754,0.00793128690020894,"Uterine Carcinosarcoma","Primary Tumor"
"1858",0.173269230769231,0.964912280701754,0.00792218544694723,"Uterine Carcinosarcoma","Primary Tumor"
"1859",0.173365384615385,0.964912280701754,0.00789074401200085,"Uterine Carcinosarcoma","Primary Tumor"
"1860",0.173461538461538,0.964912280701754,0.00785573702959286,"Uterine Carcinosarcoma","Primary Tumor"
"1861",0.173557692307692,0.964912280701754,0.00785301814325101,"Uterine Carcinosarcoma","Primary Tumor"
"1862",0.173653846153846,0.964912280701754,0.00784951578051107,"Uterine Carcinosarcoma","Primary Tumor"
"1863",0.17375,0.964912280701754,0.00784710235905239,"Uterine Carcinosarcoma","Primary Tumor"
"1864",0.173846153846154,0.964912280701754,0.00784496502090359,"Uterine Carcinosarcoma","Primary Tumor"
"1865",0.173942307692308,0.964912280701754,0.00782350661682807,"Uterine Carcinosarcoma","Primary Tumor"
"1866",0.174038461538462,0.964912280701754,0.00781972733258784,"Uterine Carcinosarcoma","Primary Tumor"
"1867",0.174134615384615,0.964912280701754,0.00781825786619106,"Uterine Carcinosarcoma","Primary Tumor"
"1868",0.174230769230769,0.964912280701754,0.0078144273440689,"Uterine Carcinosarcoma","Primary Tumor"
"1869",0.174326923076923,0.964912280701754,0.00781372013708492,"Uterine Carcinosarcoma","Primary Tumor"
"1870",0.174423076923077,0.964912280701754,0.0077984765977237,"Uterine Carcinosarcoma","Primary Tumor"
"1871",0.174519230769231,0.964912280701754,0.00779309381532345,"Uterine Carcinosarcoma","Primary Tumor"
"1872",0.174615384615385,0.964912280701754,0.00778167028833532,"Uterine Carcinosarcoma","Primary Tumor"
"1873",0.174711538461538,0.964912280701754,0.00775009549780314,"Uterine Carcinosarcoma","Primary Tumor"
"1874",0.174807692307692,0.964912280701754,0.00774918135555613,"Uterine Carcinosarcoma","Primary Tumor"
"1875",0.174903846153846,0.964912280701754,0.00774590550333953,"Uterine Carcinosarcoma","Primary Tumor"
"1876",0.175,0.964912280701754,0.00774477469167478,"Uterine Carcinosarcoma","Primary Tumor"
"1877",0.175096153846154,0.964912280701754,0.00772880526305542,"Uterine Carcinosarcoma","Primary Tumor"
"1878",0.175192307692308,0.964912280701754,0.00769904084447826,"Uterine Carcinosarcoma","Primary Tumor"
"1879",0.175288461538462,0.964912280701754,0.00769268835990478,"Uterine Carcinosarcoma","Primary Tumor"
"1880",0.175384615384615,0.964912280701754,0.00768935399152326,"Uterine Carcinosarcoma","Primary Tumor"
"1881",0.175480769230769,0.964912280701754,0.00768883014265964,"Uterine Carcinosarcoma","Primary Tumor"
"1882",0.175576923076923,0.964912280701754,0.0076873191786675,"Uterine Carcinosarcoma","Primary Tumor"
"1883",0.175673076923077,0.964912280701754,0.00768381668258022,"Uterine Carcinosarcoma","Primary Tumor"
"1884",0.175769230769231,0.964912280701754,0.00768247932180366,"Uterine Carcinosarcoma","Primary Tumor"
"1885",0.175865384615385,0.964912280701754,0.0076804445634413,"Uterine Carcinosarcoma","Primary Tumor"
"1886",0.175961538461538,0.964912280701754,0.00767768639216926,"Uterine Carcinosarcoma","Primary Tumor"
"1887",0.176057692307692,0.964912280701754,0.00767015982016195,"Uterine Carcinosarcoma","Primary Tumor"
"1888",0.176153846153846,0.964912280701754,0.00766731790398723,"Uterine Carcinosarcoma","Primary Tumor"
"1889",0.17625,0.964912280701754,0.00766677018619366,"Uterine Carcinosarcoma","Primary Tumor"
"1890",0.176346153846154,0.964912280701754,0.0076660886717913,"Uterine Carcinosarcoma","Primary Tumor"
"1891",0.176442307692308,0.964912280701754,0.00765801720751458,"Uterine Carcinosarcoma","Primary Tumor"
"1892",0.176538461538462,0.964912280701754,0.00765574830301463,"Uterine Carcinosarcoma","Primary Tumor"
"1893",0.176634615384615,0.964912280701754,0.00765079372808453,"Uterine Carcinosarcoma","Primary Tumor"
"1894",0.176730769230769,0.964912280701754,0.00764552051651868,"Uterine Carcinosarcoma","Primary Tumor"
"1895",0.176826923076923,0.964912280701754,0.00763847093907732,"Uterine Carcinosarcoma","Primary Tumor"
"1896",0.176923076923077,0.964912280701754,0.00763207726280835,"Uterine Carcinosarcoma","Primary Tumor"
"1897",0.177019230769231,0.964912280701754,0.00762254549908414,"Uterine Carcinosarcoma","Primary Tumor"
"1898",0.177115384615385,0.964912280701754,0.00761194186307501,"Uterine Carcinosarcoma","Primary Tumor"
"1899",0.177211538461538,0.964912280701754,0.0076114251213758,"Uterine Carcinosarcoma","Primary Tumor"
"1900",0.177307692307692,0.964912280701754,0.00759380813382249,"Uterine Carcinosarcoma","Primary Tumor"
"1901",0.177403846153846,0.964912280701754,0.0075886625191891,"Uterine Carcinosarcoma","Primary Tumor"
"1902",0.1775,0.964912280701754,0.00758090777080023,"Uterine Carcinosarcoma","Primary Tumor"
"1903",0.177596153846154,0.964912280701754,0.00756906840913607,"Uterine Carcinosarcoma","Primary Tumor"
"1904",0.177692307692308,0.964912280701754,0.00756335964729093,"Uterine Carcinosarcoma","Primary Tumor"
"1905",0.177788461538462,0.964912280701754,0.00756327058062434,"Uterine Carcinosarcoma","Primary Tumor"
"1906",0.177884615384615,0.964912280701754,0.00756325426009419,"Uterine Carcinosarcoma","Primary Tumor"
"1907",0.177980769230769,0.964912280701754,0.00755562429240308,"Uterine Carcinosarcoma","Primary Tumor"
"1908",0.178076923076923,0.964912280701754,0.00753382497179711,"Uterine Carcinosarcoma","Primary Tumor"
"1909",0.178173076923077,0.964912280701754,0.00753049004529116,"Uterine Carcinosarcoma","Primary Tumor"
"1910",0.178269230769231,0.964912280701754,0.00752547519989,"Uterine Carcinosarcoma","Primary Tumor"
"1911",0.178365384615385,0.964912280701754,0.00749459031236555,"Uterine Carcinosarcoma","Primary Tumor"
"1912",0.178461538461538,0.964912280701754,0.00749149459604337,"Uterine Carcinosarcoma","Primary Tumor"
"1913",0.178557692307692,0.964912280701754,0.00748357473199279,"Uterine Carcinosarcoma","Primary Tumor"
"1914",0.178653846153846,0.964912280701754,0.0074800848381823,"Uterine Carcinosarcoma","Primary Tumor"
"1915",0.17875,0.964912280701754,0.00747683337402161,"Uterine Carcinosarcoma","Primary Tumor"
"1916",0.178846153846154,0.964912280701754,0.00747212459075586,"Uterine Carcinosarcoma","Primary Tumor"
"1917",0.178942307692308,0.964912280701754,0.0074705731664807,"Uterine Carcinosarcoma","Primary Tumor"
"1918",0.179038461538462,0.964912280701754,0.00745383897365759,"Uterine Carcinosarcoma","Primary Tumor"
"1919",0.179134615384615,0.964912280701754,0.00744467254723402,"Uterine Carcinosarcoma","Primary Tumor"
"1920",0.179230769230769,0.964912280701754,0.00742261107442277,"Uterine Carcinosarcoma","Primary Tumor"
"1921",0.179326923076923,0.964912280701754,0.00741921256801648,"Uterine Carcinosarcoma","Primary Tumor"
"1922",0.179423076923077,0.964912280701754,0.00740361941171708,"Uterine Carcinosarcoma","Primary Tumor"
"1923",0.179519230769231,0.964912280701754,0.00740300532106086,"Uterine Carcinosarcoma","Primary Tumor"
"1924",0.179615384615385,0.964912280701754,0.00739525119876117,"Uterine Carcinosarcoma","Primary Tumor"
"1925",0.179711538461538,0.964912280701754,0.00738517555152463,"Uterine Carcinosarcoma","Primary Tumor"
"1926",0.179807692307692,0.964912280701754,0.0073850272565783,"Uterine Carcinosarcoma","Primary Tumor"
"1927",0.179903846153846,0.964912280701754,0.00737241752324413,"Uterine Carcinosarcoma","Primary Tumor"
"1928",0.18,0.964912280701754,0.00734634126831968,"Uterine Carcinosarcoma","Primary Tumor"
"1929",0.180096153846154,0.964912280701754,0.00733696958875429,"Uterine Carcinosarcoma","Primary Tumor"
"1930",0.180192307692308,0.964912280701754,0.00732642903916425,"Uterine Carcinosarcoma","Primary Tumor"
"1931",0.180288461538462,0.964912280701754,0.00732480011933379,"Uterine Carcinosarcoma","Primary Tumor"
"1932",0.180384615384615,0.964912280701754,0.00732319350169774,"Uterine Carcinosarcoma","Primary Tumor"
"1933",0.180480769230769,0.964912280701754,0.00731746052266491,"Uterine Carcinosarcoma","Primary Tumor"
"1934",0.180576923076923,0.964912280701754,0.00731420384851167,"Uterine Carcinosarcoma","Primary Tumor"
"1935",0.180673076923077,0.964912280701754,0.00731262964451762,"Uterine Carcinosarcoma","Primary Tumor"
"1936",0.180769230769231,0.964912280701754,0.00731207984365256,"Uterine Carcinosarcoma","Primary Tumor"
"1937",0.180865384615385,0.964912280701754,0.00730446212699287,"Uterine Carcinosarcoma","Primary Tumor"
"1938",0.180961538461538,0.964912280701754,0.00730435622267178,"Uterine Carcinosarcoma","Primary Tumor"
"1939",0.181057692307692,0.964912280701754,0.00729606488990775,"Uterine Carcinosarcoma","Primary Tumor"
"1940",0.181153846153846,0.964912280701754,0.00728029475481085,"Uterine Carcinosarcoma","Primary Tumor"
"1941",0.18125,0.964912280701754,0.00727756502041954,"Uterine Carcinosarcoma","Primary Tumor"
"1942",0.181346153846154,0.964912280701754,0.00727722850619728,"Uterine Carcinosarcoma","Primary Tumor"
"1943",0.181442307692308,0.964912280701754,0.0072722520676225,"Uterine Carcinosarcoma","Primary Tumor"
"1944",0.181538461538462,0.964912280701754,0.0072570449368865,"Uterine Carcinosarcoma","Primary Tumor"
"1945",0.181634615384615,0.964912280701754,0.00725561050697932,"Uterine Carcinosarcoma","Primary Tumor"
"1946",0.181730769230769,0.964912280701754,0.00725111939147982,"Uterine Carcinosarcoma","Primary Tumor"
"1947",0.181826923076923,0.964912280701754,0.00724787355634349,"Uterine Carcinosarcoma","Primary Tumor"
"1948",0.181923076923077,0.964912280701754,0.00724451130549142,"Uterine Carcinosarcoma","Primary Tumor"
"1949",0.182019230769231,0.964912280701754,0.00723494756344378,"Uterine Carcinosarcoma","Primary Tumor"
"1950",0.182115384615385,0.964912280701754,0.00722979882025288,"Uterine Carcinosarcoma","Primary Tumor"
"1951",0.182211538461538,0.964912280701754,0.0072149726832671,"Uterine Carcinosarcoma","Primary Tumor"
"1952",0.182307692307692,0.964912280701754,0.00721437101743305,"Uterine Carcinosarcoma","Primary Tumor"
"1953",0.182403846153846,0.964912280701754,0.00716505899118525,"Uterine Carcinosarcoma","Primary Tumor"
"1954",0.1825,0.964912280701754,0.00716302662649348,"Uterine Carcinosarcoma","Primary Tumor"
"1955",0.182596153846154,0.964912280701754,0.00715717994634923,"Uterine Carcinosarcoma","Primary Tumor"
"1956",0.182692307692308,0.964912280701754,0.00712934558451361,"Uterine Carcinosarcoma","Primary Tumor"
"1957",0.182788461538462,0.964912280701754,0.0071238998523353,"Uterine Carcinosarcoma","Primary Tumor"
"1958",0.182884615384615,0.964912280701754,0.00712048472995241,"Uterine Carcinosarcoma","Primary Tumor"
"1959",0.182980769230769,0.964912280701754,0.00711842231961357,"Uterine Carcinosarcoma","Primary Tumor"
"1960",0.183076923076923,0.964912280701754,0.00711501971460859,"Uterine Carcinosarcoma","Primary Tumor"
"1961",0.183173076923077,0.964912280701754,0.00710836941685533,"Uterine Carcinosarcoma","Primary Tumor"
"1962",0.183269230769231,0.964912280701754,0.00710322337424063,"Uterine Carcinosarcoma","Primary Tumor"
"1963",0.183269230769231,0.982456140350877,0.00709886674159077,"Uterine Carcinosarcoma","Primary Tumor"
"1964",0.183365384615385,0.982456140350877,0.00709544300324116,"Uterine Carcinosarcoma","Primary Tumor"
"1965",0.183461538461538,0.982456140350877,0.00709421303557711,"Uterine Carcinosarcoma","Primary Tumor"
"1966",0.183557692307692,0.982456140350877,0.00708928198467507,"Uterine Carcinosarcoma","Primary Tumor"
"1967",0.183653846153846,0.982456140350877,0.00708410970146611,"Uterine Carcinosarcoma","Primary Tumor"
"1968",0.18375,0.982456140350877,0.00708359575233386,"Uterine Carcinosarcoma","Primary Tumor"
"1969",0.183846153846154,0.982456140350877,0.00708138071775877,"Uterine Carcinosarcoma","Primary Tumor"
"1970",0.183942307692308,0.982456140350877,0.00707868405476875,"Uterine Carcinosarcoma","Primary Tumor"
"1971",0.184038461538462,0.982456140350877,0.00707542803471017,"Uterine Carcinosarcoma","Primary Tumor"
"1972",0.184134615384615,0.982456140350877,0.00707199694906591,"Uterine Carcinosarcoma","Primary Tumor"
"1973",0.184230769230769,0.982456140350877,0.00707095223807441,"Uterine Carcinosarcoma","Primary Tumor"
"1974",0.184326923076923,0.982456140350877,0.00707093844605422,"Uterine Carcinosarcoma","Primary Tumor"
"1975",0.184423076923077,0.982456140350877,0.00706952853377363,"Uterine Carcinosarcoma","Primary Tumor"
"1976",0.184519230769231,0.982456140350877,0.00706699831231983,"Uterine Carcinosarcoma","Primary Tumor"
"1977",0.184615384615385,0.982456140350877,0.00705745048614237,"Uterine Carcinosarcoma","Primary Tumor"
"1978",0.184711538461538,0.982456140350877,0.00705046103560303,"Uterine Carcinosarcoma","Primary Tumor"
"1979",0.184807692307692,0.982456140350877,0.00704800374002867,"Uterine Carcinosarcoma","Primary Tumor"
"1980",0.184903846153846,0.982456140350877,0.00704093091000435,"Uterine Carcinosarcoma","Primary Tumor"
"1981",0.185,0.982456140350877,0.00702865287252263,"Uterine Carcinosarcoma","Primary Tumor"
"1982",0.185096153846154,0.982456140350877,0.00702595426894936,"Uterine Carcinosarcoma","Primary Tumor"
"1983",0.185192307692308,0.982456140350877,0.00701724466333487,"Uterine Carcinosarcoma","Primary Tumor"
"1984",0.185288461538462,0.982456140350877,0.00700709668908228,"Uterine Carcinosarcoma","Primary Tumor"
"1985",0.185384615384615,0.982456140350877,0.00700589919498573,"Uterine Carcinosarcoma","Primary Tumor"
"1986",0.185480769230769,0.982456140350877,0.00699869036756062,"Uterine Carcinosarcoma","Primary Tumor"
"1987",0.185576923076923,0.982456140350877,0.00699732114259122,"Uterine Carcinosarcoma","Primary Tumor"
"1988",0.185673076923077,0.982456140350877,0.00699601139016426,"Uterine Carcinosarcoma","Primary Tumor"
"1989",0.185769230769231,0.982456140350877,0.00699475968027552,"Uterine Carcinosarcoma","Primary Tumor"
"1990",0.185865384615385,0.982456140350877,0.00698407682199487,"Uterine Carcinosarcoma","Primary Tumor"
"1991",0.185961538461538,0.982456140350877,0.00698133251315358,"Uterine Carcinosarcoma","Primary Tumor"
"1992",0.186057692307692,0.982456140350877,0.00697906929477121,"Uterine Carcinosarcoma","Primary Tumor"
"1993",0.186153846153846,0.982456140350877,0.00697046581303729,"Uterine Carcinosarcoma","Primary Tumor"
"1994",0.18625,0.982456140350877,0.00696911791835542,"Uterine Carcinosarcoma","Primary Tumor"
"1995",0.186346153846154,0.982456140350877,0.0069676939292328,"Uterine Carcinosarcoma","Primary Tumor"
"1996",0.186442307692308,0.982456140350877,0.00696651779854851,"Uterine Carcinosarcoma","Primary Tumor"
"1997",0.186538461538462,0.982456140350877,0.0069634978086851,"Uterine Carcinosarcoma","Primary Tumor"
"1998",0.186634615384615,0.982456140350877,0.00695875055174777,"Uterine Carcinosarcoma","Primary Tumor"
"1999",0.186730769230769,0.982456140350877,0.00695766669090614,"Uterine Carcinosarcoma","Primary Tumor"
"2000",0.186826923076923,0.982456140350877,0.00693740810890109,"Uterine Carcinosarcoma","Primary Tumor"
"2001",0.186923076923077,0.982456140350877,0.00693395210411962,"Uterine Carcinosarcoma","Primary Tumor"
"2002",0.187019230769231,0.982456140350877,0.00692907902825712,"Uterine Carcinosarcoma","Primary Tumor"
"2003",0.187115384615385,0.982456140350877,0.00691343114595033,"Uterine Carcinosarcoma","Primary Tumor"
"2004",0.187211538461538,0.982456140350877,0.00691177526812525,"Uterine Carcinosarcoma","Primary Tumor"
"2005",0.187307692307692,0.982456140350877,0.00690237094418489,"Uterine Carcinosarcoma","Primary Tumor"
"2006",0.187403846153846,0.982456140350877,0.00690208164754269,"Uterine Carcinosarcoma","Primary Tumor"
"2007",0.1875,0.982456140350877,0.00690199057489482,"Uterine Carcinosarcoma","Primary Tumor"
"2008",0.187596153846154,0.982456140350877,0.00689938796086209,"Uterine Carcinosarcoma","Primary Tumor"
"2009",0.187692307692308,0.982456140350877,0.00689708471551098,"Uterine Carcinosarcoma","Primary Tumor"
"2010",0.187788461538462,0.982456140350877,0.00689564841119006,"Uterine Carcinosarcoma","Primary Tumor"
"2011",0.187884615384615,0.982456140350877,0.00688659946401105,"Uterine Carcinosarcoma","Primary Tumor"
"2012",0.187980769230769,0.982456140350877,0.00688202256625703,"Uterine Carcinosarcoma","Primary Tumor"
"2013",0.188076923076923,0.982456140350877,0.00687424031707973,"Uterine Carcinosarcoma","Primary Tumor"
"2014",0.188173076923077,0.982456140350877,0.00687312925450634,"Uterine Carcinosarcoma","Primary Tumor"
"2015",0.188269230769231,0.982456140350877,0.00686061878330757,"Uterine Carcinosarcoma","Primary Tumor"
"2016",0.188365384615385,0.982456140350877,0.00685008169466739,"Uterine Carcinosarcoma","Primary Tumor"
"2017",0.188461538461538,0.982456140350877,0.00684522882320371,"Uterine Carcinosarcoma","Primary Tumor"
"2018",0.188557692307692,0.982456140350877,0.00683779797206652,"Uterine Carcinosarcoma","Primary Tumor"
"2019",0.188653846153846,0.982456140350877,0.00683263412136392,"Uterine Carcinosarcoma","Primary Tumor"
"2020",0.18875,0.982456140350877,0.00683185972473621,"Uterine Carcinosarcoma","Primary Tumor"
"2021",0.188846153846154,0.982456140350877,0.00683094449475918,"Uterine Carcinosarcoma","Primary Tumor"
"2022",0.188942307692308,0.982456140350877,0.00682155892392278,"Uterine Carcinosarcoma","Primary Tumor"
"2023",0.189038461538462,0.982456140350877,0.00681585305203658,"Uterine Carcinosarcoma","Primary Tumor"
"2024",0.189134615384615,0.982456140350877,0.00681314030332925,"Uterine Carcinosarcoma","Primary Tumor"
"2025",0.189230769230769,0.982456140350877,0.00681234091824745,"Uterine Carcinosarcoma","Primary Tumor"
"2026",0.189326923076923,0.982456140350877,0.00681152826684128,"Uterine Carcinosarcoma","Primary Tumor"
"2027",0.189423076923077,0.982456140350877,0.00681129917521006,"Uterine Carcinosarcoma","Primary Tumor"
"2028",0.189519230769231,0.982456140350877,0.00680795478854479,"Uterine Carcinosarcoma","Primary Tumor"
"2029",0.189615384615385,0.982456140350877,0.00680027433974473,"Uterine Carcinosarcoma","Primary Tumor"
"2030",0.189711538461538,0.982456140350877,0.00679008191168096,"Uterine Carcinosarcoma","Primary Tumor"
"2031",0.189807692307692,0.982456140350877,0.00678923493570938,"Uterine Carcinosarcoma","Primary Tumor"
"2032",0.189903846153846,0.982456140350877,0.00678846532888799,"Uterine Carcinosarcoma","Primary Tumor"
"2033",0.19,0.982456140350877,0.00677423106903252,"Uterine Carcinosarcoma","Primary Tumor"
"2034",0.190096153846154,0.982456140350877,0.00677350708572855,"Uterine Carcinosarcoma","Primary Tumor"
"2035",0.190192307692308,0.982456140350877,0.00677160536230981,"Uterine Carcinosarcoma","Primary Tumor"
"2036",0.190288461538462,0.982456140350877,0.00676444702039924,"Uterine Carcinosarcoma","Primary Tumor"
"2037",0.190384615384615,0.982456140350877,0.00673003079408985,"Uterine Carcinosarcoma","Primary Tumor"
"2038",0.190480769230769,0.982456140350877,0.00672988389184925,"Uterine Carcinosarcoma","Primary Tumor"
"2039",0.190576923076923,0.982456140350877,0.00672908410326434,"Uterine Carcinosarcoma","Primary Tumor"
"2040",0.190673076923077,0.982456140350877,0.00672761225503971,"Uterine Carcinosarcoma","Primary Tumor"
"2041",0.190769230769231,0.982456140350877,0.00672424000320127,"Uterine Carcinosarcoma","Primary Tumor"
"2042",0.190865384615385,0.982456140350877,0.00672347570836362,"Uterine Carcinosarcoma","Primary Tumor"
"2043",0.190961538461538,0.982456140350877,0.00672103256517709,"Uterine Carcinosarcoma","Primary Tumor"
"2044",0.191057692307692,0.982456140350877,0.00670811764523616,"Uterine Carcinosarcoma","Primary Tumor"
"2045",0.191153846153846,0.982456140350877,0.00670356527413019,"Uterine Carcinosarcoma","Primary Tumor"
"2046",0.19125,0.982456140350877,0.00670157921460957,"Uterine Carcinosarcoma","Primary Tumor"
"2047",0.191346153846154,0.982456140350877,0.00669973034822802,"Uterine Carcinosarcoma","Primary Tumor"
"2048",0.191442307692308,0.982456140350877,0.00669847468946139,"Uterine Carcinosarcoma","Primary Tumor"
"2049",0.191538461538462,0.982456140350877,0.00669210582681123,"Uterine Carcinosarcoma","Primary Tumor"
"2050",0.191634615384615,0.982456140350877,0.00668882889577238,"Uterine Carcinosarcoma","Primary Tumor"
"2051",0.191730769230769,0.982456140350877,0.00668479923239229,"Uterine Carcinosarcoma","Primary Tumor"
"2052",0.191826923076923,0.982456140350877,0.00668191218121472,"Uterine Carcinosarcoma","Primary Tumor"
"2053",0.191923076923077,0.982456140350877,0.00667985690056005,"Uterine Carcinosarcoma","Primary Tumor"
"2054",0.192019230769231,0.982456140350877,0.00667713342022891,"Uterine Carcinosarcoma","Primary Tumor"
"2055",0.192115384615385,0.982456140350877,0.00667617269710663,"Uterine Carcinosarcoma","Primary Tumor"
"2056",0.192211538461538,0.982456140350877,0.00667541939320893,"Uterine Carcinosarcoma","Primary Tumor"
"2057",0.192307692307692,0.982456140350877,0.00666967881023706,"Uterine Carcinosarcoma","Primary Tumor"
"2058",0.192403846153846,0.982456140350877,0.00666873404590207,"Uterine Carcinosarcoma","Primary Tumor"
"2059",0.1925,0.982456140350877,0.00666206525187762,"Uterine Carcinosarcoma","Primary Tumor"
"2060",0.192596153846154,0.982456140350877,0.0066562788316693,"Uterine Carcinosarcoma","Primary Tumor"
"2061",0.192692307692308,0.982456140350877,0.00665055664436032,"Uterine Carcinosarcoma","Primary Tumor"
"2062",0.192788461538462,0.982456140350877,0.00665003017117127,"Uterine Carcinosarcoma","Primary Tumor"
"2063",0.192884615384615,0.982456140350877,0.00663920357427505,"Uterine Carcinosarcoma","Primary Tumor"
"2064",0.192980769230769,0.982456140350877,0.00663760423314674,"Uterine Carcinosarcoma","Primary Tumor"
"2065",0.193076923076923,0.982456140350877,0.00663378093277533,"Uterine Carcinosarcoma","Primary Tumor"
"2066",0.193173076923077,0.982456140350877,0.00662414268719802,"Uterine Carcinosarcoma","Primary Tumor"
"2067",0.193269230769231,0.982456140350877,0.00661341649356362,"Uterine Carcinosarcoma","Primary Tumor"
"2068",0.193365384615385,0.982456140350877,0.00659026958772391,"Uterine Carcinosarcoma","Primary Tumor"
"2069",0.193461538461538,0.982456140350877,0.00658999107189728,"Uterine Carcinosarcoma","Primary Tumor"
"2070",0.193557692307692,0.982456140350877,0.00658570078205023,"Uterine Carcinosarcoma","Primary Tumor"
"2071",0.193653846153846,0.982456140350877,0.00658184955973662,"Uterine Carcinosarcoma","Primary Tumor"
"2072",0.19375,0.982456140350877,0.00656902677341042,"Uterine Carcinosarcoma","Primary Tumor"
"2073",0.193846153846154,0.982456140350877,0.00656761413464346,"Uterine Carcinosarcoma","Primary Tumor"
"2074",0.193942307692308,0.982456140350877,0.00655572425366224,"Uterine Carcinosarcoma","Primary Tumor"
"2075",0.194038461538462,0.982456140350877,0.00652927614742627,"Uterine Carcinosarcoma","Primary Tumor"
"2076",0.194134615384615,0.982456140350877,0.00652751171931776,"Uterine Carcinosarcoma","Primary Tumor"
"2077",0.194230769230769,0.982456140350877,0.00652318683937103,"Uterine Carcinosarcoma","Primary Tumor"
"2078",0.194326923076923,0.982456140350877,0.00652263477299897,"Uterine Carcinosarcoma","Primary Tumor"
"2079",0.194423076923077,0.982456140350877,0.00651997566957896,"Uterine Carcinosarcoma","Primary Tumor"
"2080",0.194519230769231,0.982456140350877,0.00650555244931095,"Uterine Carcinosarcoma","Primary Tumor"
"2081",0.194615384615385,0.982456140350877,0.00650183179038843,"Uterine Carcinosarcoma","Primary Tumor"
"2082",0.194711538461538,0.982456140350877,0.00650182648527697,"Uterine Carcinosarcoma","Primary Tumor"
"2083",0.194807692307692,0.982456140350877,0.00650089034531764,"Uterine Carcinosarcoma","Primary Tumor"
"2084",0.194903846153846,0.982456140350877,0.00649209890162783,"Uterine Carcinosarcoma","Primary Tumor"
"2085",0.195,0.982456140350877,0.00648901743150287,"Uterine Carcinosarcoma","Primary Tumor"
"2086",0.195096153846154,0.982456140350877,0.00648892630283437,"Uterine Carcinosarcoma","Primary Tumor"
"2087",0.195192307692308,0.982456140350877,0.00648447253241125,"Uterine Carcinosarcoma","Primary Tumor"
"2088",0.195288461538462,0.982456140350877,0.00648412771097839,"Uterine Carcinosarcoma","Primary Tumor"
"2089",0.195384615384615,0.982456140350877,0.00648149349546445,"Uterine Carcinosarcoma","Primary Tumor"
"2090",0.195480769230769,0.982456140350877,0.00648030265858435,"Uterine Carcinosarcoma","Primary Tumor"
"2091",0.195576923076923,0.982456140350877,0.00647760771184047,"Uterine Carcinosarcoma","Primary Tumor"
"2092",0.195673076923077,0.982456140350877,0.00647583969217513,"Uterine Carcinosarcoma","Primary Tumor"
"2093",0.195769230769231,0.982456140350877,0.00646744956222778,"Uterine Carcinosarcoma","Primary Tumor"
"2094",0.195865384615385,0.982456140350877,0.00646678653365296,"Uterine Carcinosarcoma","Primary Tumor"
"2095",0.195961538461538,0.982456140350877,0.00646240216687854,"Uterine Carcinosarcoma","Primary Tumor"
"2096",0.196057692307692,0.982456140350877,0.00645777146115412,"Uterine Carcinosarcoma","Primary Tumor"
"2097",0.196153846153846,0.982456140350877,0.00645425827974389,"Uterine Carcinosarcoma","Primary Tumor"
"2098",0.19625,0.982456140350877,0.00644717110964277,"Uterine Carcinosarcoma","Primary Tumor"
"2099",0.196346153846154,0.982456140350877,0.00644662383454742,"Uterine Carcinosarcoma","Primary Tumor"
"2100",0.196442307692308,0.982456140350877,0.0064453252739497,"Uterine Carcinosarcoma","Primary Tumor"
"2101",0.196538461538462,0.982456140350877,0.00642600820754513,"Uterine Carcinosarcoma","Primary Tumor"
"2102",0.196634615384615,0.982456140350877,0.00641965135432865,"Uterine Carcinosarcoma","Primary Tumor"
"2103",0.196730769230769,0.982456140350877,0.00640814815527557,"Uterine Carcinosarcoma","Primary Tumor"
"2104",0.196826923076923,0.982456140350877,0.00640808445827068,"Uterine Carcinosarcoma","Primary Tumor"
"2105",0.196923076923077,0.982456140350877,0.00640565055596209,"Uterine Carcinosarcoma","Primary Tumor"
"2106",0.197019230769231,0.982456140350877,0.00640558274423852,"Uterine Carcinosarcoma","Primary Tumor"
"2107",0.197115384615385,0.982456140350877,0.00637119989503732,"Uterine Carcinosarcoma","Primary Tumor"
"2108",0.197211538461538,0.982456140350877,0.0063665833986376,"Uterine Carcinosarcoma","Primary Tumor"
"2109",0.197307692307692,0.982456140350877,0.00636408450458814,"Uterine Carcinosarcoma","Primary Tumor"
"2110",0.197403846153846,0.982456140350877,0.0063566298942922,"Uterine Carcinosarcoma","Primary Tumor"
"2111",0.1975,0.982456140350877,0.00635661315545222,"Uterine Carcinosarcoma","Primary Tumor"
"2112",0.197596153846154,0.982456140350877,0.00634947707653821,"Uterine Carcinosarcoma","Primary Tumor"
"2113",0.197692307692308,0.982456140350877,0.00634654359844322,"Uterine Carcinosarcoma","Primary Tumor"
"2114",0.197788461538462,0.982456140350877,0.00633834782257348,"Uterine Carcinosarcoma","Primary Tumor"
"2115",0.197884615384615,0.982456140350877,0.0063366680780228,"Uterine Carcinosarcoma","Primary Tumor"
"2116",0.197980769230769,0.982456140350877,0.00632561718136548,"Uterine Carcinosarcoma","Primary Tumor"
"2117",0.198076923076923,0.982456140350877,0.00632177963734482,"Uterine Carcinosarcoma","Primary Tumor"
"2118",0.198173076923077,0.982456140350877,0.00631992206165011,"Uterine Carcinosarcoma","Primary Tumor"
"2119",0.198269230769231,0.982456140350877,0.00631766848453252,"Uterine Carcinosarcoma","Primary Tumor"
"2120",0.198365384615385,0.982456140350877,0.00631570473729737,"Uterine Carcinosarcoma","Primary Tumor"
"2121",0.198461538461538,0.982456140350877,0.00631455362886901,"Uterine Carcinosarcoma","Primary Tumor"
"2122",0.198557692307692,0.982456140350877,0.00630855156114674,"Uterine Carcinosarcoma","Primary Tumor"
"2123",0.198653846153846,0.982456140350877,0.00630121062840372,"Uterine Carcinosarcoma","Primary Tumor"
"2124",0.19875,0.982456140350877,0.0062996810729059,"Uterine Carcinosarcoma","Primary Tumor"
"2125",0.198846153846154,0.982456140350877,0.0062799721402278,"Uterine Carcinosarcoma","Primary Tumor"
"2126",0.198942307692308,0.982456140350877,0.00627746666963269,"Uterine Carcinosarcoma","Primary Tumor"
"2127",0.199038461538462,0.982456140350877,0.00627678717293645,"Uterine Carcinosarcoma","Primary Tumor"
"2128",0.199134615384615,0.982456140350877,0.00626540832603806,"Uterine Carcinosarcoma","Primary Tumor"
"2129",0.199230769230769,0.982456140350877,0.00626479966095095,"Uterine Carcinosarcoma","Primary Tumor"
"2130",0.199326923076923,0.982456140350877,0.00625938992222141,"Uterine Carcinosarcoma","Primary Tumor"
"2131",0.199423076923077,0.982456140350877,0.00625598297863583,"Uterine Carcinosarcoma","Primary Tumor"
"2132",0.199519230769231,0.982456140350877,0.00625476146544501,"Uterine Carcinosarcoma","Primary Tumor"
"2133",0.199615384615385,0.982456140350877,0.00624919333964047,"Uterine Carcinosarcoma","Primary Tumor"
"2134",0.199711538461538,0.982456140350877,0.00624907963618115,"Uterine Carcinosarcoma","Primary Tumor"
"2135",0.199807692307692,0.982456140350877,0.00624303267297299,"Uterine Carcinosarcoma","Primary Tumor"
"2136",0.199903846153846,0.982456140350877,0.00624186656463965,"Uterine Carcinosarcoma","Primary Tumor"
"2137",0.2,0.982456140350877,0.00624140335724221,"Uterine Carcinosarcoma","Primary Tumor"
"2138",0.200096153846154,0.982456140350877,0.00622808648152373,"Uterine Carcinosarcoma","Primary Tumor"
"2139",0.200192307692308,0.982456140350877,0.00622595651945868,"Uterine Carcinosarcoma","Primary Tumor"
"2140",0.200288461538462,0.982456140350877,0.006224938734115,"Uterine Carcinosarcoma","Primary Tumor"
"2141",0.200384615384615,0.982456140350877,0.00622350696645013,"Uterine Carcinosarcoma","Primary Tumor"
"2142",0.200480769230769,0.982456140350877,0.00621627424476845,"Uterine Carcinosarcoma","Primary Tumor"
"2143",0.200576923076923,0.982456140350877,0.00620893011419044,"Uterine Carcinosarcoma","Primary Tumor"
"2144",0.200673076923077,0.982456140350877,0.00620862058883587,"Uterine Carcinosarcoma","Primary Tumor"
"2145",0.200769230769231,0.982456140350877,0.00619465040352962,"Uterine Carcinosarcoma","Primary Tumor"
"2146",0.200865384615385,0.982456140350877,0.00619390534829534,"Uterine Carcinosarcoma","Primary Tumor"
"2147",0.200961538461538,0.982456140350877,0.00618889516696097,"Uterine Carcinosarcoma","Primary Tumor"
"2148",0.201057692307692,0.982456140350877,0.00618375195711507,"Uterine Carcinosarcoma","Primary Tumor"
"2149",0.201153846153846,0.982456140350877,0.00616744277201309,"Uterine Carcinosarcoma","Primary Tumor"
"2150",0.20125,0.982456140350877,0.00615851713238236,"Uterine Carcinosarcoma","Primary Tumor"
"2151",0.201346153846154,0.982456140350877,0.00615293495268665,"Uterine Carcinosarcoma","Primary Tumor"
"2152",0.201442307692308,0.982456140350877,0.00614710635486881,"Uterine Carcinosarcoma","Primary Tumor"
"2153",0.201538461538462,0.982456140350877,0.00613181332824142,"Uterine Carcinosarcoma","Primary Tumor"
"2154",0.201634615384615,0.982456140350877,0.00613007314597314,"Uterine Carcinosarcoma","Primary Tumor"
"2155",0.201730769230769,0.982456140350877,0.00612850437772239,"Uterine Carcinosarcoma","Primary Tumor"
"2156",0.201826923076923,0.982456140350877,0.00612179480010511,"Uterine Carcinosarcoma","Primary Tumor"
"2157",0.201923076923077,0.982456140350877,0.00611983861828991,"Uterine Carcinosarcoma","Primary Tumor"
"2158",0.202019230769231,0.982456140350877,0.00611886924544847,"Uterine Carcinosarcoma","Primary Tumor"
"2159",0.202115384615385,0.982456140350877,0.00610943483535842,"Uterine Carcinosarcoma","Primary Tumor"
"2160",0.202211538461538,0.982456140350877,0.00610922795778812,"Uterine Carcinosarcoma","Primary Tumor"
"2161",0.202307692307692,0.982456140350877,0.00610834722766562,"Uterine Carcinosarcoma","Primary Tumor"
"2162",0.202403846153846,0.982456140350877,0.00610266975319285,"Uterine Carcinosarcoma","Primary Tumor"
"2163",0.2025,0.982456140350877,0.0060938632489117,"Uterine Carcinosarcoma","Primary Tumor"
"2164",0.202596153846154,0.982456140350877,0.00608315836523421,"Uterine Carcinosarcoma","Primary Tumor"
"2165",0.202692307692308,0.982456140350877,0.00608149392176982,"Uterine Carcinosarcoma","Primary Tumor"
"2166",0.202788461538462,0.982456140350877,0.00607865195780444,"Uterine Carcinosarcoma","Primary Tumor"
"2167",0.202884615384615,0.982456140350877,0.00607578521295327,"Uterine Carcinosarcoma","Primary Tumor"
"2168",0.202980769230769,0.982456140350877,0.0060712071466692,"Uterine Carcinosarcoma","Primary Tumor"
"2169",0.203076923076923,0.982456140350877,0.00606839608804988,"Uterine Carcinosarcoma","Primary Tumor"
"2170",0.203173076923077,0.982456140350877,0.00606492748530163,"Uterine Carcinosarcoma","Primary Tumor"
"2171",0.203269230769231,0.982456140350877,0.00605764468547365,"Uterine Carcinosarcoma","Primary Tumor"
"2172",0.203365384615385,0.982456140350877,0.00605750787491699,"Uterine Carcinosarcoma","Primary Tumor"
"2173",0.203461538461538,0.982456140350877,0.00605472588181255,"Uterine Carcinosarcoma","Primary Tumor"
"2174",0.203557692307692,0.982456140350877,0.00605292404705859,"Uterine Carcinosarcoma","Primary Tumor"
"2175",0.203653846153846,0.982456140350877,0.00605244881634914,"Uterine Carcinosarcoma","Primary Tumor"
"2176",0.20375,0.982456140350877,0.0060486456172949,"Uterine Carcinosarcoma","Primary Tumor"
"2177",0.203846153846154,0.982456140350877,0.00603607195311173,"Uterine Carcinosarcoma","Primary Tumor"
"2178",0.203942307692308,0.982456140350877,0.00603590837234469,"Uterine Carcinosarcoma","Primary Tumor"
"2179",0.204038461538462,0.982456140350877,0.00603339673909897,"Uterine Carcinosarcoma","Primary Tumor"
"2180",0.204134615384615,0.982456140350877,0.00603304531697813,"Uterine Carcinosarcoma","Primary Tumor"
"2181",0.204230769230769,0.982456140350877,0.00602352255551597,"Uterine Carcinosarcoma","Primary Tumor"
"2182",0.204326923076923,0.982456140350877,0.00601792103894194,"Uterine Carcinosarcoma","Primary Tumor"
"2183",0.204423076923077,0.982456140350877,0.00600207547754272,"Uterine Carcinosarcoma","Primary Tumor"
"2184",0.204519230769231,0.982456140350877,0.0060004586015886,"Uterine Carcinosarcoma","Primary Tumor"
"2185",0.204615384615385,0.982456140350877,0.00599597844105471,"Uterine Carcinosarcoma","Primary Tumor"
"2186",0.204711538461538,0.982456140350877,0.00599458227941529,"Uterine Carcinosarcoma","Primary Tumor"
"2187",0.204807692307692,0.982456140350877,0.00598081755182722,"Uterine Carcinosarcoma","Primary Tumor"
"2188",0.204903846153846,0.982456140350877,0.00597855552428683,"Uterine Carcinosarcoma","Primary Tumor"
"2189",0.205,0.982456140350877,0.00597759981984503,"Uterine Carcinosarcoma","Primary Tumor"
"2190",0.205096153846154,0.982456140350877,0.00596644622276365,"Uterine Carcinosarcoma","Primary Tumor"
"2191",0.205192307692308,0.982456140350877,0.00596356605305115,"Uterine Carcinosarcoma","Primary Tumor"
"2192",0.205288461538462,0.982456140350877,0.00596337774083822,"Uterine Carcinosarcoma","Primary Tumor"
"2193",0.205384615384615,0.982456140350877,0.00595937551177772,"Uterine Carcinosarcoma","Primary Tumor"
"2194",0.205480769230769,0.982456140350877,0.00595837138605348,"Uterine Carcinosarcoma","Primary Tumor"
"2195",0.205576923076923,0.982456140350877,0.00595717693934172,"Uterine Carcinosarcoma","Primary Tumor"
"2196",0.205673076923077,0.982456140350877,0.00595330976762909,"Uterine Carcinosarcoma","Primary Tumor"
"2197",0.205769230769231,0.982456140350877,0.00595067182021336,"Uterine Carcinosarcoma","Primary Tumor"
"2198",0.205865384615385,0.982456140350877,0.00595026044901259,"Uterine Carcinosarcoma","Primary Tumor"
"2199",0.205961538461538,0.982456140350877,0.00594961585890208,"Uterine Carcinosarcoma","Primary Tumor"
"2200",0.206057692307692,0.982456140350877,0.00594563533270465,"Uterine Carcinosarcoma","Primary Tumor"
"2201",0.206153846153846,0.982456140350877,0.00594333430333061,"Uterine Carcinosarcoma","Primary Tumor"
"2202",0.20625,0.982456140350877,0.00594273589818095,"Uterine Carcinosarcoma","Primary Tumor"
"2203",0.206346153846154,0.982456140350877,0.00593546085155328,"Uterine Carcinosarcoma","Primary Tumor"
"2204",0.206442307692308,0.982456140350877,0.00593458512386802,"Uterine Carcinosarcoma","Primary Tumor"
"2205",0.206538461538462,0.982456140350877,0.00593400784708942,"Uterine Carcinosarcoma","Primary Tumor"
"2206",0.206634615384615,0.982456140350877,0.00593247853688128,"Uterine Carcinosarcoma","Primary Tumor"
"2207",0.206730769230769,0.982456140350877,0.00593201761641449,"Uterine Carcinosarcoma","Primary Tumor"
"2208",0.206826923076923,0.982456140350877,0.00592842930922766,"Uterine Carcinosarcoma","Primary Tumor"
"2209",0.206923076923077,0.982456140350877,0.00592724267704003,"Uterine Carcinosarcoma","Primary Tumor"
"2210",0.207019230769231,0.982456140350877,0.00591520139204171,"Uterine Carcinosarcoma","Primary Tumor"
"2211",0.207115384615385,0.982456140350877,0.00591457349457425,"Uterine Carcinosarcoma","Primary Tumor"
"2212",0.207211538461538,0.982456140350877,0.00591386525497173,"Uterine Carcinosarcoma","Primary Tumor"
"2213",0.207307692307692,0.982456140350877,0.00591166038396451,"Uterine Carcinosarcoma","Primary Tumor"
"2214",0.207403846153846,0.982456140350877,0.00590713019343458,"Uterine Carcinosarcoma","Primary Tumor"
"2215",0.2075,0.982456140350877,0.00590445711901688,"Uterine Carcinosarcoma","Primary Tumor"
"2216",0.207596153846154,0.982456140350877,0.00590400316739648,"Uterine Carcinosarcoma","Primary Tumor"
"2217",0.207692307692308,0.982456140350877,0.00590184746594635,"Uterine Carcinosarcoma","Primary Tumor"
"2218",0.207788461538462,0.982456140350877,0.00590083217375426,"Uterine Carcinosarcoma","Primary Tumor"
"2219",0.207884615384615,0.982456140350877,0.00589553336009785,"Uterine Carcinosarcoma","Primary Tumor"
"2220",0.207980769230769,0.982456140350877,0.00589488804848171,"Uterine Carcinosarcoma","Primary Tumor"
"2221",0.208076923076923,0.982456140350877,0.005889734621081,"Uterine Carcinosarcoma","Primary Tumor"
"2222",0.208173076923077,0.982456140350877,0.00587721439469036,"Uterine Carcinosarcoma","Primary Tumor"
"2223",0.208269230769231,0.982456140350877,0.00587596063854723,"Uterine Carcinosarcoma","Primary Tumor"
"2224",0.208365384615385,0.982456140350877,0.00587416039069133,"Uterine Carcinosarcoma","Primary Tumor"
"2225",0.208461538461538,0.982456140350877,0.00586929371802425,"Uterine Carcinosarcoma","Primary Tumor"
"2226",0.208557692307692,0.982456140350877,0.00586892876848466,"Uterine Carcinosarcoma","Primary Tumor"
"2227",0.208653846153846,0.982456140350877,0.00586845796767099,"Uterine Carcinosarcoma","Primary Tumor"
"2228",0.20875,0.982456140350877,0.00586785492087638,"Uterine Carcinosarcoma","Primary Tumor"
"2229",0.208846153846154,0.982456140350877,0.00586664670496573,"Uterine Carcinosarcoma","Primary Tumor"
"2230",0.208942307692308,0.982456140350877,0.00586446882988434,"Uterine Carcinosarcoma","Primary Tumor"
"2231",0.209038461538462,0.982456140350877,0.00585729810463587,"Uterine Carcinosarcoma","Primary Tumor"
"2232",0.209134615384615,0.982456140350877,0.00585655577835842,"Uterine Carcinosarcoma","Primary Tumor"
"2233",0.209230769230769,0.982456140350877,0.0058564085614492,"Uterine Carcinosarcoma","Primary Tumor"
"2234",0.209326923076923,0.982456140350877,0.00584843601341245,"Uterine Carcinosarcoma","Primary Tumor"
"2235",0.209423076923077,0.982456140350877,0.00584450273991799,"Uterine Carcinosarcoma","Primary Tumor"
"2236",0.209519230769231,0.982456140350877,0.0058440522232861,"Uterine Carcinosarcoma","Primary Tumor"
"2237",0.209615384615385,0.982456140350877,0.00583546346163599,"Uterine Carcinosarcoma","Primary Tumor"
"2238",0.209711538461538,0.982456140350877,0.00583455136784738,"Uterine Carcinosarcoma","Primary Tumor"
"2239",0.209807692307692,0.982456140350877,0.00583215268622739,"Uterine Carcinosarcoma","Primary Tumor"
"2240",0.209903846153846,0.982456140350877,0.0058272745108856,"Uterine Carcinosarcoma","Primary Tumor"
"2241",0.21,0.982456140350877,0.00582345204749835,"Uterine Carcinosarcoma","Primary Tumor"
"2242",0.210096153846154,0.982456140350877,0.0058164215814408,"Uterine Carcinosarcoma","Primary Tumor"
"2243",0.210192307692308,0.982456140350877,0.00581487215204768,"Uterine Carcinosarcoma","Primary Tumor"
"2244",0.210288461538462,0.982456140350877,0.00581197799255784,"Uterine Carcinosarcoma","Primary Tumor"
"2245",0.210384615384615,0.982456140350877,0.0058091136909495,"Uterine Carcinosarcoma","Primary Tumor"
"2246",0.210480769230769,0.982456140350877,0.00580725864102838,"Uterine Carcinosarcoma","Primary Tumor"
"2247",0.210576923076923,0.982456140350877,0.00580677488516734,"Uterine Carcinosarcoma","Primary Tumor"
"2248",0.210673076923077,0.982456140350877,0.00579566406798948,"Uterine Carcinosarcoma","Primary Tumor"
"2249",0.210769230769231,0.982456140350877,0.00579002325310551,"Uterine Carcinosarcoma","Primary Tumor"
"2250",0.210865384615385,0.982456140350877,0.00578746812200404,"Uterine Carcinosarcoma","Primary Tumor"
"2251",0.210961538461538,0.982456140350877,0.00578376386444013,"Uterine Carcinosarcoma","Primary Tumor"
"2252",0.211057692307692,0.982456140350877,0.00578107089153379,"Uterine Carcinosarcoma","Primary Tumor"
"2253",0.211153846153846,0.982456140350877,0.00577953778444362,"Uterine Carcinosarcoma","Primary Tumor"
"2254",0.21125,0.982456140350877,0.00577770602386962,"Uterine Carcinosarcoma","Primary Tumor"
"2255",0.211346153846154,0.982456140350877,0.00576630442963844,"Uterine Carcinosarcoma","Primary Tumor"
"2256",0.211442307692308,0.982456140350877,0.0057655879829106,"Uterine Carcinosarcoma","Primary Tumor"
"2257",0.211538461538462,0.982456140350877,0.00576263912052777,"Uterine Carcinosarcoma","Primary Tumor"
"2258",0.211634615384615,0.982456140350877,0.00574845907036337,"Uterine Carcinosarcoma","Primary Tumor"
"2259",0.211730769230769,0.982456140350877,0.00574238834562801,"Uterine Carcinosarcoma","Primary Tumor"
"2260",0.211826923076923,0.982456140350877,0.00573994436264669,"Uterine Carcinosarcoma","Primary Tumor"
"2261",0.211923076923077,0.982456140350877,0.00573896304519006,"Uterine Carcinosarcoma","Primary Tumor"
"2262",0.212019230769231,0.982456140350877,0.00573550995343375,"Uterine Carcinosarcoma","Primary Tumor"
"2263",0.212115384615385,0.982456140350877,0.00572254552544682,"Uterine Carcinosarcoma","Primary Tumor"
"2264",0.212211538461538,0.982456140350877,0.00572249050583329,"Uterine Carcinosarcoma","Primary Tumor"
"2265",0.212307692307692,0.982456140350877,0.00571713897153003,"Uterine Carcinosarcoma","Primary Tumor"
"2266",0.212403846153846,0.982456140350877,0.00571535837258064,"Uterine Carcinosarcoma","Primary Tumor"
"2267",0.2125,0.982456140350877,0.00571483085312019,"Uterine Carcinosarcoma","Primary Tumor"
"2268",0.212596153846154,0.982456140350877,0.00571411301525215,"Uterine Carcinosarcoma","Primary Tumor"
"2269",0.212692307692308,0.982456140350877,0.00571254398716681,"Uterine Carcinosarcoma","Primary Tumor"
"2270",0.212788461538462,0.982456140350877,0.00570420750856904,"Uterine Carcinosarcoma","Primary Tumor"
"2271",0.212884615384615,0.982456140350877,0.00569410306506912,"Uterine Carcinosarcoma","Primary Tumor"
"2272",0.212980769230769,0.982456140350877,0.00569390394486302,"Uterine Carcinosarcoma","Primary Tumor"
"2273",0.213076923076923,0.982456140350877,0.00569065748216468,"Uterine Carcinosarcoma","Primary Tumor"
"2274",0.213173076923077,0.982456140350877,0.00568618809405752,"Uterine Carcinosarcoma","Primary Tumor"
"2275",0.213269230769231,0.982456140350877,0.00568551589292943,"Uterine Carcinosarcoma","Primary Tumor"
"2276",0.213365384615385,0.982456140350877,0.00568245878593843,"Uterine Carcinosarcoma","Primary Tumor"
"2277",0.213461538461538,0.982456140350877,0.00568216810095645,"Uterine Carcinosarcoma","Primary Tumor"
"2278",0.213557692307692,0.982456140350877,0.00567360197515765,"Uterine Carcinosarcoma","Primary Tumor"
"2279",0.213653846153846,0.982456140350877,0.00566265518891285,"Uterine Carcinosarcoma","Primary Tumor"
"2280",0.21375,0.982456140350877,0.00565691944043223,"Uterine Carcinosarcoma","Primary Tumor"
"2281",0.213846153846154,0.982456140350877,0.00565139853729602,"Uterine Carcinosarcoma","Primary Tumor"
"2282",0.213942307692308,0.982456140350877,0.00563256388166344,"Uterine Carcinosarcoma","Primary Tumor"
"2283",0.214038461538462,0.982456140350877,0.00562986456104186,"Uterine Carcinosarcoma","Primary Tumor"
"2284",0.214134615384615,0.982456140350877,0.00561343405358716,"Uterine Carcinosarcoma","Primary Tumor"
"2285",0.214230769230769,0.982456140350877,0.00560987526376755,"Uterine Carcinosarcoma","Primary Tumor"
"2286",0.214326923076923,0.982456140350877,0.00560965319513052,"Uterine Carcinosarcoma","Primary Tumor"
"2287",0.214423076923077,0.982456140350877,0.00560521467505026,"Uterine Carcinosarcoma","Primary Tumor"
"2288",0.214519230769231,0.982456140350877,0.00560482439748122,"Uterine Carcinosarcoma","Primary Tumor"
"2289",0.214615384615385,0.982456140350877,0.00559943778577221,"Uterine Carcinosarcoma","Primary Tumor"
"2290",0.214711538461538,0.982456140350877,0.00559329665198016,"Uterine Carcinosarcoma","Primary Tumor"
"2291",0.214807692307692,0.982456140350877,0.00559117970438316,"Uterine Carcinosarcoma","Primary Tumor"
"2292",0.214903846153846,0.982456140350877,0.0055892092731693,"Uterine Carcinosarcoma","Primary Tumor"
"2293",0.215,0.982456140350877,0.00558760279351289,"Uterine Carcinosarcoma","Primary Tumor"
"2294",0.215096153846154,0.982456140350877,0.00558746904166341,"Uterine Carcinosarcoma","Primary Tumor"
"2295",0.215192307692308,0.982456140350877,0.0055815075321074,"Uterine Carcinosarcoma","Primary Tumor"
"2296",0.215288461538462,0.982456140350877,0.00557328330539364,"Uterine Carcinosarcoma","Primary Tumor"
"2297",0.215384615384615,0.982456140350877,0.00557291320820075,"Uterine Carcinosarcoma","Primary Tumor"
"2298",0.215480769230769,0.982456140350877,0.00557286587919448,"Uterine Carcinosarcoma","Primary Tumor"
"2299",0.215576923076923,0.982456140350877,0.00557214383651072,"Uterine Carcinosarcoma","Primary Tumor"
"2300",0.215673076923077,0.982456140350877,0.00556405209212196,"Uterine Carcinosarcoma","Primary Tumor"
"2301",0.215769230769231,0.982456140350877,0.00556207290446387,"Uterine Carcinosarcoma","Primary Tumor"
"2302",0.215865384615385,0.982456140350877,0.00556069394571512,"Uterine Carcinosarcoma","Primary Tumor"
"2303",0.215961538461538,0.982456140350877,0.0055479750914621,"Uterine Carcinosarcoma","Primary Tumor"
"2304",0.216057692307692,0.982456140350877,0.00554269595427981,"Uterine Carcinosarcoma","Primary Tumor"
"2305",0.216153846153846,0.982456140350877,0.00554193216942045,"Uterine Carcinosarcoma","Primary Tumor"
"2306",0.21625,0.982456140350877,0.00553659032232223,"Uterine Carcinosarcoma","Primary Tumor"
"2307",0.216346153846154,0.982456140350877,0.00553534277479684,"Uterine Carcinosarcoma","Primary Tumor"
"2308",0.216442307692308,0.982456140350877,0.00553207319358628,"Uterine Carcinosarcoma","Primary Tumor"
"2309",0.216538461538462,0.982456140350877,0.00552390100975741,"Uterine Carcinosarcoma","Primary Tumor"
"2310",0.216634615384615,0.982456140350877,0.00552285458498458,"Uterine Carcinosarcoma","Primary Tumor"
"2311",0.216730769230769,0.982456140350877,0.00551372906360093,"Uterine Carcinosarcoma","Primary Tumor"
"2312",0.216826923076923,0.982456140350877,0.00551278031900404,"Uterine Carcinosarcoma","Primary Tumor"
"2313",0.216923076923077,0.982456140350877,0.00551161357067631,"Uterine Carcinosarcoma","Primary Tumor"
"2314",0.217019230769231,0.982456140350877,0.00551148713629435,"Uterine Carcinosarcoma","Primary Tumor"
"2315",0.217115384615385,0.982456140350877,0.00551027643058155,"Uterine Carcinosarcoma","Primary Tumor"
"2316",0.217211538461538,0.982456140350877,0.0055074177599389,"Uterine Carcinosarcoma","Primary Tumor"
"2317",0.217307692307692,0.982456140350877,0.00550705758130998,"Uterine Carcinosarcoma","Primary Tumor"
"2318",0.217403846153846,0.982456140350877,0.00550676104731873,"Uterine Carcinosarcoma","Primary Tumor"
"2319",0.2175,0.982456140350877,0.0055034493306827,"Uterine Carcinosarcoma","Primary Tumor"
"2320",0.217596153846154,0.982456140350877,0.00549837708854262,"Uterine Carcinosarcoma","Primary Tumor"
"2321",0.217692307692308,0.982456140350877,0.00549829832764959,"Uterine Carcinosarcoma","Primary Tumor"
"2322",0.217788461538462,0.982456140350877,0.00549649141278852,"Uterine Carcinosarcoma","Primary Tumor"
"2323",0.217884615384615,0.982456140350877,0.00549574925786511,"Uterine Carcinosarcoma","Primary Tumor"
"2324",0.217980769230769,0.982456140350877,0.00549356737423523,"Uterine Carcinosarcoma","Primary Tumor"
"2325",0.218076923076923,0.982456140350877,0.00549264511066383,"Uterine Carcinosarcoma","Primary Tumor"
"2326",0.218173076923077,0.982456140350877,0.00548547759947349,"Uterine Carcinosarcoma","Primary Tumor"
"2327",0.218269230769231,0.982456140350877,0.00548327601541487,"Uterine Carcinosarcoma","Primary Tumor"
"2328",0.218365384615385,0.982456140350877,0.00547924795005039,"Uterine Carcinosarcoma","Primary Tumor"
"2329",0.218461538461538,0.982456140350877,0.00547763646533472,"Uterine Carcinosarcoma","Primary Tumor"
"2330",0.218557692307692,0.982456140350877,0.00547608294642554,"Uterine Carcinosarcoma","Primary Tumor"
"2331",0.218653846153846,0.982456140350877,0.00546670477551936,"Uterine Carcinosarcoma","Primary Tumor"
"2332",0.21875,0.982456140350877,0.00546563167469138,"Uterine Carcinosarcoma","Primary Tumor"
"2333",0.218846153846154,0.982456140350877,0.00545566336000425,"Uterine Carcinosarcoma","Primary Tumor"
"2334",0.219134615384615,0.982456140350877,0.00545191992431493,"Uterine Carcinosarcoma","Primary Tumor"
"2335",0.219230769230769,0.982456140350877,0.00544496251618654,"Uterine Carcinosarcoma","Primary Tumor"
"2336",0.219326923076923,0.982456140350877,0.00544392334175181,"Uterine Carcinosarcoma","Primary Tumor"
"2337",0.219423076923077,0.982456140350877,0.00544261945148528,"Uterine Carcinosarcoma","Primary Tumor"
"2338",0.219519230769231,0.982456140350877,0.00544001790508863,"Uterine Carcinosarcoma","Primary Tumor"
"2339",0.219615384615385,0.982456140350877,0.00542433847302604,"Uterine Carcinosarcoma","Primary Tumor"
"2340",0.219711538461538,0.982456140350877,0.00542379514502489,"Uterine Carcinosarcoma","Primary Tumor"
"2341",0.219807692307692,0.982456140350877,0.00541403512609584,"Uterine Carcinosarcoma","Primary Tumor"
"2342",0.219903846153846,0.982456140350877,0.00540899212629897,"Uterine Carcinosarcoma","Primary Tumor"
"2343",0.22,0.982456140350877,0.00540247579062869,"Uterine Carcinosarcoma","Primary Tumor"
"2344",0.220096153846154,0.982456140350877,0.00540053917839545,"Uterine Carcinosarcoma","Primary Tumor"
"2345",0.220192307692308,0.982456140350877,0.0053990069533113,"Uterine Carcinosarcoma","Primary Tumor"
"2346",0.220288461538462,0.982456140350877,0.00539632182298588,"Uterine Carcinosarcoma","Primary Tumor"
"2347",0.220384615384615,0.982456140350877,0.00538630004426133,"Uterine Carcinosarcoma","Primary Tumor"
"2348",0.220480769230769,0.982456140350877,0.00538290329111368,"Uterine Carcinosarcoma","Primary Tumor"
"2349",0.220576923076923,0.982456140350877,0.00538058237292149,"Uterine Carcinosarcoma","Primary Tumor"
"2350",0.220673076923077,0.982456140350877,0.00537898771839529,"Uterine Carcinosarcoma","Primary Tumor"
"2351",0.220769230769231,0.982456140350877,0.00537708837012008,"Uterine Carcinosarcoma","Primary Tumor"
"2352",0.220865384615385,0.982456140350877,0.00537594872236602,"Uterine Carcinosarcoma","Primary Tumor"
"2353",0.220961538461538,0.982456140350877,0.00537241718241321,"Uterine Carcinosarcoma","Primary Tumor"
"2354",0.221057692307692,0.982456140350877,0.00537153709336036,"Uterine Carcinosarcoma","Primary Tumor"
"2355",0.221153846153846,0.982456140350877,0.00536741913207495,"Uterine Carcinosarcoma","Primary Tumor"
"2356",0.22125,0.982456140350877,0.00536602366176919,"Uterine Carcinosarcoma","Primary Tumor"
"2357",0.221346153846154,0.982456140350877,0.0053537614013528,"Uterine Carcinosarcoma","Primary Tumor"
"2358",0.221442307692308,0.982456140350877,0.00535271366800705,"Uterine Carcinosarcoma","Primary Tumor"
"2359",0.221538461538462,0.982456140350877,0.00534983502615149,"Uterine Carcinosarcoma","Primary Tumor"
"2360",0.221634615384615,0.982456140350877,0.005349334478571,"Uterine Carcinosarcoma","Primary Tumor"
"2361",0.221730769230769,0.982456140350877,0.0053441302578725,"Uterine Carcinosarcoma","Primary Tumor"
"2362",0.221826923076923,0.982456140350877,0.00534258980396252,"Uterine Carcinosarcoma","Primary Tumor"
"2363",0.221923076923077,0.982456140350877,0.00534216782500396,"Uterine Carcinosarcoma","Primary Tumor"
"2364",0.222019230769231,0.982456140350877,0.00534209467434366,"Uterine Carcinosarcoma","Primary Tumor"
"2365",0.222115384615385,0.982456140350877,0.00534125422441001,"Uterine Carcinosarcoma","Primary Tumor"
"2366",0.222211538461538,0.982456140350877,0.00533710632669027,"Uterine Carcinosarcoma","Primary Tumor"
"2367",0.222307692307692,0.982456140350877,0.00533415961756267,"Uterine Carcinosarcoma","Primary Tumor"
"2368",0.222403846153846,0.982456140350877,0.00533200854273697,"Uterine Carcinosarcoma","Primary Tumor"
"2369",0.2225,0.982456140350877,0.00533050738154284,"Uterine Carcinosarcoma","Primary Tumor"
"2370",0.222596153846154,0.982456140350877,0.00533002342015543,"Uterine Carcinosarcoma","Primary Tumor"
"2371",0.222692307692308,0.982456140350877,0.00532992626677398,"Uterine Carcinosarcoma","Primary Tumor"
"2372",0.222788461538462,0.982456140350877,0.00531995224396353,"Uterine Carcinosarcoma","Primary Tumor"
"2373",0.222884615384615,0.982456140350877,0.00531595833514986,"Uterine Carcinosarcoma","Primary Tumor"
"2374",0.222980769230769,0.982456140350877,0.00531365664068029,"Uterine Carcinosarcoma","Primary Tumor"
"2375",0.223076923076923,0.982456140350877,0.005310856543422,"Uterine Carcinosarcoma","Primary Tumor"
"2376",0.223173076923077,0.982456140350877,0.0053029798892873,"Uterine Carcinosarcoma","Primary Tumor"
"2377",0.223269230769231,0.982456140350877,0.00530286996126506,"Uterine Carcinosarcoma","Primary Tumor"
"2378",0.223365384615385,0.982456140350877,0.00530076366544951,"Uterine Carcinosarcoma","Primary Tumor"
"2379",0.223461538461538,0.982456140350877,0.00529529431828057,"Uterine Carcinosarcoma","Primary Tumor"
"2380",0.223557692307692,0.982456140350877,0.00529394024101104,"Uterine Carcinosarcoma","Primary Tumor"
"2381",0.223653846153846,0.982456140350877,0.00529296383052069,"Uterine Carcinosarcoma","Primary Tumor"
"2382",0.22375,0.982456140350877,0.00529261336329412,"Uterine Carcinosarcoma","Primary Tumor"
"2383",0.223846153846154,0.982456140350877,0.00529038288121131,"Uterine Carcinosarcoma","Primary Tumor"
"2384",0.223942307692308,0.982456140350877,0.00528532008833771,"Uterine Carcinosarcoma","Primary Tumor"
"2385",0.224038461538462,0.982456140350877,0.00528180101084563,"Uterine Carcinosarcoma","Primary Tumor"
"2386",0.224134615384615,0.982456140350877,0.00528078978333169,"Uterine Carcinosarcoma","Primary Tumor"
"2387",0.224230769230769,0.982456140350877,0.00527332681517712,"Uterine Carcinosarcoma","Primary Tumor"
"2388",0.224326923076923,0.982456140350877,0.00527076135307436,"Uterine Carcinosarcoma","Primary Tumor"
"2389",0.224423076923077,0.982456140350877,0.00527026876892922,"Uterine Carcinosarcoma","Primary Tumor"
"2390",0.224519230769231,0.982456140350877,0.00526980733606908,"Uterine Carcinosarcoma","Primary Tumor"
"2391",0.224615384615385,0.982456140350877,0.00526521463977991,"Uterine Carcinosarcoma","Primary Tumor"
"2392",0.224711538461538,0.982456140350877,0.00526404372759948,"Uterine Carcinosarcoma","Primary Tumor"
"2393",0.224807692307692,0.982456140350877,0.00526373715705397,"Uterine Carcinosarcoma","Primary Tumor"
"2394",0.224903846153846,0.982456140350877,0.0052630850376616,"Uterine Carcinosarcoma","Primary Tumor"
"2395",0.225,0.982456140350877,0.0052517365193292,"Uterine Carcinosarcoma","Primary Tumor"
"2396",0.225096153846154,0.982456140350877,0.00525041803151693,"Uterine Carcinosarcoma","Primary Tumor"
"2397",0.225192307692308,0.982456140350877,0.0052494139606295,"Uterine Carcinosarcoma","Primary Tumor"
"2398",0.225288461538462,0.982456140350877,0.00524885123277175,"Uterine Carcinosarcoma","Primary Tumor"
"2399",0.225384615384615,0.982456140350877,0.00524536419905108,"Uterine Carcinosarcoma","Primary Tumor"
"2400",0.225480769230769,0.982456140350877,0.00524454354258386,"Uterine Carcinosarcoma","Primary Tumor"
"2401",0.225576923076923,0.982456140350877,0.00524385161280405,"Uterine Carcinosarcoma","Primary Tumor"
"2402",0.225673076923077,0.982456140350877,0.00524345986367947,"Uterine Carcinosarcoma","Primary Tumor"
"2403",0.225769230769231,0.982456140350877,0.00524306123529794,"Uterine Carcinosarcoma","Primary Tumor"
"2404",0.225865384615385,0.982456140350877,0.00523756321827795,"Uterine Carcinosarcoma","Primary Tumor"
"2405",0.225961538461538,0.982456140350877,0.00523644638147325,"Uterine Carcinosarcoma","Primary Tumor"
"2406",0.226057692307692,0.982456140350877,0.00522286321895338,"Uterine Carcinosarcoma","Primary Tumor"
"2407",0.226153846153846,0.982456140350877,0.00521719539796384,"Uterine Carcinosarcoma","Primary Tumor"
"2408",0.22625,0.982456140350877,0.00520747263586807,"Uterine Carcinosarcoma","Primary Tumor"
"2409",0.226346153846154,0.982456140350877,0.00520683914182574,"Uterine Carcinosarcoma","Primary Tumor"
"2410",0.226442307692308,0.982456140350877,0.00520323134490663,"Uterine Carcinosarcoma","Primary Tumor"
"2411",0.226538461538462,0.982456140350877,0.00520064338818782,"Uterine Carcinosarcoma","Primary Tumor"
"2412",0.226634615384615,0.982456140350877,0.00519920346746461,"Uterine Carcinosarcoma","Primary Tumor"
"2413",0.226730769230769,0.982456140350877,0.00519556317697711,"Uterine Carcinosarcoma","Primary Tumor"
"2414",0.226826923076923,0.982456140350877,0.00519092808527211,"Uterine Carcinosarcoma","Primary Tumor"
"2415",0.226923076923077,0.982456140350877,0.00519092788007525,"Uterine Carcinosarcoma","Primary Tumor"
"2416",0.227019230769231,0.982456140350877,0.00518297618815111,"Uterine Carcinosarcoma","Primary Tumor"
"2417",0.227115384615385,0.982456140350877,0.00517685885912611,"Uterine Carcinosarcoma","Primary Tumor"
"2418",0.227211538461538,0.982456140350877,0.0051672356753687,"Uterine Carcinosarcoma","Primary Tumor"
"2419",0.227307692307692,0.982456140350877,0.00516373350858534,"Uterine Carcinosarcoma","Primary Tumor"
"2420",0.227403846153846,0.982456140350877,0.00516345921486949,"Uterine Carcinosarcoma","Primary Tumor"
"2421",0.2275,0.982456140350877,0.00516248588128077,"Uterine Carcinosarcoma","Primary Tumor"
"2422",0.227596153846154,0.982456140350877,0.00515540773605805,"Uterine Carcinosarcoma","Primary Tumor"
"2423",0.227692307692308,0.982456140350877,0.00515447333940333,"Uterine Carcinosarcoma","Primary Tumor"
"2424",0.227788461538462,0.982456140350877,0.00515180266375392,"Uterine Carcinosarcoma","Primary Tumor"
"2425",0.227884615384615,0.982456140350877,0.00514780616641775,"Uterine Carcinosarcoma","Primary Tumor"
"2426",0.227980769230769,0.982456140350877,0.00514776339572187,"Uterine Carcinosarcoma","Primary Tumor"
"2427",0.228076923076923,0.982456140350877,0.00514446900546262,"Uterine Carcinosarcoma","Primary Tumor"
"2428",0.228173076923077,0.982456140350877,0.00514425259450135,"Uterine Carcinosarcoma","Primary Tumor"
"2429",0.228269230769231,0.982456140350877,0.0051378847155733,"Uterine Carcinosarcoma","Primary Tumor"
"2430",0.228365384615385,0.982456140350877,0.00512883529490349,"Uterine Carcinosarcoma","Primary Tumor"
"2431",0.228461538461538,0.982456140350877,0.00512412455100852,"Uterine Carcinosarcoma","Primary Tumor"
"2432",0.228557692307692,0.982456140350877,0.00512240085363258,"Uterine Carcinosarcoma","Primary Tumor"
"2433",0.228653846153846,0.982456140350877,0.00512162152929374,"Uterine Carcinosarcoma","Primary Tumor"
"2434",0.22875,0.982456140350877,0.00512099162786028,"Uterine Carcinosarcoma","Primary Tumor"
"2435",0.228846153846154,0.982456140350877,0.00511728921530352,"Uterine Carcinosarcoma","Primary Tumor"
"2436",0.228942307692308,0.982456140350877,0.00510579192471872,"Uterine Carcinosarcoma","Primary Tumor"
"2437",0.229038461538462,0.982456140350877,0.0051044361975473,"Uterine Carcinosarcoma","Primary Tumor"
"2438",0.229134615384615,0.982456140350877,0.00510125411835816,"Uterine Carcinosarcoma","Primary Tumor"
"2439",0.229230769230769,0.982456140350877,0.00510032140679828,"Uterine Carcinosarcoma","Primary Tumor"
"2440",0.229326923076923,0.982456140350877,0.00509190767883472,"Uterine Carcinosarcoma","Primary Tumor"
"2441",0.229423076923077,0.982456140350877,0.00508700734726353,"Uterine Carcinosarcoma","Primary Tumor"
"2442",0.229519230769231,0.982456140350877,0.005085200748843,"Uterine Carcinosarcoma","Primary Tumor"
"2443",0.229615384615385,0.982456140350877,0.00508460595252169,"Uterine Carcinosarcoma","Primary Tumor"
"2444",0.229711538461538,0.982456140350877,0.0050821980642185,"Uterine Carcinosarcoma","Primary Tumor"
"2445",0.229807692307692,0.982456140350877,0.00507967453328118,"Uterine Carcinosarcoma","Primary Tumor"
"2446",0.229903846153846,0.982456140350877,0.00507811118321433,"Uterine Carcinosarcoma","Primary Tumor"
"2447",0.23,0.982456140350877,0.0050780143181689,"Uterine Carcinosarcoma","Primary Tumor"
"2448",0.230096153846154,0.982456140350877,0.005076390754297,"Uterine Carcinosarcoma","Primary Tumor"
"2449",0.230192307692308,0.982456140350877,0.00507634784297095,"Uterine Carcinosarcoma","Primary Tumor"
"2450",0.230288461538462,0.982456140350877,0.00507133633341239,"Uterine Carcinosarcoma","Primary Tumor"
"2451",0.230384615384615,0.982456140350877,0.00507077301227266,"Uterine Carcinosarcoma","Primary Tumor"
"2452",0.230480769230769,0.982456140350877,0.00507006853844216,"Uterine Carcinosarcoma","Primary Tumor"
"2453",0.230576923076923,0.982456140350877,0.00505174982838807,"Uterine Carcinosarcoma","Primary Tumor"
"2454",0.230673076923077,0.982456140350877,0.00504905190225491,"Uterine Carcinosarcoma","Primary Tumor"
"2455",0.230769230769231,0.982456140350877,0.00504774269150554,"Uterine Carcinosarcoma","Primary Tumor"
"2456",0.230865384615385,0.982456140350877,0.00504766856019778,"Uterine Carcinosarcoma","Primary Tumor"
"2457",0.230961538461538,0.982456140350877,0.0050444297961435,"Uterine Carcinosarcoma","Primary Tumor"
"2458",0.231057692307692,0.982456140350877,0.0050368482829749,"Uterine Carcinosarcoma","Primary Tumor"
"2459",0.231153846153846,0.982456140350877,0.00503601152151845,"Uterine Carcinosarcoma","Primary Tumor"
"2460",0.23125,0.982456140350877,0.00503420871590621,"Uterine Carcinosarcoma","Primary Tumor"
"2461",0.231346153846154,0.982456140350877,0.00503382411160602,"Uterine Carcinosarcoma","Primary Tumor"
"2462",0.231442307692308,0.982456140350877,0.00503116556023375,"Uterine Carcinosarcoma","Primary Tumor"
"2463",0.231538461538462,0.982456140350877,0.00502827071712808,"Uterine Carcinosarcoma","Primary Tumor"
"2464",0.231634615384615,0.982456140350877,0.00502669261985145,"Uterine Carcinosarcoma","Primary Tumor"
"2465",0.231730769230769,0.982456140350877,0.00502663958651195,"Uterine Carcinosarcoma","Primary Tumor"
"2466",0.231826923076923,0.982456140350877,0.00502392702406351,"Uterine Carcinosarcoma","Primary Tumor"
"2467",0.231923076923077,0.982456140350877,0.00502152877569972,"Uterine Carcinosarcoma","Primary Tumor"
"2468",0.232019230769231,0.982456140350877,0.00501913436274926,"Uterine Carcinosarcoma","Primary Tumor"
"2469",0.232115384615385,0.982456140350877,0.00501834109280563,"Uterine Carcinosarcoma","Primary Tumor"
"2470",0.232211538461538,0.982456140350877,0.005015271335578,"Uterine Carcinosarcoma","Primary Tumor"
"2471",0.232307692307692,0.982456140350877,0.00501072042438255,"Uterine Carcinosarcoma","Primary Tumor"
"2472",0.232403846153846,0.982456140350877,0.0050096372658861,"Uterine Carcinosarcoma","Primary Tumor"
"2473",0.2325,0.982456140350877,0.00500603383868481,"Uterine Carcinosarcoma","Primary Tumor"
"2474",0.232596153846154,0.982456140350877,0.00500591166479813,"Uterine Carcinosarcoma","Primary Tumor"
"2475",0.232692307692308,0.982456140350877,0.00499884016545471,"Uterine Carcinosarcoma","Primary Tumor"
"2476",0.232788461538462,0.982456140350877,0.00499564320555834,"Uterine Carcinosarcoma","Primary Tumor"
"2477",0.232884615384615,0.982456140350877,0.004992859140864,"Uterine Carcinosarcoma","Primary Tumor"
"2478",0.232980769230769,0.982456140350877,0.00499068243382916,"Uterine Carcinosarcoma","Primary Tumor"
"2479",0.233076923076923,0.982456140350877,0.00498946450929072,"Uterine Carcinosarcoma","Primary Tumor"
"2480",0.233173076923077,0.982456140350877,0.00498758211167039,"Uterine Carcinosarcoma","Primary Tumor"
"2481",0.233269230769231,0.982456140350877,0.00498036296362714,"Uterine Carcinosarcoma","Primary Tumor"
"2482",0.233365384615385,0.982456140350877,0.00497783001378305,"Uterine Carcinosarcoma","Primary Tumor"
"2483",0.233461538461538,0.982456140350877,0.00497700302928006,"Uterine Carcinosarcoma","Primary Tumor"
"2484",0.233557692307692,0.982456140350877,0.00497697348553106,"Uterine Carcinosarcoma","Primary Tumor"
"2485",0.233653846153846,0.982456140350877,0.0049701439942792,"Uterine Carcinosarcoma","Primary Tumor"
"2486",0.23375,0.982456140350877,0.00496640623085787,"Uterine Carcinosarcoma","Primary Tumor"
"2487",0.233846153846154,0.982456140350877,0.00496142289652257,"Uterine Carcinosarcoma","Primary Tumor"
"2488",0.233942307692308,0.982456140350877,0.00496108665268291,"Uterine Carcinosarcoma","Primary Tumor"
"2489",0.234038461538462,0.982456140350877,0.00495498399793204,"Uterine Carcinosarcoma","Primary Tumor"
"2490",0.234134615384615,0.982456140350877,0.00495442925964995,"Uterine Carcinosarcoma","Primary Tumor"
"2491",0.234230769230769,0.982456140350877,0.00494921702526541,"Uterine Carcinosarcoma","Primary Tumor"
"2492",0.234326923076923,0.982456140350877,0.00494886807404715,"Uterine Carcinosarcoma","Primary Tumor"
"2493",0.234423076923077,0.982456140350877,0.00494070250289402,"Uterine Carcinosarcoma","Primary Tumor"
"2494",0.234519230769231,0.982456140350877,0.00494069939336983,"Uterine Carcinosarcoma","Primary Tumor"
"2495",0.234615384615385,0.982456140350877,0.00493629969541498,"Uterine Carcinosarcoma","Primary Tumor"
"2496",0.234711538461538,0.982456140350877,0.00493578152317564,"Uterine Carcinosarcoma","Primary Tumor"
"2497",0.234807692307692,0.982456140350877,0.00493478238506595,"Uterine Carcinosarcoma","Primary Tumor"
"2498",0.234903846153846,0.982456140350877,0.00493357891191737,"Uterine Carcinosarcoma","Primary Tumor"
"2499",0.235,0.982456140350877,0.00493072074618439,"Uterine Carcinosarcoma","Primary Tumor"
"2500",0.235096153846154,0.982456140350877,0.00492765200961964,"Uterine Carcinosarcoma","Primary Tumor"
"2501",0.235192307692308,0.982456140350877,0.004924266755992,"Uterine Carcinosarcoma","Primary Tumor"
"2502",0.235288461538462,0.982456140350877,0.00492138861672708,"Uterine Carcinosarcoma","Primary Tumor"
"2503",0.235384615384615,0.982456140350877,0.00492031151329397,"Uterine Carcinosarcoma","Primary Tumor"
"2504",0.235480769230769,0.982456140350877,0.00491031959120936,"Uterine Carcinosarcoma","Primary Tumor"
"2505",0.235576923076923,0.982456140350877,0.00490889665495486,"Uterine Carcinosarcoma","Primary Tumor"
"2506",0.235673076923077,0.982456140350877,0.00490849007013083,"Uterine Carcinosarcoma","Primary Tumor"
"2507",0.235769230769231,0.982456140350877,0.0048984650137931,"Uterine Carcinosarcoma","Primary Tumor"
"2508",0.235865384615385,0.982456140350877,0.00489596614279275,"Uterine Carcinosarcoma","Primary Tumor"
"2509",0.235961538461538,0.982456140350877,0.00488746710465648,"Uterine Carcinosarcoma","Primary Tumor"
"2510",0.236057692307692,0.982456140350877,0.00488419487431435,"Uterine Carcinosarcoma","Primary Tumor"
"2511",0.236153846153846,0.982456140350877,0.00488139544305755,"Uterine Carcinosarcoma","Primary Tumor"
"2512",0.23625,0.982456140350877,0.00488030283208163,"Uterine Carcinosarcoma","Primary Tumor"
"2513",0.236346153846154,0.982456140350877,0.00487931937024966,"Uterine Carcinosarcoma","Primary Tumor"
"2514",0.236442307692308,0.982456140350877,0.00487912415657765,"Uterine Carcinosarcoma","Primary Tumor"
"2515",0.236538461538462,0.982456140350877,0.00487558076760963,"Uterine Carcinosarcoma","Primary Tumor"
"2516",0.236634615384615,0.982456140350877,0.00487496096824092,"Uterine Carcinosarcoma","Primary Tumor"
"2517",0.236730769230769,0.982456140350877,0.00487480718675826,"Uterine Carcinosarcoma","Primary Tumor"
"2518",0.236826923076923,0.982456140350877,0.0048732002927786,"Uterine Carcinosarcoma","Primary Tumor"
"2519",0.236923076923077,0.982456140350877,0.00487018130509165,"Uterine Carcinosarcoma","Primary Tumor"
"2520",0.237019230769231,0.982456140350877,0.00486877198286884,"Uterine Carcinosarcoma","Primary Tumor"
"2521",0.237115384615385,0.982456140350877,0.00486833696155753,"Uterine Carcinosarcoma","Primary Tumor"
"2522",0.237211538461538,0.982456140350877,0.00486737108917334,"Uterine Carcinosarcoma","Primary Tumor"
"2523",0.237307692307692,0.982456140350877,0.00486719276672887,"Uterine Carcinosarcoma","Primary Tumor"
"2524",0.237403846153846,0.982456140350877,0.00486383292214809,"Uterine Carcinosarcoma","Primary Tumor"
"2525",0.2375,0.982456140350877,0.0048632952136598,"Uterine Carcinosarcoma","Primary Tumor"
"2526",0.237596153846154,0.982456140350877,0.00486148851202151,"Uterine Carcinosarcoma","Primary Tumor"
"2527",0.237692307692308,0.982456140350877,0.0048594818798855,"Uterine Carcinosarcoma","Primary Tumor"
"2528",0.237788461538462,0.982456140350877,0.0048562667453953,"Uterine Carcinosarcoma","Primary Tumor"
"2529",0.237884615384615,0.982456140350877,0.00485552230939545,"Uterine Carcinosarcoma","Primary Tumor"
"2530",0.237980769230769,0.982456140350877,0.00485155671920301,"Uterine Carcinosarcoma","Primary Tumor"
"2531",0.238076923076923,0.982456140350877,0.00484484382553685,"Uterine Carcinosarcoma","Primary Tumor"
"2532",0.238173076923077,0.982456140350877,0.00484387127889441,"Uterine Carcinosarcoma","Primary Tumor"
"2533",0.238269230769231,0.982456140350877,0.00484371145496121,"Uterine Carcinosarcoma","Primary Tumor"
"2534",0.238365384615385,0.982456140350877,0.00484023652779297,"Uterine Carcinosarcoma","Primary Tumor"
"2535",0.238461538461538,0.982456140350877,0.00483627135019271,"Uterine Carcinosarcoma","Primary Tumor"
"2536",0.238557692307692,0.982456140350877,0.00482849747909653,"Uterine Carcinosarcoma","Primary Tumor"
"2537",0.238653846153846,0.982456140350877,0.00482206725859224,"Uterine Carcinosarcoma","Primary Tumor"
"2538",0.23875,0.982456140350877,0.00481897923777297,"Uterine Carcinosarcoma","Primary Tumor"
"2539",0.238846153846154,0.982456140350877,0.00481273888513511,"Uterine Carcinosarcoma","Primary Tumor"
"2540",0.238942307692308,0.982456140350877,0.00480681526322702,"Uterine Carcinosarcoma","Primary Tumor"
"2541",0.239038461538462,0.982456140350877,0.00480511415700025,"Uterine Carcinosarcoma","Primary Tumor"
"2542",0.239134615384615,0.982456140350877,0.00480507331312741,"Uterine Carcinosarcoma","Primary Tumor"
"2543",0.239230769230769,0.982456140350877,0.00480290871951128,"Uterine Carcinosarcoma","Primary Tumor"
"2544",0.239326923076923,0.982456140350877,0.00479949514206124,"Uterine Carcinosarcoma","Primary Tumor"
"2545",0.239423076923077,0.982456140350877,0.00479447749608131,"Uterine Carcinosarcoma","Primary Tumor"
"2546",0.239519230769231,0.982456140350877,0.00479358471899727,"Uterine Carcinosarcoma","Primary Tumor"
"2547",0.239615384615385,0.982456140350877,0.00478664067919066,"Uterine Carcinosarcoma","Primary Tumor"
"2548",0.239711538461538,0.982456140350877,0.00478593698079743,"Uterine Carcinosarcoma","Primary Tumor"
"2549",0.239807692307692,0.982456140350877,0.00478426865823511,"Uterine Carcinosarcoma","Primary Tumor"
"2550",0.239903846153846,0.982456140350877,0.00478247101177998,"Uterine Carcinosarcoma","Primary Tumor"
"2551",0.24,0.982456140350877,0.0047800659744246,"Uterine Carcinosarcoma","Primary Tumor"
"2552",0.240096153846154,0.982456140350877,0.00478001523065386,"Uterine Carcinosarcoma","Primary Tumor"
"2553",0.240192307692308,0.982456140350877,0.00477660372512934,"Uterine Carcinosarcoma","Primary Tumor"
"2554",0.240288461538462,0.982456140350877,0.00477353317578866,"Uterine Carcinosarcoma","Primary Tumor"
"2555",0.240384615384615,0.982456140350877,0.00477220130032818,"Uterine Carcinosarcoma","Primary Tumor"
"2556",0.240480769230769,0.982456140350877,0.00476933551660297,"Uterine Carcinosarcoma","Primary Tumor"
"2557",0.240576923076923,0.982456140350877,0.00476696337057625,"Uterine Carcinosarcoma","Primary Tumor"
"2558",0.240673076923077,0.982456140350877,0.00476617426946835,"Uterine Carcinosarcoma","Primary Tumor"
"2559",0.240769230769231,0.982456140350877,0.00476300333982616,"Uterine Carcinosarcoma","Primary Tumor"
"2560",0.240865384615385,0.982456140350877,0.00475935953631601,"Uterine Carcinosarcoma","Primary Tumor"
"2561",0.240961538461538,0.982456140350877,0.00475863408143151,"Uterine Carcinosarcoma","Primary Tumor"
"2562",0.241057692307692,0.982456140350877,0.00475105420353006,"Uterine Carcinosarcoma","Primary Tumor"
"2563",0.24125,0.982456140350877,0.00474504814533638,"Uterine Carcinosarcoma","Primary Tumor"
"2564",0.241346153846154,0.982456140350877,0.0047436792188813,"Uterine Carcinosarcoma","Primary Tumor"
"2565",0.241442307692308,0.982456140350877,0.00473562700068331,"Uterine Carcinosarcoma","Primary Tumor"
"2566",0.241538461538462,0.982456140350877,0.00473144820116478,"Uterine Carcinosarcoma","Primary Tumor"
"2567",0.241634615384615,0.982456140350877,0.00473084222552267,"Uterine Carcinosarcoma","Primary Tumor"
"2568",0.241730769230769,0.982456140350877,0.00473067227733925,"Uterine Carcinosarcoma","Primary Tumor"
"2569",0.241826923076923,0.982456140350877,0.00472901691319649,"Uterine Carcinosarcoma","Primary Tumor"
"2570",0.241923076923077,0.982456140350877,0.00472222848432069,"Uterine Carcinosarcoma","Primary Tumor"
"2571",0.242019230769231,0.982456140350877,0.00471896564379504,"Uterine Carcinosarcoma","Primary Tumor"
"2572",0.242115384615385,0.982456140350877,0.00471786832578136,"Uterine Carcinosarcoma","Primary Tumor"
"2573",0.242211538461538,0.982456140350877,0.00471414167877493,"Uterine Carcinosarcoma","Primary Tumor"
"2574",0.242307692307692,0.982456140350877,0.00471358718197845,"Uterine Carcinosarcoma","Primary Tumor"
"2575",0.242403846153846,0.982456140350877,0.0047131776113627,"Uterine Carcinosarcoma","Primary Tumor"
"2576",0.2425,0.982456140350877,0.00471294710269365,"Uterine Carcinosarcoma","Primary Tumor"
"2577",0.242596153846154,0.982456140350877,0.00470749781980984,"Uterine Carcinosarcoma","Primary Tumor"
"2578",0.242692307692308,0.982456140350877,0.00470419493108964,"Uterine Carcinosarcoma","Primary Tumor"
"2579",0.242788461538462,0.982456140350877,0.00470356203467781,"Uterine Carcinosarcoma","Primary Tumor"
"2580",0.242884615384615,0.982456140350877,0.00469823764428356,"Uterine Carcinosarcoma","Primary Tumor"
"2581",0.242980769230769,0.982456140350877,0.00469293560082107,"Uterine Carcinosarcoma","Primary Tumor"
"2582",0.243076923076923,0.982456140350877,0.00469228741726835,"Uterine Carcinosarcoma","Primary Tumor"
"2583",0.243173076923077,0.982456140350877,0.00468948658533841,"Uterine Carcinosarcoma","Primary Tumor"
"2584",0.243269230769231,0.982456140350877,0.00468933229190205,"Uterine Carcinosarcoma","Primary Tumor"
"2585",0.243365384615385,0.982456140350877,0.00468632184103224,"Uterine Carcinosarcoma","Primary Tumor"
"2586",0.243461538461538,0.982456140350877,0.0046863202466485,"Uterine Carcinosarcoma","Primary Tumor"
"2587",0.243557692307692,0.982456140350877,0.00468398490319111,"Uterine Carcinosarcoma","Primary Tumor"
"2588",0.243653846153846,0.982456140350877,0.0046817401675372,"Uterine Carcinosarcoma","Primary Tumor"
"2589",0.24375,0.982456140350877,0.00468069196664778,"Uterine Carcinosarcoma","Primary Tumor"
"2590",0.243846153846154,0.982456140350877,0.00467846382324733,"Uterine Carcinosarcoma","Primary Tumor"
"2591",0.243942307692308,0.982456140350877,0.00467752835882573,"Uterine Carcinosarcoma","Primary Tumor"
"2592",0.244038461538462,0.982456140350877,0.00467727047837718,"Uterine Carcinosarcoma","Primary Tumor"
"2593",0.244134615384615,0.982456140350877,0.00467654177074883,"Uterine Carcinosarcoma","Primary Tumor"
"2594",0.244230769230769,0.982456140350877,0.00467359721796978,"Uterine Carcinosarcoma","Primary Tumor"
"2595",0.244326923076923,0.982456140350877,0.00467318549451123,"Uterine Carcinosarcoma","Primary Tumor"
"2596",0.244423076923077,0.982456140350877,0.00467158549472091,"Uterine Carcinosarcoma","Primary Tumor"
"2597",0.244519230769231,0.982456140350877,0.00466593057411691,"Uterine Carcinosarcoma","Primary Tumor"
"2598",0.244615384615385,0.982456140350877,0.00466473580356486,"Uterine Carcinosarcoma","Primary Tumor"
"2599",0.244711538461538,0.982456140350877,0.00466450188014278,"Uterine Carcinosarcoma","Primary Tumor"
"2600",0.244807692307692,0.982456140350877,0.00466268503940581,"Uterine Carcinosarcoma","Primary Tumor"
"2601",0.244903846153846,0.982456140350877,0.00466061954968622,"Uterine Carcinosarcoma","Primary Tumor"
"2602",0.245,0.982456140350877,0.00466030398124972,"Uterine Carcinosarcoma","Primary Tumor"
"2603",0.245096153846154,0.982456140350877,0.00465965727980866,"Uterine Carcinosarcoma","Primary Tumor"
"2604",0.245192307692308,0.982456140350877,0.00465896404022725,"Uterine Carcinosarcoma","Primary Tumor"
"2605",0.245288461538462,0.982456140350877,0.00465772050854973,"Uterine Carcinosarcoma","Primary Tumor"
"2606",0.245384615384615,0.982456140350877,0.00465354975452181,"Uterine Carcinosarcoma","Primary Tumor"
"2607",0.245480769230769,0.982456140350877,0.00465068221625897,"Uterine Carcinosarcoma","Primary Tumor"
"2608",0.245576923076923,0.982456140350877,0.00464685507665508,"Uterine Carcinosarcoma","Primary Tumor"
"2609",0.245673076923077,0.982456140350877,0.00464181551586706,"Uterine Carcinosarcoma","Primary Tumor"
"2610",0.245769230769231,0.982456140350877,0.00464150786253392,"Uterine Carcinosarcoma","Primary Tumor"
"2611",0.245865384615385,0.982456140350877,0.00464126188175562,"Uterine Carcinosarcoma","Primary Tumor"
"2612",0.245961538461538,0.982456140350877,0.00464056056783868,"Uterine Carcinosarcoma","Primary Tumor"
"2613",0.246057692307692,0.982456140350877,0.00463927281779586,"Uterine Carcinosarcoma","Primary Tumor"
"2614",0.246153846153846,0.982456140350877,0.00463906991473295,"Uterine Carcinosarcoma","Primary Tumor"
"2615",0.24625,0.982456140350877,0.0046358092476787,"Uterine Carcinosarcoma","Primary Tumor"
"2616",0.246346153846154,0.982456140350877,0.00463452028403344,"Uterine Carcinosarcoma","Primary Tumor"
"2617",0.246442307692308,0.982456140350877,0.00463390406206365,"Uterine Carcinosarcoma","Primary Tumor"
"2618",0.246538461538462,0.982456140350877,0.00463305224099753,"Uterine Carcinosarcoma","Primary Tumor"
"2619",0.246634615384615,0.982456140350877,0.00463168442603945,"Uterine Carcinosarcoma","Primary Tumor"
"2620",0.246730769230769,0.982456140350877,0.00462833940408003,"Uterine Carcinosarcoma","Primary Tumor"
"2621",0.246826923076923,0.982456140350877,0.00462645515335813,"Uterine Carcinosarcoma","Primary Tumor"
"2622",0.246923076923077,0.982456140350877,0.00462526049381418,"Uterine Carcinosarcoma","Primary Tumor"
"2623",0.247019230769231,0.982456140350877,0.00462505393209522,"Uterine Carcinosarcoma","Primary Tumor"
"2624",0.247115384615385,0.982456140350877,0.00462361591669103,"Uterine Carcinosarcoma","Primary Tumor"
"2625",0.247211538461538,0.982456140350877,0.00461998815448372,"Uterine Carcinosarcoma","Primary Tumor"
"2626",0.247307692307692,0.982456140350877,0.00461977680326597,"Uterine Carcinosarcoma","Primary Tumor"
"2627",0.247403846153846,0.982456140350877,0.00460829993155154,"Uterine Carcinosarcoma","Primary Tumor"
"2628",0.2475,0.982456140350877,0.00460607651899181,"Uterine Carcinosarcoma","Primary Tumor"
"2629",0.247596153846154,0.982456140350877,0.00460083473241213,"Uterine Carcinosarcoma","Primary Tumor"
"2630",0.247692307692308,0.982456140350877,0.00459862762876095,"Uterine Carcinosarcoma","Primary Tumor"
"2631",0.247788461538462,0.982456140350877,0.00459794172715267,"Uterine Carcinosarcoma","Primary Tumor"
"2632",0.247884615384615,0.982456140350877,0.00458788923072784,"Uterine Carcinosarcoma","Primary Tumor"
"2633",0.247980769230769,0.982456140350877,0.00458696465585118,"Uterine Carcinosarcoma","Primary Tumor"
"2634",0.248076923076923,0.982456140350877,0.00458565669027444,"Uterine Carcinosarcoma","Primary Tumor"
"2635",0.248173076923077,0.982456140350877,0.00458267321683603,"Uterine Carcinosarcoma","Primary Tumor"
"2636",0.248269230769231,0.982456140350877,0.00458122570443675,"Uterine Carcinosarcoma","Primary Tumor"
"2637",0.248365384615385,0.982456140350877,0.00458044150509129,"Uterine Carcinosarcoma","Primary Tumor"
"2638",0.248461538461538,0.982456140350877,0.0045800723216739,"Uterine Carcinosarcoma","Primary Tumor"
"2639",0.248557692307692,0.982456140350877,0.00457949140266212,"Uterine Carcinosarcoma","Primary Tumor"
"2640",0.248653846153846,0.982456140350877,0.0045793918994973,"Uterine Carcinosarcoma","Primary Tumor"
"2641",0.24875,0.982456140350877,0.00457919787395833,"Uterine Carcinosarcoma","Primary Tumor"
"2642",0.248846153846154,0.982456140350877,0.00457516205993735,"Uterine Carcinosarcoma","Primary Tumor"
"2643",0.248942307692308,0.982456140350877,0.00457368771696831,"Uterine Carcinosarcoma","Primary Tumor"
"2644",0.249038461538462,0.982456140350877,0.00457215824597501,"Uterine Carcinosarcoma","Primary Tumor"
"2645",0.249134615384615,0.982456140350877,0.00457054789774847,"Uterine Carcinosarcoma","Primary Tumor"
"2646",0.249230769230769,0.982456140350877,0.00456949074014346,"Uterine Carcinosarcoma","Primary Tumor"
"2647",0.249326923076923,0.982456140350877,0.00456844586606098,"Uterine Carcinosarcoma","Primary Tumor"
"2648",0.249423076923077,0.982456140350877,0.00456671034441281,"Uterine Carcinosarcoma","Primary Tumor"
"2649",0.249519230769231,0.982456140350877,0.00456274021304848,"Uterine Carcinosarcoma","Primary Tumor"
"2650",0.249615384615385,0.982456140350877,0.00456256878371708,"Uterine Carcinosarcoma","Primary Tumor"
"2651",0.249711538461538,0.982456140350877,0.00455877465970356,"Uterine Carcinosarcoma","Primary Tumor"
"2652",0.249807692307692,0.982456140350877,0.00455610968438847,"Uterine Carcinosarcoma","Primary Tumor"
"2653",0.249903846153846,0.982456140350877,0.00455584320274594,"Uterine Carcinosarcoma","Primary Tumor"
"2654",0.25,0.982456140350877,0.00455409825931818,"Uterine Carcinosarcoma","Primary Tumor"
"2655",0.250096153846154,0.982456140350877,0.00455020111606375,"Uterine Carcinosarcoma","Primary Tumor"
"2656",0.250192307692308,0.982456140350877,0.00454745628153119,"Uterine Carcinosarcoma","Primary Tumor"
"2657",0.250288461538462,0.982456140350877,0.00454740217364102,"Uterine Carcinosarcoma","Primary Tumor"
"2658",0.250384615384615,0.982456140350877,0.00454716093770657,"Uterine Carcinosarcoma","Primary Tumor"
"2659",0.250480769230769,0.982456140350877,0.00454418065573059,"Uterine Carcinosarcoma","Primary Tumor"
"2660",0.250576923076923,0.982456140350877,0.0045435070075458,"Uterine Carcinosarcoma","Primary Tumor"
"2661",0.250673076923077,0.982456140350877,0.00453980837007184,"Uterine Carcinosarcoma","Primary Tumor"
"2662",0.250769230769231,0.982456140350877,0.00453954679518698,"Uterine Carcinosarcoma","Primary Tumor"
"2663",0.250865384615385,0.982456140350877,0.00453746522499732,"Uterine Carcinosarcoma","Primary Tumor"
"2664",0.250961538461538,0.982456140350877,0.00453258125609057,"Uterine Carcinosarcoma","Primary Tumor"
"2665",0.251057692307692,0.982456140350877,0.00453074615098381,"Uterine Carcinosarcoma","Primary Tumor"
"2666",0.251153846153846,0.982456140350877,0.00452617589400917,"Uterine Carcinosarcoma","Primary Tumor"
"2667",0.25125,0.982456140350877,0.00452444803463403,"Uterine Carcinosarcoma","Primary Tumor"
"2668",0.251346153846154,0.982456140350877,0.00452216686685991,"Uterine Carcinosarcoma","Primary Tumor"
"2669",0.251442307692308,0.982456140350877,0.00452113624073558,"Uterine Carcinosarcoma","Primary Tumor"
"2670",0.251538461538462,0.982456140350877,0.00451912786858699,"Uterine Carcinosarcoma","Primary Tumor"
"2671",0.251634615384615,0.982456140350877,0.00451635902106928,"Uterine Carcinosarcoma","Primary Tumor"
"2672",0.251730769230769,0.982456140350877,0.00451175467174603,"Uterine Carcinosarcoma","Primary Tumor"
"2673",0.251826923076923,0.982456140350877,0.00450040709982524,"Uterine Carcinosarcoma","Primary Tumor"
"2674",0.251923076923077,0.982456140350877,0.00450013597212751,"Uterine Carcinosarcoma","Primary Tumor"
"2675",0.252019230769231,0.982456140350877,0.00449300254946228,"Uterine Carcinosarcoma","Primary Tumor"
"2676",0.252115384615385,0.982456140350877,0.00448957044382425,"Uterine Carcinosarcoma","Primary Tumor"
"2677",0.252211538461538,0.982456140350877,0.00448456775631312,"Uterine Carcinosarcoma","Primary Tumor"
"2678",0.252307692307692,0.982456140350877,0.00448365057914502,"Uterine Carcinosarcoma","Primary Tumor"
"2679",0.252403846153846,0.982456140350877,0.00448271943637046,"Uterine Carcinosarcoma","Primary Tumor"
"2680",0.2525,0.982456140350877,0.00448247055410245,"Uterine Carcinosarcoma","Primary Tumor"
"2681",0.252596153846154,0.982456140350877,0.00448244158716948,"Uterine Carcinosarcoma","Primary Tumor"
"2682",0.252692307692308,0.982456140350877,0.00448020284041017,"Uterine Carcinosarcoma","Primary Tumor"
"2683",0.252788461538462,0.982456140350877,0.00447552124190054,"Uterine Carcinosarcoma","Primary Tumor"
"2684",0.252884615384615,0.982456140350877,0.00447123130960858,"Uterine Carcinosarcoma","Primary Tumor"
"2685",0.252980769230769,0.982456140350877,0.00447045332620422,"Uterine Carcinosarcoma","Primary Tumor"
"2686",0.253076923076923,0.982456140350877,0.00446516119023377,"Uterine Carcinosarcoma","Primary Tumor"
"2687",0.253173076923077,0.982456140350877,0.00446504764505606,"Uterine Carcinosarcoma","Primary Tumor"
"2688",0.253269230769231,0.982456140350877,0.00445834354724794,"Uterine Carcinosarcoma","Primary Tumor"
"2689",0.253365384615385,0.982456140350877,0.00445427195973269,"Uterine Carcinosarcoma","Primary Tumor"
"2690",0.253461538461538,0.982456140350877,0.00445368125513501,"Uterine Carcinosarcoma","Primary Tumor"
"2691",0.253557692307692,0.982456140350877,0.00444934478006276,"Uterine Carcinosarcoma","Primary Tumor"
"2692",0.253653846153846,0.982456140350877,0.00444896883681989,"Uterine Carcinosarcoma","Primary Tumor"
"2693",0.25375,0.982456140350877,0.00444332074866838,"Uterine Carcinosarcoma","Primary Tumor"
"2694",0.253846153846154,0.982456140350877,0.0044425532343505,"Uterine Carcinosarcoma","Primary Tumor"
"2695",0.253942307692308,0.982456140350877,0.00444184070238818,"Uterine Carcinosarcoma","Primary Tumor"
"2696",0.254038461538462,0.982456140350877,0.00444144112818323,"Uterine Carcinosarcoma","Primary Tumor"
"2697",0.254134615384615,0.982456140350877,0.00443477632371814,"Uterine Carcinosarcoma","Primary Tumor"
"2698",0.254230769230769,0.982456140350877,0.00443378587939869,"Uterine Carcinosarcoma","Primary Tumor"
"2699",0.254326923076923,0.982456140350877,0.0044322413178367,"Uterine Carcinosarcoma","Primary Tumor"
"2700",0.254423076923077,0.982456140350877,0.0044313829821544,"Uterine Carcinosarcoma","Primary Tumor"
"2701",0.254519230769231,0.982456140350877,0.0044258366315203,"Uterine Carcinosarcoma","Primary Tumor"
"2702",0.254615384615385,0.982456140350877,0.00442537740490745,"Uterine Carcinosarcoma","Primary Tumor"
"2703",0.254711538461538,0.982456140350877,0.00442422345496363,"Uterine Carcinosarcoma","Primary Tumor"
"2704",0.254807692307692,0.982456140350877,0.00442409267307353,"Uterine Carcinosarcoma","Primary Tumor"
"2705",0.254903846153846,0.982456140350877,0.00442201574681234,"Uterine Carcinosarcoma","Primary Tumor"
"2706",0.255,0.982456140350877,0.00442184968353976,"Uterine Carcinosarcoma","Primary Tumor"
"2707",0.255096153846154,0.982456140350877,0.00441785417383511,"Uterine Carcinosarcoma","Primary Tumor"
"2708",0.255192307692308,0.982456140350877,0.00441747322079211,"Uterine Carcinosarcoma","Primary Tumor"
"2709",0.255288461538462,0.982456140350877,0.00441664787484342,"Uterine Carcinosarcoma","Primary Tumor"
"2710",0.255384615384615,0.982456140350877,0.00441482927121661,"Uterine Carcinosarcoma","Primary Tumor"
"2711",0.255480769230769,0.982456140350877,0.00441057794580568,"Uterine Carcinosarcoma","Primary Tumor"
"2712",0.255576923076923,0.982456140350877,0.00441011556089821,"Uterine Carcinosarcoma","Primary Tumor"
"2713",0.255673076923077,0.982456140350877,0.00440817494012125,"Uterine Carcinosarcoma","Primary Tumor"
"2714",0.255769230769231,0.982456140350877,0.00440396025906531,"Uterine Carcinosarcoma","Primary Tumor"
"2715",0.255865384615385,0.982456140350877,0.00440071239999507,"Uterine Carcinosarcoma","Primary Tumor"
"2716",0.255961538461538,0.982456140350877,0.00439836656541348,"Uterine Carcinosarcoma","Primary Tumor"
"2717",0.256057692307692,0.982456140350877,0.00439671374697348,"Uterine Carcinosarcoma","Primary Tumor"
"2718",0.256153846153846,0.982456140350877,0.00439530357103979,"Uterine Carcinosarcoma","Primary Tumor"
"2719",0.25625,0.982456140350877,0.00439132104531337,"Uterine Carcinosarcoma","Primary Tumor"
"2720",0.256346153846154,0.982456140350877,0.00438535604367085,"Uterine Carcinosarcoma","Primary Tumor"
"2721",0.256442307692308,0.982456140350877,0.00438058913902284,"Uterine Carcinosarcoma","Primary Tumor"
"2722",0.256538461538462,0.982456140350877,0.00437754088460662,"Uterine Carcinosarcoma","Primary Tumor"
"2723",0.256634615384615,0.982456140350877,0.00437552977845013,"Uterine Carcinosarcoma","Primary Tumor"
"2724",0.256730769230769,0.982456140350877,0.00437211741279031,"Uterine Carcinosarcoma","Primary Tumor"
"2725",0.256826923076923,0.982456140350877,0.00436975867473899,"Uterine Carcinosarcoma","Primary Tumor"
"2726",0.256923076923077,0.982456140350877,0.00436831396257142,"Uterine Carcinosarcoma","Primary Tumor"
"2727",0.257019230769231,0.982456140350877,0.00436049738109501,"Uterine Carcinosarcoma","Primary Tumor"
"2728",0.257115384615385,0.982456140350877,0.0043604718577156,"Uterine Carcinosarcoma","Primary Tumor"
"2729",0.257211538461538,0.982456140350877,0.00435212355718539,"Uterine Carcinosarcoma","Primary Tumor"
"2730",0.257307692307692,0.982456140350877,0.00435015818036122,"Uterine Carcinosarcoma","Primary Tumor"
"2731",0.257403846153846,0.982456140350877,0.00434955444384977,"Uterine Carcinosarcoma","Primary Tumor"
"2732",0.2575,0.982456140350877,0.00434788461428859,"Uterine Carcinosarcoma","Primary Tumor"
"2733",0.257596153846154,0.982456140350877,0.00434378845901384,"Uterine Carcinosarcoma","Primary Tumor"
"2734",0.257692307692308,0.982456140350877,0.00434007061186992,"Uterine Carcinosarcoma","Primary Tumor"
"2735",0.257788461538462,0.982456140350877,0.00433573352938221,"Uterine Carcinosarcoma","Primary Tumor"
"2736",0.257884615384615,0.982456140350877,0.00433441496680131,"Uterine Carcinosarcoma","Primary Tumor"
"2737",0.257980769230769,0.982456140350877,0.00433406484398591,"Uterine Carcinosarcoma","Primary Tumor"
"2738",0.258076923076923,0.982456140350877,0.00432827848205686,"Uterine Carcinosarcoma","Primary Tumor"
"2739",0.258173076923077,0.982456140350877,0.00432125013145934,"Uterine Carcinosarcoma","Primary Tumor"
"2740",0.258269230769231,0.982456140350877,0.00432076572035722,"Uterine Carcinosarcoma","Primary Tumor"
"2741",0.258365384615385,0.982456140350877,0.00431993713400092,"Uterine Carcinosarcoma","Primary Tumor"
"2742",0.258461538461538,0.982456140350877,0.00431520389136109,"Uterine Carcinosarcoma","Primary Tumor"
"2743",0.258557692307692,0.982456140350877,0.00431190642739454,"Uterine Carcinosarcoma","Primary Tumor"
"2744",0.258653846153846,0.982456140350877,0.00431096071855597,"Uterine Carcinosarcoma","Primary Tumor"
"2745",0.25875,0.982456140350877,0.00430858512046994,"Uterine Carcinosarcoma","Primary Tumor"
"2746",0.258846153846154,0.982456140350877,0.00430763993517025,"Uterine Carcinosarcoma","Primary Tumor"
"2747",0.258942307692308,0.982456140350877,0.00430352009421608,"Uterine Carcinosarcoma","Primary Tumor"
"2748",0.259038461538462,0.982456140350877,0.00429841000003217,"Uterine Carcinosarcoma","Primary Tumor"
"2749",0.259134615384615,0.982456140350877,0.00428595091057304,"Uterine Carcinosarcoma","Primary Tumor"
"2750",0.259230769230769,0.982456140350877,0.00428553793683684,"Uterine Carcinosarcoma","Primary Tumor"
"2751",0.259326923076923,0.982456140350877,0.00428074941590917,"Uterine Carcinosarcoma","Primary Tumor"
"2752",0.259423076923077,0.982456140350877,0.00427979001082845,"Uterine Carcinosarcoma","Primary Tumor"
"2753",0.259519230769231,0.982456140350877,0.00427575189045981,"Uterine Carcinosarcoma","Primary Tumor"
"2754",0.259615384615385,0.982456140350877,0.00427473437972925,"Uterine Carcinosarcoma","Primary Tumor"
"2755",0.259711538461538,0.982456140350877,0.00427338673974564,"Uterine Carcinosarcoma","Primary Tumor"
"2756",0.259807692307692,0.982456140350877,0.00427299836425288,"Uterine Carcinosarcoma","Primary Tumor"
"2757",0.259903846153846,0.982456140350877,0.00427200147045204,"Uterine Carcinosarcoma","Primary Tumor"
"2758",0.26,0.982456140350877,0.00427003282826277,"Uterine Carcinosarcoma","Primary Tumor"
"2759",0.260096153846154,0.982456140350877,0.00426755441554749,"Uterine Carcinosarcoma","Primary Tumor"
"2760",0.260192307692308,0.982456140350877,0.00426658198896113,"Uterine Carcinosarcoma","Primary Tumor"
"2761",0.260288461538462,0.982456140350877,0.00425881535458306,"Uterine Carcinosarcoma","Primary Tumor"
"2762",0.260384615384615,0.982456140350877,0.00425613515419077,"Uterine Carcinosarcoma","Primary Tumor"
"2763",0.260480769230769,0.982456140350877,0.00425300743799284,"Uterine Carcinosarcoma","Primary Tumor"
"2764",0.260576923076923,0.982456140350877,0.0042498124905016,"Uterine Carcinosarcoma","Primary Tumor"
"2765",0.260673076923077,0.982456140350877,0.00424798742917565,"Uterine Carcinosarcoma","Primary Tumor"
"2766",0.260769230769231,0.982456140350877,0.00424501142841582,"Uterine Carcinosarcoma","Primary Tumor"
"2767",0.260865384615385,0.982456140350877,0.00424018328085118,"Uterine Carcinosarcoma","Primary Tumor"
"2768",0.260961538461538,0.982456140350877,0.00423034853914062,"Uterine Carcinosarcoma","Primary Tumor"
"2769",0.261057692307692,0.982456140350877,0.00422967257528417,"Uterine Carcinosarcoma","Primary Tumor"
"2770",0.261153846153846,0.982456140350877,0.00422609442959876,"Uterine Carcinosarcoma","Primary Tumor"
"2771",0.26125,0.982456140350877,0.00422412974819886,"Uterine Carcinosarcoma","Primary Tumor"
"2772",0.261346153846154,0.982456140350877,0.00422075542113876,"Uterine Carcinosarcoma","Primary Tumor"
"2773",0.261442307692308,0.982456140350877,0.00421699744144699,"Uterine Carcinosarcoma","Primary Tumor"
"2774",0.261538461538462,0.982456140350877,0.00420988749567097,"Uterine Carcinosarcoma","Primary Tumor"
"2775",0.261634615384615,0.982456140350877,0.00420197269954459,"Uterine Carcinosarcoma","Primary Tumor"
"2776",0.261730769230769,0.982456140350877,0.00420078546123703,"Uterine Carcinosarcoma","Primary Tumor"
"2777",0.261826923076923,0.982456140350877,0.00420045262114099,"Uterine Carcinosarcoma","Primary Tumor"
"2778",0.261923076923077,0.982456140350877,0.00419808358590745,"Uterine Carcinosarcoma","Primary Tumor"
"2779",0.262019230769231,0.982456140350877,0.00419774039978482,"Uterine Carcinosarcoma","Primary Tumor"
"2780",0.262115384615385,0.982456140350877,0.00419764565449143,"Uterine Carcinosarcoma","Primary Tumor"
"2781",0.262211538461538,0.982456140350877,0.00419385004554185,"Uterine Carcinosarcoma","Primary Tumor"
"2782",0.262307692307692,0.982456140350877,0.00419383564791065,"Uterine Carcinosarcoma","Primary Tumor"
"2783",0.262403846153846,0.982456140350877,0.00419345530531334,"Uterine Carcinosarcoma","Primary Tumor"
"2784",0.2625,0.982456140350877,0.00419307612055708,"Uterine Carcinosarcoma","Primary Tumor"
"2785",0.262596153846154,0.982456140350877,0.00418840506541185,"Uterine Carcinosarcoma","Primary Tumor"
"2786",0.262692307692308,0.982456140350877,0.00418593242473875,"Uterine Carcinosarcoma","Primary Tumor"
"2787",0.262788461538462,0.982456140350877,0.00418522087214668,"Uterine Carcinosarcoma","Primary Tumor"
"2788",0.262884615384615,0.982456140350877,0.00418499576068987,"Uterine Carcinosarcoma","Primary Tumor"
"2789",0.262980769230769,0.982456140350877,0.00418418544449084,"Uterine Carcinosarcoma","Primary Tumor"
"2790",0.263076923076923,0.982456140350877,0.00418266312730242,"Uterine Carcinosarcoma","Primary Tumor"
"2791",0.263173076923077,0.982456140350877,0.00418140316098847,"Uterine Carcinosarcoma","Primary Tumor"
"2792",0.263269230769231,0.982456140350877,0.00418099516175785,"Uterine Carcinosarcoma","Primary Tumor"
"2793",0.263365384615385,0.982456140350877,0.00418067755816709,"Uterine Carcinosarcoma","Primary Tumor"
"2794",0.263461538461538,0.982456140350877,0.00417814071395606,"Uterine Carcinosarcoma","Primary Tumor"
"2795",0.263557692307692,0.982456140350877,0.00417388595906121,"Uterine Carcinosarcoma","Primary Tumor"
"2796",0.26375,0.982456140350877,0.00417248048559637,"Uterine Carcinosarcoma","Primary Tumor"
"2797",0.263846153846154,0.982456140350877,0.00417150259196553,"Uterine Carcinosarcoma","Primary Tumor"
"2798",0.263942307692308,0.982456140350877,0.00417060856711526,"Uterine Carcinosarcoma","Primary Tumor"
"2799",0.264038461538462,0.982456140350877,0.00417003377766045,"Uterine Carcinosarcoma","Primary Tumor"
"2800",0.264134615384615,0.982456140350877,0.00416946755542957,"Uterine Carcinosarcoma","Primary Tumor"
"2801",0.264230769230769,0.982456140350877,0.00416723845644484,"Uterine Carcinosarcoma","Primary Tumor"
"2802",0.264326923076923,0.982456140350877,0.00416436082397753,"Uterine Carcinosarcoma","Primary Tumor"
"2803",0.264423076923077,0.982456140350877,0.0041643350924071,"Uterine Carcinosarcoma","Primary Tumor"
"2804",0.264519230769231,0.982456140350877,0.00416237467460512,"Uterine Carcinosarcoma","Primary Tumor"
"2805",0.264615384615385,0.982456140350877,0.00416220639571041,"Uterine Carcinosarcoma","Primary Tumor"
"2806",0.264711538461538,0.982456140350877,0.00416184069270975,"Uterine Carcinosarcoma","Primary Tumor"
"2807",0.264807692307692,0.982456140350877,0.00416078187278912,"Uterine Carcinosarcoma","Primary Tumor"
"2808",0.264903846153846,0.982456140350877,0.00416073778547199,"Uterine Carcinosarcoma","Primary Tumor"
"2809",0.265,0.982456140350877,0.00416039068578755,"Uterine Carcinosarcoma","Primary Tumor"
"2810",0.265096153846154,0.982456140350877,0.00415702068999169,"Uterine Carcinosarcoma","Primary Tumor"
"2811",0.265192307692308,0.982456140350877,0.0041564504997702,"Uterine Carcinosarcoma","Primary Tumor"
"2812",0.265288461538462,0.982456140350877,0.0041552314451736,"Uterine Carcinosarcoma","Primary Tumor"
"2813",0.265384615384615,0.982456140350877,0.0041545567487018,"Uterine Carcinosarcoma","Primary Tumor"
"2814",0.265480769230769,0.982456140350877,0.00415233233444723,"Uterine Carcinosarcoma","Primary Tumor"
"2815",0.265576923076923,0.982456140350877,0.00415163600001811,"Uterine Carcinosarcoma","Primary Tumor"
"2816",0.265673076923077,0.982456140350877,0.00415146638387487,"Uterine Carcinosarcoma","Primary Tumor"
"2817",0.265769230769231,0.982456140350877,0.00415105441549879,"Uterine Carcinosarcoma","Primary Tumor"
"2818",0.265865384615385,0.982456140350877,0.00414784704127935,"Uterine Carcinosarcoma","Primary Tumor"
"2819",0.265961538461538,0.982456140350877,0.00414688952681663,"Uterine Carcinosarcoma","Primary Tumor"
"2820",0.266057692307692,0.982456140350877,0.0041400593079558,"Uterine Carcinosarcoma","Primary Tumor"
"2821",0.266153846153846,0.982456140350877,0.0041399002827075,"Uterine Carcinosarcoma","Primary Tumor"
"2822",0.26625,0.982456140350877,0.00413888074534052,"Uterine Carcinosarcoma","Primary Tumor"
"2823",0.266346153846154,0.982456140350877,0.00413682180448538,"Uterine Carcinosarcoma","Primary Tumor"
"2824",0.266442307692308,0.982456140350877,0.00413637561194513,"Uterine Carcinosarcoma","Primary Tumor"
"2825",0.266538461538462,0.982456140350877,0.00413556468985998,"Uterine Carcinosarcoma","Primary Tumor"
"2826",0.266634615384615,0.982456140350877,0.00413525544799798,"Uterine Carcinosarcoma","Primary Tumor"
"2827",0.266730769230769,0.982456140350877,0.00413497744540015,"Uterine Carcinosarcoma","Primary Tumor"
"2828",0.266826923076923,0.982456140350877,0.00413496863196383,"Uterine Carcinosarcoma","Primary Tumor"
"2829",0.266923076923077,0.982456140350877,0.00412966582418606,"Uterine Carcinosarcoma","Primary Tumor"
"2830",0.267019230769231,0.982456140350877,0.00412710480664946,"Uterine Carcinosarcoma","Primary Tumor"
"2831",0.267115384615385,0.982456140350877,0.00412694235242461,"Uterine Carcinosarcoma","Primary Tumor"
"2832",0.267211538461538,0.982456140350877,0.00412678358476581,"Uterine Carcinosarcoma","Primary Tumor"
"2833",0.267307692307692,0.982456140350877,0.00412639393298619,"Uterine Carcinosarcoma","Primary Tumor"
"2834",0.267403846153846,0.982456140350877,0.00412215938624305,"Uterine Carcinosarcoma","Primary Tumor"
"2835",0.2675,0.982456140350877,0.00412109646544345,"Uterine Carcinosarcoma","Primary Tumor"
"2836",0.267596153846154,0.982456140350877,0.004119412363081,"Uterine Carcinosarcoma","Primary Tumor"
"2837",0.267692307692308,0.982456140350877,0.00411782907488289,"Uterine Carcinosarcoma","Primary Tumor"
"2838",0.267788461538462,0.982456140350877,0.0041161057473128,"Uterine Carcinosarcoma","Primary Tumor"
"2839",0.267884615384615,0.982456140350877,0.00411324497749044,"Uterine Carcinosarcoma","Primary Tumor"
"2840",0.267980769230769,0.982456140350877,0.00411189510074039,"Uterine Carcinosarcoma","Primary Tumor"
"2841",0.268076923076923,0.982456140350877,0.00411056753776917,"Uterine Carcinosarcoma","Primary Tumor"
"2842",0.268173076923077,0.982456140350877,0.00410943484450887,"Uterine Carcinosarcoma","Primary Tumor"
"2843",0.268269230769231,0.982456140350877,0.00410790145404027,"Uterine Carcinosarcoma","Primary Tumor"
"2844",0.268365384615385,0.982456140350877,0.00410529398843373,"Uterine Carcinosarcoma","Primary Tumor"
"2845",0.268461538461538,0.982456140350877,0.00410509184243757,"Uterine Carcinosarcoma","Primary Tumor"
"2846",0.268557692307692,0.982456140350877,0.00410282629545788,"Uterine Carcinosarcoma","Primary Tumor"
"2847",0.268653846153846,0.982456140350877,0.00410010486698997,"Uterine Carcinosarcoma","Primary Tumor"
"2848",0.26875,0.982456140350877,0.00409884097312629,"Uterine Carcinosarcoma","Primary Tumor"
"2849",0.268846153846154,0.982456140350877,0.00409669943237112,"Uterine Carcinosarcoma","Primary Tumor"
"2850",0.268942307692308,0.982456140350877,0.00409392306343404,"Uterine Carcinosarcoma","Primary Tumor"
"2851",0.269038461538462,0.982456140350877,0.00409335915997666,"Uterine Carcinosarcoma","Primary Tumor"
"2852",0.269134615384615,0.982456140350877,0.00409293513887443,"Uterine Carcinosarcoma","Primary Tumor"
"2853",0.269230769230769,0.982456140350877,0.00409249061920314,"Uterine Carcinosarcoma","Primary Tumor"
"2854",0.269326923076923,0.982456140350877,0.00409159767969491,"Uterine Carcinosarcoma","Primary Tumor"
"2855",0.269423076923077,0.982456140350877,0.00409100499605453,"Uterine Carcinosarcoma","Primary Tumor"
"2856",0.269519230769231,0.982456140350877,0.00408367557634626,"Uterine Carcinosarcoma","Primary Tumor"
"2857",0.269615384615385,0.982456140350877,0.00407839983425728,"Uterine Carcinosarcoma","Primary Tumor"
"2858",0.269711538461538,0.982456140350877,0.00407796687792183,"Uterine Carcinosarcoma","Primary Tumor"
"2859",0.269807692307692,0.982456140350877,0.00407761904761117,"Uterine Carcinosarcoma","Primary Tumor"
"2860",0.269903846153846,0.982456140350877,0.00407580351295267,"Uterine Carcinosarcoma","Primary Tumor"
"2861",0.27,0.982456140350877,0.00407488625208319,"Uterine Carcinosarcoma","Primary Tumor"
"2862",0.270096153846154,0.982456140350877,0.00407450466541437,"Uterine Carcinosarcoma","Primary Tumor"
"2863",0.270192307692308,0.982456140350877,0.004073333138496,"Uterine Carcinosarcoma","Primary Tumor"
"2864",0.270288461538462,0.982456140350877,0.00406990592675482,"Uterine Carcinosarcoma","Primary Tumor"
"2865",0.270384615384615,0.982456140350877,0.00406854483341978,"Uterine Carcinosarcoma","Primary Tumor"
"2866",0.270480769230769,0.982456140350877,0.00406808841952466,"Uterine Carcinosarcoma","Primary Tumor"
"2867",0.270576923076923,0.982456140350877,0.00406739460822469,"Uterine Carcinosarcoma","Primary Tumor"
"2868",0.270673076923077,0.982456140350877,0.00406303021901966,"Uterine Carcinosarcoma","Primary Tumor"
"2869",0.270769230769231,0.982456140350877,0.00405985154773025,"Uterine Carcinosarcoma","Primary Tumor"
"2870",0.270865384615385,0.982456140350877,0.00405781057176324,"Uterine Carcinosarcoma","Primary Tumor"
"2871",0.270961538461538,0.982456140350877,0.00405778453568428,"Uterine Carcinosarcoma","Primary Tumor"
"2872",0.271057692307692,0.982456140350877,0.00405562955767325,"Uterine Carcinosarcoma","Primary Tumor"
"2873",0.271153846153846,0.982456140350877,0.00405410340968326,"Uterine Carcinosarcoma","Primary Tumor"
"2874",0.27125,0.982456140350877,0.00404976788912015,"Uterine Carcinosarcoma","Primary Tumor"
"2875",0.271346153846154,0.982456140350877,0.00404959706539132,"Uterine Carcinosarcoma","Primary Tumor"
"2876",0.271442307692308,0.982456140350877,0.00404271156021385,"Uterine Carcinosarcoma","Primary Tumor"
"2877",0.271538461538462,0.982456140350877,0.00404070988468896,"Uterine Carcinosarcoma","Primary Tumor"
"2878",0.271634615384615,0.982456140350877,0.0040394333090441,"Uterine Carcinosarcoma","Primary Tumor"
"2879",0.271730769230769,0.982456140350877,0.00403807605814666,"Uterine Carcinosarcoma","Primary Tumor"
"2880",0.271826923076923,0.982456140350877,0.00403617892046793,"Uterine Carcinosarcoma","Primary Tumor"
"2881",0.271923076923077,0.982456140350877,0.0040355082189073,"Uterine Carcinosarcoma","Primary Tumor"
"2882",0.272019230769231,0.982456140350877,0.00403375913360871,"Uterine Carcinosarcoma","Primary Tumor"
"2883",0.272115384615385,0.982456140350877,0.00402482265644299,"Uterine Carcinosarcoma","Primary Tumor"
"2884",0.272211538461538,0.982456140350877,0.00402368233276817,"Uterine Carcinosarcoma","Primary Tumor"
"2885",0.272307692307692,0.982456140350877,0.00402330339790535,"Uterine Carcinosarcoma","Primary Tumor"
"2886",0.272403846153846,0.982456140350877,0.00402255631609072,"Uterine Carcinosarcoma","Primary Tumor"
"2887",0.2725,0.982456140350877,0.0040157664393804,"Uterine Carcinosarcoma","Primary Tumor"
"2888",0.272596153846154,0.982456140350877,0.00401557361700566,"Uterine Carcinosarcoma","Primary Tumor"
"2889",0.272692307692308,0.982456140350877,0.0040151216010289,"Uterine Carcinosarcoma","Primary Tumor"
"2890",0.272788461538462,0.982456140350877,0.00401499091438884,"Uterine Carcinosarcoma","Primary Tumor"
"2891",0.272884615384615,0.982456140350877,0.00401436023852697,"Uterine Carcinosarcoma","Primary Tumor"
"2892",0.272980769230769,0.982456140350877,0.00401169516692657,"Uterine Carcinosarcoma","Primary Tumor"
"2893",0.273076923076923,0.982456140350877,0.00401094171113014,"Uterine Carcinosarcoma","Primary Tumor"
"2894",0.273173076923077,0.982456140350877,0.00401086145691254,"Uterine Carcinosarcoma","Primary Tumor"
"2895",0.273269230769231,0.982456140350877,0.00401011169629917,"Uterine Carcinosarcoma","Primary Tumor"
"2896",0.273365384615385,0.982456140350877,0.00400427601222453,"Uterine Carcinosarcoma","Primary Tumor"
"2897",0.273461538461538,0.982456140350877,0.00400303202556296,"Uterine Carcinosarcoma","Primary Tumor"
"2898",0.273557692307692,0.982456140350877,0.00399860836231936,"Uterine Carcinosarcoma","Primary Tumor"
"2899",0.273653846153846,0.982456140350877,0.00399798268697582,"Uterine Carcinosarcoma","Primary Tumor"
"2900",0.27375,0.982456140350877,0.00399668415425802,"Uterine Carcinosarcoma","Primary Tumor"
"2901",0.273846153846154,0.982456140350877,0.00399567695491554,"Uterine Carcinosarcoma","Primary Tumor"
"2902",0.273942307692308,0.982456140350877,0.00399561905311818,"Uterine Carcinosarcoma","Primary Tumor"
"2903",0.274038461538462,0.982456140350877,0.0039941268439404,"Uterine Carcinosarcoma","Primary Tumor"
"2904",0.274134615384615,0.982456140350877,0.0039905619411994,"Uterine Carcinosarcoma","Primary Tumor"
"2905",0.274230769230769,0.982456140350877,0.00399013271468129,"Uterine Carcinosarcoma","Primary Tumor"
"2906",0.274326923076923,0.982456140350877,0.00398995668398816,"Uterine Carcinosarcoma","Primary Tumor"
"2907",0.274423076923077,0.982456140350877,0.00398357111290926,"Uterine Carcinosarcoma","Primary Tumor"
"2908",0.274519230769231,0.982456140350877,0.00398019401216632,"Uterine Carcinosarcoma","Primary Tumor"
"2909",0.274615384615385,0.982456140350877,0.00397818550388418,"Uterine Carcinosarcoma","Primary Tumor"
"2910",0.274711538461538,0.982456140350877,0.00397731121443023,"Uterine Carcinosarcoma","Primary Tumor"
"2911",0.274807692307692,0.982456140350877,0.00397626700496367,"Uterine Carcinosarcoma","Primary Tumor"
"2912",0.274903846153846,0.982456140350877,0.00397420732131437,"Uterine Carcinosarcoma","Primary Tumor"
"2913",0.275,0.982456140350877,0.00397228274756434,"Uterine Carcinosarcoma","Primary Tumor"
"2914",0.275096153846154,0.982456140350877,0.00396954693864771,"Uterine Carcinosarcoma","Primary Tumor"
"2915",0.275192307692308,0.982456140350877,0.00396834537253277,"Uterine Carcinosarcoma","Primary Tumor"
"2916",0.275288461538462,0.982456140350877,0.00396812532458046,"Uterine Carcinosarcoma","Primary Tumor"
"2917",0.275384615384615,0.982456140350877,0.00396653029863414,"Uterine Carcinosarcoma","Primary Tumor"
"2918",0.275480769230769,0.982456140350877,0.00395585928927311,"Uterine Carcinosarcoma","Primary Tumor"
"2919",0.275576923076923,0.982456140350877,0.00395464858846239,"Uterine Carcinosarcoma","Primary Tumor"
"2920",0.275673076923077,0.982456140350877,0.00395294223956799,"Uterine Carcinosarcoma","Primary Tumor"
"2921",0.275769230769231,0.982456140350877,0.00394606216259763,"Uterine Carcinosarcoma","Primary Tumor"
"2922",0.275865384615385,0.982456140350877,0.00394450788466361,"Uterine Carcinosarcoma","Primary Tumor"
"2923",0.275961538461538,0.982456140350877,0.00394266422197631,"Uterine Carcinosarcoma","Primary Tumor"
"2924",0.276057692307692,0.982456140350877,0.00394032547583612,"Uterine Carcinosarcoma","Primary Tumor"
"2925",0.276153846153846,0.982456140350877,0.00394006350903953,"Uterine Carcinosarcoma","Primary Tumor"
"2926",0.27625,0.982456140350877,0.00393987356047953,"Uterine Carcinosarcoma","Primary Tumor"
"2927",0.276346153846154,0.982456140350877,0.00393975427323845,"Uterine Carcinosarcoma","Primary Tumor"
"2928",0.276442307692308,0.982456140350877,0.00393510258662599,"Uterine Carcinosarcoma","Primary Tumor"
"2929",0.276538461538462,0.982456140350877,0.00393490282323461,"Uterine Carcinosarcoma","Primary Tumor"
"2930",0.276634615384615,0.982456140350877,0.00393487987285746,"Uterine Carcinosarcoma","Primary Tumor"
"2931",0.276730769230769,0.982456140350877,0.00393328001823812,"Uterine Carcinosarcoma","Primary Tumor"
"2932",0.276826923076923,0.982456140350877,0.00393188243072962,"Uterine Carcinosarcoma","Primary Tumor"
"2933",0.276923076923077,0.982456140350877,0.00393068294287791,"Uterine Carcinosarcoma","Primary Tumor"
"2934",0.277019230769231,0.982456140350877,0.00393064036175683,"Uterine Carcinosarcoma","Primary Tumor"
"2935",0.277115384615385,0.982456140350877,0.0039273751173925,"Uterine Carcinosarcoma","Primary Tumor"
"2936",0.277211538461538,0.982456140350877,0.00392539760707489,"Uterine Carcinosarcoma","Primary Tumor"
"2937",0.277307692307692,0.982456140350877,0.00392445392460161,"Uterine Carcinosarcoma","Primary Tumor"
"2938",0.277403846153846,0.982456140350877,0.00391549153223925,"Uterine Carcinosarcoma","Primary Tumor"
"2939",0.2775,0.982456140350877,0.00391430588696751,"Uterine Carcinosarcoma","Primary Tumor"
"2940",0.277596153846154,0.982456140350877,0.00391357759818278,"Uterine Carcinosarcoma","Primary Tumor"
"2941",0.277692307692308,0.982456140350877,0.00391186349830908,"Uterine Carcinosarcoma","Primary Tumor"
"2942",0.277788461538462,0.982456140350877,0.00391153267959177,"Uterine Carcinosarcoma","Primary Tumor"
"2943",0.277884615384615,0.982456140350877,0.00391091996221327,"Uterine Carcinosarcoma","Primary Tumor"
"2944",0.277980769230769,0.982456140350877,0.00391048703792007,"Uterine Carcinosarcoma","Primary Tumor"
"2945",0.278076923076923,0.982456140350877,0.00390996716085412,"Uterine Carcinosarcoma","Primary Tumor"
"2946",0.278173076923077,0.982456140350877,0.00390962031068176,"Uterine Carcinosarcoma","Primary Tumor"
"2947",0.278269230769231,0.982456140350877,0.00390921788399912,"Uterine Carcinosarcoma","Primary Tumor"
"2948",0.278365384615385,0.982456140350877,0.00390784662022381,"Uterine Carcinosarcoma","Primary Tumor"
"2949",0.278461538461538,0.982456140350877,0.00390669452132164,"Uterine Carcinosarcoma","Primary Tumor"
"2950",0.278557692307692,0.982456140350877,0.00390025184909648,"Uterine Carcinosarcoma","Primary Tumor"
"2951",0.278653846153846,0.982456140350877,0.00389913069485359,"Uterine Carcinosarcoma","Primary Tumor"
"2952",0.27875,0.982456140350877,0.00389587245463963,"Uterine Carcinosarcoma","Primary Tumor"
"2953",0.278846153846154,0.982456140350877,0.00389510041573493,"Uterine Carcinosarcoma","Primary Tumor"
"2954",0.278942307692308,0.982456140350877,0.00389457277712635,"Uterine Carcinosarcoma","Primary Tumor"
"2955",0.279038461538462,0.982456140350877,0.00389141344632704,"Uterine Carcinosarcoma","Primary Tumor"
"2956",0.279134615384615,0.982456140350877,0.00388938181247134,"Uterine Carcinosarcoma","Primary Tumor"
"2957",0.279230769230769,0.982456140350877,0.0038886651317811,"Uterine Carcinosarcoma","Primary Tumor"
"2958",0.279326923076923,0.982456140350877,0.00388811344022855,"Uterine Carcinosarcoma","Primary Tumor"
"2959",0.279423076923077,0.982456140350877,0.00388672867641293,"Uterine Carcinosarcoma","Primary Tumor"
"2960",0.279519230769231,0.982456140350877,0.0038867220516271,"Uterine Carcinosarcoma","Primary Tumor"
"2961",0.279615384615385,0.982456140350877,0.00388402173292812,"Uterine Carcinosarcoma","Primary Tumor"
"2962",0.279711538461538,0.982456140350877,0.00388331251673024,"Uterine Carcinosarcoma","Primary Tumor"
"2963",0.279807692307692,0.982456140350877,0.00388002394300846,"Uterine Carcinosarcoma","Primary Tumor"
"2964",0.279903846153846,0.982456140350877,0.00387954916547606,"Uterine Carcinosarcoma","Primary Tumor"
"2965",0.28,0.982456140350877,0.00387697560085587,"Uterine Carcinosarcoma","Primary Tumor"
"2966",0.280096153846154,0.982456140350877,0.00387378645560876,"Uterine Carcinosarcoma","Primary Tumor"
"2967",0.280192307692308,0.982456140350877,0.00386975528545697,"Uterine Carcinosarcoma","Primary Tumor"
"2968",0.280288461538462,0.982456140350877,0.00386723266082201,"Uterine Carcinosarcoma","Primary Tumor"
"2969",0.280384615384615,0.982456140350877,0.00386481280876705,"Uterine Carcinosarcoma","Primary Tumor"
"2970",0.280480769230769,0.982456140350877,0.00386347872765191,"Uterine Carcinosarcoma","Primary Tumor"
"2971",0.280576923076923,0.982456140350877,0.00386256083801673,"Uterine Carcinosarcoma","Primary Tumor"
"2972",0.280673076923077,0.982456140350877,0.00386132772495473,"Uterine Carcinosarcoma","Primary Tumor"
"2973",0.280769230769231,0.982456140350877,0.00385982353110703,"Uterine Carcinosarcoma","Primary Tumor"
"2974",0.280865384615385,0.982456140350877,0.00385935226373746,"Uterine Carcinosarcoma","Primary Tumor"
"2975",0.280961538461538,0.982456140350877,0.00385843673973441,"Uterine Carcinosarcoma","Primary Tumor"
"2976",0.281057692307692,0.982456140350877,0.00385526802297298,"Uterine Carcinosarcoma","Primary Tumor"
"2977",0.281153846153846,0.982456140350877,0.00385475547549485,"Uterine Carcinosarcoma","Primary Tumor"
"2978",0.28125,0.982456140350877,0.00385248474534028,"Uterine Carcinosarcoma","Primary Tumor"
"2979",0.281346153846154,0.982456140350877,0.00385145474349768,"Uterine Carcinosarcoma","Primary Tumor"
"2980",0.281442307692308,0.982456140350877,0.00385136784758922,"Uterine Carcinosarcoma","Primary Tumor"
"2981",0.281538461538462,0.982456140350877,0.00385002492468722,"Uterine Carcinosarcoma","Primary Tumor"
"2982",0.281634615384615,0.982456140350877,0.00384991556005632,"Uterine Carcinosarcoma","Primary Tumor"
"2983",0.281730769230769,0.982456140350877,0.00384818568419543,"Uterine Carcinosarcoma","Primary Tumor"
"2984",0.281826923076923,0.982456140350877,0.00384600466577156,"Uterine Carcinosarcoma","Primary Tumor"
"2985",0.281923076923077,0.982456140350877,0.00384336842477873,"Uterine Carcinosarcoma","Primary Tumor"
"2986",0.282019230769231,0.982456140350877,0.00384012908840425,"Uterine Carcinosarcoma","Primary Tumor"
"2987",0.282115384615385,0.982456140350877,0.00383696961485114,"Uterine Carcinosarcoma","Primary Tumor"
"2988",0.282211538461538,0.982456140350877,0.00383628394513713,"Uterine Carcinosarcoma","Primary Tumor"
"2989",0.282307692307692,0.982456140350877,0.00383172413239641,"Uterine Carcinosarcoma","Primary Tumor"
"2990",0.282403846153846,0.982456140350877,0.0038301174981118,"Uterine Carcinosarcoma","Primary Tumor"
"2991",0.282884615384615,0.982456140350877,0.00382923297070326,"Uterine Carcinosarcoma","Primary Tumor"
"2992",0.282980769230769,0.982456140350877,0.00382467117669194,"Uterine Carcinosarcoma","Primary Tumor"
"2993",0.283076923076923,0.982456140350877,0.00382363259015261,"Uterine Carcinosarcoma","Primary Tumor"
"2994",0.283173076923077,0.982456140350877,0.00382337072717842,"Uterine Carcinosarcoma","Primary Tumor"
"2995",0.283269230769231,0.982456140350877,0.00382319197476388,"Uterine Carcinosarcoma","Primary Tumor"
"2996",0.283365384615385,0.982456140350877,0.00382289228981558,"Uterine Carcinosarcoma","Primary Tumor"
"2997",0.283461538461538,0.982456140350877,0.00382107986247637,"Uterine Carcinosarcoma","Primary Tumor"
"2998",0.283557692307692,0.982456140350877,0.00382055084766653,"Uterine Carcinosarcoma","Primary Tumor"
"2999",0.283653846153846,0.982456140350877,0.00381875703975698,"Uterine Carcinosarcoma","Primary Tumor"
"3000",0.28375,0.982456140350877,0.00381786485910884,"Uterine Carcinosarcoma","Primary Tumor"
"3001",0.283846153846154,0.982456140350877,0.00381361790973855,"Uterine Carcinosarcoma","Primary Tumor"
"3002",0.283942307692308,0.982456140350877,0.00381126395474707,"Uterine Carcinosarcoma","Primary Tumor"
"3003",0.284038461538462,0.982456140350877,0.00380988058067611,"Uterine Carcinosarcoma","Primary Tumor"
"3004",0.284134615384615,0.982456140350877,0.00380567309766533,"Uterine Carcinosarcoma","Primary Tumor"
"3005",0.284230769230769,0.982456140350877,0.00380141601981809,"Uterine Carcinosarcoma","Primary Tumor"
"3006",0.284326923076923,0.982456140350877,0.00380052683726351,"Uterine Carcinosarcoma","Primary Tumor"
"3007",0.284423076923077,0.982456140350877,0.00379889063825545,"Uterine Carcinosarcoma","Primary Tumor"
"3008",0.284519230769231,0.982456140350877,0.00379761054737027,"Uterine Carcinosarcoma","Primary Tumor"
"3009",0.284711538461538,0.982456140350877,0.00379727463054058,"Uterine Carcinosarcoma","Primary Tumor"
"3010",0.284807692307692,0.982456140350877,0.00379520723082938,"Uterine Carcinosarcoma","Primary Tumor"
"3011",0.284903846153846,0.982456140350877,0.00379384269150607,"Uterine Carcinosarcoma","Primary Tumor"
"3012",0.285,0.982456140350877,0.00379146906477823,"Uterine Carcinosarcoma","Primary Tumor"
"3013",0.285096153846154,0.982456140350877,0.00379108996504096,"Uterine Carcinosarcoma","Primary Tumor"
"3014",0.285192307692308,0.982456140350877,0.00378973334653909,"Uterine Carcinosarcoma","Primary Tumor"
"3015",0.285288461538462,0.982456140350877,0.00378660497686301,"Uterine Carcinosarcoma","Primary Tumor"
"3016",0.285384615384615,0.982456140350877,0.00378641069787033,"Uterine Carcinosarcoma","Primary Tumor"
"3017",0.285480769230769,0.982456140350877,0.00378063635849801,"Uterine Carcinosarcoma","Primary Tumor"
"3018",0.285576923076923,0.982456140350877,0.00377898404134525,"Uterine Carcinosarcoma","Primary Tumor"
"3019",0.285673076923077,0.982456140350877,0.00377840873351132,"Uterine Carcinosarcoma","Primary Tumor"
"3020",0.285769230769231,0.982456140350877,0.00377655925201703,"Uterine Carcinosarcoma","Primary Tumor"
"3021",0.285865384615385,0.982456140350877,0.00377534393866863,"Uterine Carcinosarcoma","Primary Tumor"
"3022",0.285961538461538,0.982456140350877,0.00377387543138041,"Uterine Carcinosarcoma","Primary Tumor"
"3023",0.286057692307692,0.982456140350877,0.00376851834660574,"Uterine Carcinosarcoma","Primary Tumor"
"3024",0.286153846153846,0.982456140350877,0.00376814205835752,"Uterine Carcinosarcoma","Primary Tumor"
"3025",0.28625,0.982456140350877,0.00376573482139997,"Uterine Carcinosarcoma","Primary Tumor"
"3026",0.286346153846154,0.982456140350877,0.0037651551968404,"Uterine Carcinosarcoma","Primary Tumor"
"3027",0.286442307692308,0.982456140350877,0.00376481887070723,"Uterine Carcinosarcoma","Primary Tumor"
"3028",0.286538461538462,0.982456140350877,0.00376343574175464,"Uterine Carcinosarcoma","Primary Tumor"
"3029",0.286634615384615,0.982456140350877,0.00375914253400289,"Uterine Carcinosarcoma","Primary Tumor"
"3030",0.286730769230769,0.982456140350877,0.00375765255824545,"Uterine Carcinosarcoma","Primary Tumor"
"3031",0.286826923076923,0.982456140350877,0.0037569188921398,"Uterine Carcinosarcoma","Primary Tumor"
"3032",0.286923076923077,0.982456140350877,0.0037534367863814,"Uterine Carcinosarcoma","Primary Tumor"
"3033",0.287019230769231,0.982456140350877,0.00374876356294729,"Uterine Carcinosarcoma","Primary Tumor"
"3034",0.287115384615385,0.982456140350877,0.00374776309593128,"Uterine Carcinosarcoma","Primary Tumor"
"3035",0.287211538461538,0.982456140350877,0.00374641880403337,"Uterine Carcinosarcoma","Primary Tumor"
"3036",0.287307692307692,0.982456140350877,0.0037410644152055,"Uterine Carcinosarcoma","Primary Tumor"
"3037",0.287403846153846,0.982456140350877,0.00374023437597848,"Uterine Carcinosarcoma","Primary Tumor"
"3038",0.2875,0.982456140350877,0.00373953148105166,"Uterine Carcinosarcoma","Primary Tumor"
"3039",0.287596153846154,0.982456140350877,0.00373220524826767,"Uterine Carcinosarcoma","Primary Tumor"
"3040",0.287692307692308,0.982456140350877,0.00373063893205594,"Uterine Carcinosarcoma","Primary Tumor"
"3041",0.287788461538462,0.982456140350877,0.00373025761414736,"Uterine Carcinosarcoma","Primary Tumor"
"3042",0.287884615384615,0.982456140350877,0.00372965667192116,"Uterine Carcinosarcoma","Primary Tumor"
"3043",0.287980769230769,0.982456140350877,0.00372775158574845,"Uterine Carcinosarcoma","Primary Tumor"
"3044",0.288076923076923,0.982456140350877,0.00372258111094603,"Uterine Carcinosarcoma","Primary Tumor"
"3045",0.288173076923077,0.982456140350877,0.00372034737538929,"Uterine Carcinosarcoma","Primary Tumor"
"3046",0.288269230769231,0.982456140350877,0.00371802642653363,"Uterine Carcinosarcoma","Primary Tumor"
"3047",0.288365384615385,0.982456140350877,0.00371627753991666,"Uterine Carcinosarcoma","Primary Tumor"
"3048",0.288461538461538,0.982456140350877,0.00371234178293867,"Uterine Carcinosarcoma","Primary Tumor"
"3049",0.288557692307692,0.982456140350877,0.00371185471321445,"Uterine Carcinosarcoma","Primary Tumor"
"3050",0.288653846153846,0.982456140350877,0.00370779619955219,"Uterine Carcinosarcoma","Primary Tumor"
"3051",0.28875,0.982456140350877,0.00370732983730904,"Uterine Carcinosarcoma","Primary Tumor"
"3052",0.288846153846154,0.982456140350877,0.00370683930824645,"Uterine Carcinosarcoma","Primary Tumor"
"3053",0.288942307692308,0.982456140350877,0.00370663250738923,"Uterine Carcinosarcoma","Primary Tumor"
"3054",0.289038461538462,0.982456140350877,0.00370452082146544,"Uterine Carcinosarcoma","Primary Tumor"
"3055",0.289134615384615,0.982456140350877,0.00370398278685069,"Uterine Carcinosarcoma","Primary Tumor"
"3056",0.289230769230769,0.982456140350877,0.00370257645812044,"Uterine Carcinosarcoma","Primary Tumor"
"3057",0.289326923076923,0.982456140350877,0.0037017896418573,"Uterine Carcinosarcoma","Primary Tumor"
"3058",0.289423076923077,0.982456140350877,0.00370092675516998,"Uterine Carcinosarcoma","Primary Tumor"
"3059",0.289519230769231,0.982456140350877,0.00370062024197915,"Uterine Carcinosarcoma","Primary Tumor"
"3060",0.289615384615385,0.982456140350877,0.00369904180711822,"Uterine Carcinosarcoma","Primary Tumor"
"3061",0.289711538461538,0.982456140350877,0.00369889820199487,"Uterine Carcinosarcoma","Primary Tumor"
"3062",0.289807692307692,0.982456140350877,0.00369848956894503,"Uterine Carcinosarcoma","Primary Tumor"
"3063",0.289903846153846,0.982456140350877,0.00369452694633587,"Uterine Carcinosarcoma","Primary Tumor"
"3064",0.29,0.982456140350877,0.00369231240411794,"Uterine Carcinosarcoma","Primary Tumor"
"3065",0.290096153846154,0.982456140350877,0.00368801584694378,"Uterine Carcinosarcoma","Primary Tumor"
"3066",0.290192307692308,0.982456140350877,0.00368273575718225,"Uterine Carcinosarcoma","Primary Tumor"
"3067",0.290288461538462,0.982456140350877,0.00367610346632929,"Uterine Carcinosarcoma","Primary Tumor"
"3068",0.290384615384615,0.982456140350877,0.00367493775981254,"Uterine Carcinosarcoma","Primary Tumor"
"3069",0.290480769230769,0.982456140350877,0.00367311961632488,"Uterine Carcinosarcoma","Primary Tumor"
"3070",0.290576923076923,0.982456140350877,0.00367048149094429,"Uterine Carcinosarcoma","Primary Tumor"
"3071",0.290673076923077,0.982456140350877,0.00366853278538493,"Uterine Carcinosarcoma","Primary Tumor"
"3072",0.290769230769231,0.982456140350877,0.00366692434213645,"Uterine Carcinosarcoma","Primary Tumor"
"3073",0.290865384615385,0.982456140350877,0.00366434529757187,"Uterine Carcinosarcoma","Primary Tumor"
"3074",0.290961538461538,0.982456140350877,0.00366113153888004,"Uterine Carcinosarcoma","Primary Tumor"
"3075",0.291057692307692,0.982456140350877,0.00365960045142455,"Uterine Carcinosarcoma","Primary Tumor"
"3076",0.291153846153846,0.982456140350877,0.00365875221368717,"Uterine Carcinosarcoma","Primary Tumor"
"3077",0.29125,0.982456140350877,0.00365764944386882,"Uterine Carcinosarcoma","Primary Tumor"
"3078",0.291346153846154,0.982456140350877,0.00365515213403489,"Uterine Carcinosarcoma","Primary Tumor"
"3079",0.291442307692308,0.982456140350877,0.00365017115407384,"Uterine Carcinosarcoma","Primary Tumor"
"3080",0.291538461538462,0.982456140350877,0.00364920797399049,"Uterine Carcinosarcoma","Primary Tumor"
"3081",0.291634615384615,0.982456140350877,0.00364851125300647,"Uterine Carcinosarcoma","Primary Tumor"
"3082",0.291730769230769,0.982456140350877,0.00364699092817322,"Uterine Carcinosarcoma","Primary Tumor"
"3083",0.291826923076923,0.982456140350877,0.00364692157569924,"Uterine Carcinosarcoma","Primary Tumor"
"3084",0.291923076923077,0.982456140350877,0.00364508112412065,"Uterine Carcinosarcoma","Primary Tumor"
"3085",0.292019230769231,0.982456140350877,0.00364496445945273,"Uterine Carcinosarcoma","Primary Tumor"
"3086",0.292115384615385,0.982456140350877,0.00364202857424534,"Uterine Carcinosarcoma","Primary Tumor"
"3087",0.292211538461538,0.982456140350877,0.00364168050980873,"Uterine Carcinosarcoma","Primary Tumor"
"3088",0.292307692307692,0.982456140350877,0.00364009740619564,"Uterine Carcinosarcoma","Primary Tumor"
"3089",0.292403846153846,0.982456140350877,0.00363937528171598,"Uterine Carcinosarcoma","Primary Tumor"
"3090",0.2925,0.982456140350877,0.00363838864159294,"Uterine Carcinosarcoma","Primary Tumor"
"3091",0.292596153846154,0.982456140350877,0.00363680326035221,"Uterine Carcinosarcoma","Primary Tumor"
"3092",0.292692307692308,0.982456140350877,0.00363343186848464,"Uterine Carcinosarcoma","Primary Tumor"
"3093",0.292788461538462,0.982456140350877,0.00363340345095042,"Uterine Carcinosarcoma","Primary Tumor"
"3094",0.292884615384615,0.982456140350877,0.0036280070676632,"Uterine Carcinosarcoma","Primary Tumor"
"3095",0.292980769230769,0.982456140350877,0.00362641228889515,"Uterine Carcinosarcoma","Primary Tumor"
"3096",0.293076923076923,0.982456140350877,0.00362513529033215,"Uterine Carcinosarcoma","Primary Tumor"
"3097",0.293173076923077,0.982456140350877,0.00362285691404984,"Uterine Carcinosarcoma","Primary Tumor"
"3098",0.293269230769231,0.982456140350877,0.0036179794219513,"Uterine Carcinosarcoma","Primary Tumor"
"3099",0.293365384615385,0.982456140350877,0.00361344123088858,"Uterine Carcinosarcoma","Primary Tumor"
"3100",0.293461538461538,0.982456140350877,0.00361114261676831,"Uterine Carcinosarcoma","Primary Tumor"
"3101",0.293557692307692,0.982456140350877,0.00360908402547688,"Uterine Carcinosarcoma","Primary Tumor"
"3102",0.293653846153846,0.982456140350877,0.00360897032571672,"Uterine Carcinosarcoma","Primary Tumor"
"3103",0.29375,0.982456140350877,0.00360548248131254,"Uterine Carcinosarcoma","Primary Tumor"
"3104",0.293846153846154,0.982456140350877,0.00360172474489062,"Uterine Carcinosarcoma","Primary Tumor"
"3105",0.293942307692308,0.982456140350877,0.00360150550911098,"Uterine Carcinosarcoma","Primary Tumor"
"3106",0.294038461538462,0.982456140350877,0.0036004807001675,"Uterine Carcinosarcoma","Primary Tumor"
"3107",0.294134615384615,0.982456140350877,0.00360000409515704,"Uterine Carcinosarcoma","Primary Tumor"
"3108",0.294230769230769,0.982456140350877,0.00359946227810515,"Uterine Carcinosarcoma","Primary Tumor"
"3109",0.294326923076923,0.982456140350877,0.0035945030369724,"Uterine Carcinosarcoma","Primary Tumor"
"3110",0.294423076923077,0.982456140350877,0.00359045290448423,"Uterine Carcinosarcoma","Primary Tumor"
"3111",0.294519230769231,0.982456140350877,0.00359020177364688,"Uterine Carcinosarcoma","Primary Tumor"
"3112",0.294615384615385,0.982456140350877,0.00359007410720413,"Uterine Carcinosarcoma","Primary Tumor"
"3113",0.294711538461538,0.982456140350877,0.00358953191676348,"Uterine Carcinosarcoma","Primary Tumor"
"3114",0.294807692307692,0.982456140350877,0.00358922094472613,"Uterine Carcinosarcoma","Primary Tumor"
"3115",0.294903846153846,0.982456140350877,0.00358806109224163,"Uterine Carcinosarcoma","Primary Tumor"
"3116",0.295,0.982456140350877,0.00358767489333711,"Uterine Carcinosarcoma","Primary Tumor"
"3117",0.295096153846154,0.982456140350877,0.0035852077522075,"Uterine Carcinosarcoma","Primary Tumor"
"3118",0.295192307692308,0.982456140350877,0.00358465297489952,"Uterine Carcinosarcoma","Primary Tumor"
"3119",0.295288461538462,0.982456140350877,0.00358402261940671,"Uterine Carcinosarcoma","Primary Tumor"
"3120",0.295384615384615,0.982456140350877,0.00358319936937768,"Uterine Carcinosarcoma","Primary Tumor"
"3121",0.295480769230769,0.982456140350877,0.0035814417131157,"Uterine Carcinosarcoma","Primary Tumor"
"3122",0.295576923076923,0.982456140350877,0.00357985146607775,"Uterine Carcinosarcoma","Primary Tumor"
"3123",0.295673076923077,0.982456140350877,0.00357963119331361,"Uterine Carcinosarcoma","Primary Tumor"
"3124",0.295769230769231,0.982456140350877,0.00357949009789083,"Uterine Carcinosarcoma","Primary Tumor"
"3125",0.295865384615385,0.982456140350877,0.00357793497559722,"Uterine Carcinosarcoma","Primary Tumor"
"3126",0.295961538461538,0.982456140350877,0.00357702651304992,"Uterine Carcinosarcoma","Primary Tumor"
"3127",0.296057692307692,0.982456140350877,0.0035720753747841,"Uterine Carcinosarcoma","Primary Tumor"
"3128",0.296153846153846,0.982456140350877,0.00357166885856397,"Uterine Carcinosarcoma","Primary Tumor"
"3129",0.29625,0.982456140350877,0.00357106835462262,"Uterine Carcinosarcoma","Primary Tumor"
"3130",0.296346153846154,0.982456140350877,0.00357034653698007,"Uterine Carcinosarcoma","Primary Tumor"
"3131",0.296442307692308,0.982456140350877,0.00356655596971067,"Uterine Carcinosarcoma","Primary Tumor"
"3132",0.296634615384615,0.982456140350877,0.00356316349784092,"Uterine Carcinosarcoma","Primary Tumor"
"3133",0.296730769230769,0.982456140350877,0.00356031166815596,"Uterine Carcinosarcoma","Primary Tumor"
"3134",0.297019230769231,0.982456140350877,0.00355902682943166,"Uterine Carcinosarcoma","Primary Tumor"
"3135",0.297115384615385,0.982456140350877,0.00355732911303441,"Uterine Carcinosarcoma","Primary Tumor"
"3136",0.297211538461538,0.982456140350877,0.0035558851223606,"Uterine Carcinosarcoma","Primary Tumor"
"3137",0.297307692307692,0.982456140350877,0.00355421752066698,"Uterine Carcinosarcoma","Primary Tumor"
"3138",0.297403846153846,0.982456140350877,0.00355296330579613,"Uterine Carcinosarcoma","Primary Tumor"
"3139",0.2975,0.982456140350877,0.00355287480151467,"Uterine Carcinosarcoma","Primary Tumor"
"3140",0.297596153846154,0.982456140350877,0.00355245229302514,"Uterine Carcinosarcoma","Primary Tumor"
"3141",0.297692307692308,0.982456140350877,0.00355159776662584,"Uterine Carcinosarcoma","Primary Tumor"
"3142",0.297788461538462,0.982456140350877,0.0035484974799217,"Uterine Carcinosarcoma","Primary Tumor"
"3143",0.297884615384615,0.982456140350877,0.00354756651948762,"Uterine Carcinosarcoma","Primary Tumor"
"3144",0.297980769230769,0.982456140350877,0.00354728829593198,"Uterine Carcinosarcoma","Primary Tumor"
"3145",0.298076923076923,0.982456140350877,0.00354521759527071,"Uterine Carcinosarcoma","Primary Tumor"
"3146",0.298173076923077,0.982456140350877,0.00354520265477276,"Uterine Carcinosarcoma","Primary Tumor"
"3147",0.298269230769231,0.982456140350877,0.00354519334376846,"Uterine Carcinosarcoma","Primary Tumor"
"3148",0.298365384615385,0.982456140350877,0.00353986509807835,"Uterine Carcinosarcoma","Primary Tumor"
"3149",0.298461538461538,0.982456140350877,0.00353677185929224,"Uterine Carcinosarcoma","Primary Tumor"
"3150",0.298557692307692,0.982456140350877,0.00353660564557234,"Uterine Carcinosarcoma","Primary Tumor"
"3151",0.298653846153846,0.982456140350877,0.00353552507640009,"Uterine Carcinosarcoma","Primary Tumor"
"3152",0.29875,0.982456140350877,0.00353329555299486,"Uterine Carcinosarcoma","Primary Tumor"
"3153",0.298846153846154,0.982456140350877,0.00353328563954047,"Uterine Carcinosarcoma","Primary Tumor"
"3154",0.298942307692308,0.982456140350877,0.00353047400257334,"Uterine Carcinosarcoma","Primary Tumor"
"3155",0.299038461538462,0.982456140350877,0.00352975174222947,"Uterine Carcinosarcoma","Primary Tumor"
"3156",0.299134615384615,0.982456140350877,0.00352798220795703,"Uterine Carcinosarcoma","Primary Tumor"
"3157",0.299230769230769,0.982456140350877,0.0035267142041131,"Uterine Carcinosarcoma","Primary Tumor"
"3158",0.299326923076923,0.982456140350877,0.00352490185192655,"Uterine Carcinosarcoma","Primary Tumor"
"3159",0.299423076923077,0.982456140350877,0.00352353325219945,"Uterine Carcinosarcoma","Primary Tumor"
"3160",0.299519230769231,0.982456140350877,0.00352335616441868,"Uterine Carcinosarcoma","Primary Tumor"
"3161",0.299615384615385,0.982456140350877,0.00351905503521521,"Uterine Carcinosarcoma","Primary Tumor"
"3162",0.299711538461538,0.982456140350877,0.00351809763714916,"Uterine Carcinosarcoma","Primary Tumor"
"3163",0.299807692307692,0.982456140350877,0.0035176242629108,"Uterine Carcinosarcoma","Primary Tumor"
"3164",0.299903846153846,0.982456140350877,0.00351683759380361,"Uterine Carcinosarcoma","Primary Tumor"
"3165",0.3,0.982456140350877,0.00351476319568478,"Uterine Carcinosarcoma","Primary Tumor"
"3166",0.300096153846154,0.982456140350877,0.00351370802997164,"Uterine Carcinosarcoma","Primary Tumor"
"3167",0.300192307692308,0.982456140350877,0.00351227425028533,"Uterine Carcinosarcoma","Primary Tumor"
"3168",0.300288461538462,0.982456140350877,0.00350955460862323,"Uterine Carcinosarcoma","Primary Tumor"
"3169",0.300384615384615,0.982456140350877,0.00350881822594273,"Uterine Carcinosarcoma","Primary Tumor"
"3170",0.300480769230769,0.982456140350877,0.00350531823634659,"Uterine Carcinosarcoma","Primary Tumor"
"3171",0.300576923076923,0.982456140350877,0.00350481058023333,"Uterine Carcinosarcoma","Primary Tumor"
"3172",0.300673076923077,0.982456140350877,0.00350460310984568,"Uterine Carcinosarcoma","Primary Tumor"
"3173",0.300769230769231,0.982456140350877,0.0035045804992142,"Uterine Carcinosarcoma","Primary Tumor"
"3174",0.300865384615385,0.982456140350877,0.00350373226825673,"Uterine Carcinosarcoma","Primary Tumor"
"3175",0.300961538461538,0.982456140350877,0.00349857072131132,"Uterine Carcinosarcoma","Primary Tumor"
"3176",0.301057692307692,0.982456140350877,0.00349834984749087,"Uterine Carcinosarcoma","Primary Tumor"
"3177",0.301153846153846,0.982456140350877,0.00349716448982329,"Uterine Carcinosarcoma","Primary Tumor"
"3178",0.30125,0.982456140350877,0.00349458744405828,"Uterine Carcinosarcoma","Primary Tumor"
"3179",0.301346153846154,0.982456140350877,0.00349233483310207,"Uterine Carcinosarcoma","Primary Tumor"
"3180",0.301442307692308,0.982456140350877,0.0034911069936584,"Uterine Carcinosarcoma","Primary Tumor"
"3181",0.301538461538462,0.982456140350877,0.00348987697865744,"Uterine Carcinosarcoma","Primary Tumor"
"3182",0.301634615384615,0.982456140350877,0.00348689964991278,"Uterine Carcinosarcoma","Primary Tumor"
"3183",0.301730769230769,0.982456140350877,0.00348497013612925,"Uterine Carcinosarcoma","Primary Tumor"
"3184",0.301826923076923,0.982456140350877,0.0034840424325262,"Uterine Carcinosarcoma","Primary Tumor"
"3185",0.301923076923077,0.982456140350877,0.0034811196993707,"Uterine Carcinosarcoma","Primary Tumor"
"3186",0.302019230769231,0.982456140350877,0.00347424220967296,"Uterine Carcinosarcoma","Primary Tumor"
"3187",0.302115384615385,0.982456140350877,0.00347259573459413,"Uterine Carcinosarcoma","Primary Tumor"
"3188",0.302211538461538,0.982456140350877,0.00347116031009309,"Uterine Carcinosarcoma","Primary Tumor"
"3189",0.302307692307692,0.982456140350877,0.00346888093513775,"Uterine Carcinosarcoma","Primary Tumor"
"3190",0.302403846153846,0.982456140350877,0.0034680411987712,"Uterine Carcinosarcoma","Primary Tumor"
"3191",0.3025,0.982456140350877,0.00346669091785834,"Uterine Carcinosarcoma","Primary Tumor"
"3192",0.302596153846154,0.982456140350877,0.00346418417849792,"Uterine Carcinosarcoma","Primary Tumor"
"3193",0.302692307692308,0.982456140350877,0.00346403599653977,"Uterine Carcinosarcoma","Primary Tumor"
"3194",0.302788461538462,0.982456140350877,0.00346367367373601,"Uterine Carcinosarcoma","Primary Tumor"
"3195",0.302884615384615,0.982456140350877,0.00346248158617035,"Uterine Carcinosarcoma","Primary Tumor"
"3196",0.302980769230769,0.982456140350877,0.00346241385425294,"Uterine Carcinosarcoma","Primary Tumor"
"3197",0.303076923076923,0.982456140350877,0.00346133711395136,"Uterine Carcinosarcoma","Primary Tumor"
"3198",0.303173076923077,0.982456140350877,0.00346130589379789,"Uterine Carcinosarcoma","Primary Tumor"
"3199",0.303269230769231,0.982456140350877,0.00345949287275937,"Uterine Carcinosarcoma","Primary Tumor"
"3200",0.303365384615385,0.982456140350877,0.00345935625177185,"Uterine Carcinosarcoma","Primary Tumor"
"3201",0.303461538461538,0.982456140350877,0.00345883501175748,"Uterine Carcinosarcoma","Primary Tumor"
"3202",0.303557692307692,0.982456140350877,0.00345863445221828,"Uterine Carcinosarcoma","Primary Tumor"
"3203",0.303653846153846,0.982456140350877,0.00345112691923388,"Uterine Carcinosarcoma","Primary Tumor"
"3204",0.30375,0.982456140350877,0.00345101120720304,"Uterine Carcinosarcoma","Primary Tumor"
"3205",0.303846153846154,0.982456140350877,0.00345093298617094,"Uterine Carcinosarcoma","Primary Tumor"
"3206",0.303942307692308,0.982456140350877,0.00345016933245912,"Uterine Carcinosarcoma","Primary Tumor"
"3207",0.304038461538462,0.982456140350877,0.00344875529395661,"Uterine Carcinosarcoma","Primary Tumor"
"3208",0.304134615384615,0.982456140350877,0.00344717368360925,"Uterine Carcinosarcoma","Primary Tumor"
"3209",0.304230769230769,0.982456140350877,0.00344387909806398,"Uterine Carcinosarcoma","Primary Tumor"
"3210",0.304326923076923,0.982456140350877,0.00344344622097603,"Uterine Carcinosarcoma","Primary Tumor"
"3211",0.304423076923077,0.982456140350877,0.00344155849885985,"Uterine Carcinosarcoma","Primary Tumor"
"3212",0.304519230769231,0.982456140350877,0.00344060286878078,"Uterine Carcinosarcoma","Primary Tumor"
"3213",0.304615384615385,0.982456140350877,0.00343907100767193,"Uterine Carcinosarcoma","Primary Tumor"
"3214",0.304711538461538,0.982456140350877,0.00343719598503534,"Uterine Carcinosarcoma","Primary Tumor"
"3215",0.304807692307692,0.982456140350877,0.00343694366653391,"Uterine Carcinosarcoma","Primary Tumor"
"3216",0.304903846153846,0.982456140350877,0.00343495641674918,"Uterine Carcinosarcoma","Primary Tumor"
"3217",0.305,0.982456140350877,0.00343404217564025,"Uterine Carcinosarcoma","Primary Tumor"
"3218",0.305096153846154,0.982456140350877,0.00343357403799771,"Uterine Carcinosarcoma","Primary Tumor"
"3219",0.305288461538462,0.982456140350877,0.00343316906628177,"Uterine Carcinosarcoma","Primary Tumor"
"3220",0.305384615384615,0.982456140350877,0.00342834604567965,"Uterine Carcinosarcoma","Primary Tumor"
"3221",0.30625,0.982456140350877,0.00342717433075745,"Uterine Carcinosarcoma","Primary Tumor"
"3222",0.306346153846154,0.982456140350877,0.00341790088160487,"Uterine Carcinosarcoma","Primary Tumor"
"3223",0.306442307692308,0.982456140350877,0.00341751232931919,"Uterine Carcinosarcoma","Primary Tumor"
"3224",0.306538461538462,0.982456140350877,0.00341703682535077,"Uterine Carcinosarcoma","Primary Tumor"
"3225",0.306634615384615,0.982456140350877,0.00341574249858467,"Uterine Carcinosarcoma","Primary Tumor"
"3226",0.306730769230769,0.982456140350877,0.00341285488671006,"Uterine Carcinosarcoma","Primary Tumor"
"3227",0.306826923076923,0.982456140350877,0.00341284525378649,"Uterine Carcinosarcoma","Primary Tumor"
"3228",0.306923076923077,0.982456140350877,0.00341208664550963,"Uterine Carcinosarcoma","Primary Tumor"
"3229",0.307019230769231,0.982456140350877,0.00340984721710236,"Uterine Carcinosarcoma","Primary Tumor"
"3230",0.307115384615385,0.982456140350877,0.00340953074617611,"Uterine Carcinosarcoma","Primary Tumor"
"3231",0.307211538461538,0.982456140350877,0.00340908733753675,"Uterine Carcinosarcoma","Primary Tumor"
"3232",0.307307692307692,0.982456140350877,0.00340866872833123,"Uterine Carcinosarcoma","Primary Tumor"
"3233",0.307403846153846,0.982456140350877,0.00340715895095856,"Uterine Carcinosarcoma","Primary Tumor"
"3234",0.3075,0.982456140350877,0.0034069463481935,"Uterine Carcinosarcoma","Primary Tumor"
"3235",0.307596153846154,0.982456140350877,0.00340625472404787,"Uterine Carcinosarcoma","Primary Tumor"
"3236",0.307692307692308,0.982456140350877,0.00340446191277699,"Uterine Carcinosarcoma","Primary Tumor"
"3237",0.307788461538462,0.982456140350877,0.00340419741088671,"Uterine Carcinosarcoma","Primary Tumor"
"3238",0.307884615384615,0.982456140350877,0.00340380431987575,"Uterine Carcinosarcoma","Primary Tumor"
"3239",0.307980769230769,0.982456140350877,0.00340280931975501,"Uterine Carcinosarcoma","Primary Tumor"
"3240",0.308076923076923,0.982456140350877,0.00340191634496556,"Uterine Carcinosarcoma","Primary Tumor"
"3241",0.308173076923077,0.982456140350877,0.0034018620586721,"Uterine Carcinosarcoma","Primary Tumor"
"3242",0.308269230769231,0.982456140350877,0.00340162144602552,"Uterine Carcinosarcoma","Primary Tumor"
"3243",0.308365384615385,0.982456140350877,0.00340136185469397,"Uterine Carcinosarcoma","Primary Tumor"
"3244",0.308461538461538,0.982456140350877,0.00339945586029189,"Uterine Carcinosarcoma","Primary Tumor"
"3245",0.308557692307692,0.982456140350877,0.00339805290354289,"Uterine Carcinosarcoma","Primary Tumor"
"3246",0.308653846153846,0.982456140350877,0.00339783049076314,"Uterine Carcinosarcoma","Primary Tumor"
"3247",0.30875,0.982456140350877,0.0033972614569765,"Uterine Carcinosarcoma","Primary Tumor"
"3248",0.308846153846154,0.982456140350877,0.00339558825579467,"Uterine Carcinosarcoma","Primary Tumor"
"3249",0.308942307692308,0.982456140350877,0.00339457218209038,"Uterine Carcinosarcoma","Primary Tumor"
"3250",0.309038461538462,0.982456140350877,0.00339317561241659,"Uterine Carcinosarcoma","Primary Tumor"
"3251",0.309134615384615,0.982456140350877,0.00338981412358041,"Uterine Carcinosarcoma","Primary Tumor"
"3252",0.309230769230769,0.982456140350877,0.00338868610300003,"Uterine Carcinosarcoma","Primary Tumor"
"3253",0.309326923076923,0.982456140350877,0.00338583645007906,"Uterine Carcinosarcoma","Primary Tumor"
"3254",0.309423076923077,0.982456140350877,0.00338364391938251,"Uterine Carcinosarcoma","Primary Tumor"
"3255",0.309519230769231,0.982456140350877,0.0033836429278411,"Uterine Carcinosarcoma","Primary Tumor"
"3256",0.309615384615385,0.982456140350877,0.00338175449019118,"Uterine Carcinosarcoma","Primary Tumor"
"3257",0.309711538461538,0.982456140350877,0.00338011859709009,"Uterine Carcinosarcoma","Primary Tumor"
"3258",0.309807692307692,0.982456140350877,0.00337771252172381,"Uterine Carcinosarcoma","Primary Tumor"
"3259",0.309903846153846,0.982456140350877,0.00337665300479062,"Uterine Carcinosarcoma","Primary Tumor"
"3260",0.31,0.982456140350877,0.00337554151109587,"Uterine Carcinosarcoma","Primary Tumor"
"3261",0.310096153846154,0.982456140350877,0.00337549651872904,"Uterine Carcinosarcoma","Primary Tumor"
"3262",0.310192307692308,0.982456140350877,0.00337471419209823,"Uterine Carcinosarcoma","Primary Tumor"
"3263",0.310288461538462,0.982456140350877,0.00337461667914762,"Uterine Carcinosarcoma","Primary Tumor"
"3264",0.310480769230769,0.982456140350877,0.00337392689944993,"Uterine Carcinosarcoma","Primary Tumor"
"3265",0.310576923076923,0.982456140350877,0.00337309621846738,"Uterine Carcinosarcoma","Primary Tumor"
"3266",0.310673076923077,0.982456140350877,0.00337265057346359,"Uterine Carcinosarcoma","Primary Tumor"
"3267",0.310769230769231,0.982456140350877,0.00336927486410477,"Uterine Carcinosarcoma","Primary Tumor"
"3268",0.310865384615385,0.982456140350877,0.00336408961241719,"Uterine Carcinosarcoma","Primary Tumor"
"3269",0.310961538461538,0.982456140350877,0.00336345103981772,"Uterine Carcinosarcoma","Primary Tumor"
"3270",0.311057692307692,0.982456140350877,0.00335866404230001,"Uterine Carcinosarcoma","Primary Tumor"
"3271",0.311153846153846,0.982456140350877,0.00335775576951325,"Uterine Carcinosarcoma","Primary Tumor"
"3272",0.31125,0.982456140350877,0.00335604326214622,"Uterine Carcinosarcoma","Primary Tumor"
"3273",0.311346153846154,0.982456140350877,0.00335596221684631,"Uterine Carcinosarcoma","Primary Tumor"
"3274",0.311442307692308,0.982456140350877,0.00335427380997277,"Uterine Carcinosarcoma","Primary Tumor"
"3275",0.311538461538462,0.982456140350877,0.00335374024423696,"Uterine Carcinosarcoma","Primary Tumor"
"3276",0.311634615384615,0.982456140350877,0.00335348226655607,"Uterine Carcinosarcoma","Primary Tumor"
"3277",0.311730769230769,0.982456140350877,0.00335296378020344,"Uterine Carcinosarcoma","Primary Tumor"
"3278",0.311826923076923,0.982456140350877,0.00335153092991858,"Uterine Carcinosarcoma","Primary Tumor"
"3279",0.311923076923077,0.982456140350877,0.00335078506978981,"Uterine Carcinosarcoma","Primary Tumor"
"3280",0.312019230769231,0.982456140350877,0.0033497459774976,"Uterine Carcinosarcoma","Primary Tumor"
"3281",0.312115384615385,0.982456140350877,0.00334934843674684,"Uterine Carcinosarcoma","Primary Tumor"
"3282",0.312211538461538,0.982456140350877,0.00334575726313091,"Uterine Carcinosarcoma","Primary Tumor"
"3283",0.312307692307692,0.982456140350877,0.00334557599838847,"Uterine Carcinosarcoma","Primary Tumor"
"3284",0.312403846153846,0.982456140350877,0.00334501944465626,"Uterine Carcinosarcoma","Primary Tumor"
"3285",0.3125,0.982456140350877,0.00334329593410077,"Uterine Carcinosarcoma","Primary Tumor"
"3286",0.312596153846154,0.982456140350877,0.00334240895820481,"Uterine Carcinosarcoma","Primary Tumor"
"3287",0.312692307692308,0.982456140350877,0.0033421527788533,"Uterine Carcinosarcoma","Primary Tumor"
"3288",0.312788461538462,0.982456140350877,0.0033419184842709,"Uterine Carcinosarcoma","Primary Tumor"
"3289",0.312884615384615,0.982456140350877,0.00334004469640548,"Uterine Carcinosarcoma","Primary Tumor"
"3290",0.312980769230769,0.982456140350877,0.00333673698757675,"Uterine Carcinosarcoma","Primary Tumor"
"3291",0.313076923076923,0.982456140350877,0.00333476046684833,"Uterine Carcinosarcoma","Primary Tumor"
"3292",0.313173076923077,0.982456140350877,0.00333335415426805,"Uterine Carcinosarcoma","Primary Tumor"
"3293",0.313269230769231,0.982456140350877,0.00333251097078657,"Uterine Carcinosarcoma","Primary Tumor"
"3294",0.313365384615385,0.982456140350877,0.00333169678972789,"Uterine Carcinosarcoma","Primary Tumor"
"3295",0.313461538461538,0.982456140350877,0.00333131528871877,"Uterine Carcinosarcoma","Primary Tumor"
"3296",0.313557692307692,0.982456140350877,0.00333093165829434,"Uterine Carcinosarcoma","Primary Tumor"
"3297",0.313653846153846,0.982456140350877,0.00333071380877703,"Uterine Carcinosarcoma","Primary Tumor"
"3298",0.31375,0.982456140350877,0.00332925134266315,"Uterine Carcinosarcoma","Primary Tumor"
"3299",0.313846153846154,0.982456140350877,0.00332736037273795,"Uterine Carcinosarcoma","Primary Tumor"
"3300",0.313942307692308,0.982456140350877,0.00332654443003422,"Uterine Carcinosarcoma","Primary Tumor"
"3301",0.314038461538462,0.982456140350877,0.00332334297352566,"Uterine Carcinosarcoma","Primary Tumor"
"3302",0.314134615384615,0.982456140350877,0.00332326658970927,"Uterine Carcinosarcoma","Primary Tumor"
"3303",0.314230769230769,0.982456140350877,0.00331918161172162,"Uterine Carcinosarcoma","Primary Tumor"
"3304",0.314423076923077,0.982456140350877,0.00331895297168028,"Uterine Carcinosarcoma","Primary Tumor"
"3305",0.314519230769231,0.982456140350877,0.00331485842669244,"Uterine Carcinosarcoma","Primary Tumor"
"3306",0.314615384615385,0.982456140350877,0.00331247571912507,"Uterine Carcinosarcoma","Primary Tumor"
"3307",0.314711538461538,0.982456140350877,0.00330910472706836,"Uterine Carcinosarcoma","Primary Tumor"
"3308",0.314807692307692,0.982456140350877,0.00330736115240615,"Uterine Carcinosarcoma","Primary Tumor"
"3309",0.314903846153846,0.982456140350877,0.00330714631924178,"Uterine Carcinosarcoma","Primary Tumor"
"3310",0.315,0.982456140350877,0.00330657703257864,"Uterine Carcinosarcoma","Primary Tumor"
"3311",0.315096153846154,0.982456140350877,0.00330430987010244,"Uterine Carcinosarcoma","Primary Tumor"
"3312",0.315192307692308,0.982456140350877,0.00330378568463441,"Uterine Carcinosarcoma","Primary Tumor"
"3313",0.315288461538462,0.982456140350877,0.00330120333167105,"Uterine Carcinosarcoma","Primary Tumor"
"3314",0.315480769230769,0.982456140350877,0.00330024289649333,"Uterine Carcinosarcoma","Primary Tumor"
"3315",0.315576923076923,0.982456140350877,0.00329885907972682,"Uterine Carcinosarcoma","Primary Tumor"
"3316",0.315673076923077,0.982456140350877,0.00329685303229088,"Uterine Carcinosarcoma","Primary Tumor"
"3317",0.315769230769231,0.982456140350877,0.00329666334195355,"Uterine Carcinosarcoma","Primary Tumor"
"3318",0.315865384615385,0.982456140350877,0.00329464103024324,"Uterine Carcinosarcoma","Primary Tumor"
"3319",0.315961538461538,0.982456140350877,0.0032939912921679,"Uterine Carcinosarcoma","Primary Tumor"
"3320",0.316057692307692,0.982456140350877,0.00329326592455281,"Uterine Carcinosarcoma","Primary Tumor"
"3321",0.316153846153846,0.982456140350877,0.00329266201867573,"Uterine Carcinosarcoma","Primary Tumor"
"3322",0.31625,0.982456140350877,0.00329208799602643,"Uterine Carcinosarcoma","Primary Tumor"
"3323",0.316346153846154,0.982456140350877,0.00329011451446326,"Uterine Carcinosarcoma","Primary Tumor"
"3324",0.316442307692308,0.982456140350877,0.00328968295136878,"Uterine Carcinosarcoma","Primary Tumor"
"3325",0.316538461538462,0.982456140350877,0.00328947446676642,"Uterine Carcinosarcoma","Primary Tumor"
"3326",0.316634615384615,0.982456140350877,0.00328731270139659,"Uterine Carcinosarcoma","Primary Tumor"
"3327",0.316730769230769,0.982456140350877,0.00328633256802002,"Uterine Carcinosarcoma","Primary Tumor"
"3328",0.316826923076923,0.982456140350877,0.00328559923534388,"Uterine Carcinosarcoma","Primary Tumor"
"3329",0.316923076923077,0.982456140350877,0.00328190423749508,"Uterine Carcinosarcoma","Primary Tumor"
"3330",0.317019230769231,0.982456140350877,0.00328127500293574,"Uterine Carcinosarcoma","Primary Tumor"
"3331",0.317115384615385,0.982456140350877,0.00327839228577687,"Uterine Carcinosarcoma","Primary Tumor"
"3332",0.317211538461538,0.982456140350877,0.00327725346987728,"Uterine Carcinosarcoma","Primary Tumor"
"3333",0.317307692307692,0.982456140350877,0.00327638887096682,"Uterine Carcinosarcoma","Primary Tumor"
"3334",0.317403846153846,0.982456140350877,0.00327529026192364,"Uterine Carcinosarcoma","Primary Tumor"
"3335",0.3175,0.982456140350877,0.00327471869247031,"Uterine Carcinosarcoma","Primary Tumor"
"3336",0.317596153846154,0.982456140350877,0.00327176904810811,"Uterine Carcinosarcoma","Primary Tumor"
"3337",0.317692307692308,0.982456140350877,0.00327115962043467,"Uterine Carcinosarcoma","Primary Tumor"
"3338",0.317788461538462,0.982456140350877,0.00327054377489289,"Uterine Carcinosarcoma","Primary Tumor"
"3339",0.317884615384615,0.982456140350877,0.00326965333364804,"Uterine Carcinosarcoma","Primary Tumor"
"3340",0.317980769230769,0.982456140350877,0.00326831571957831,"Uterine Carcinosarcoma","Primary Tumor"
"3341",0.318076923076923,0.982456140350877,0.00326746978031189,"Uterine Carcinosarcoma","Primary Tumor"
"3342",0.318173076923077,0.982456140350877,0.0032647109387216,"Uterine Carcinosarcoma","Primary Tumor"
"3343",0.318269230769231,0.982456140350877,0.00326263432362606,"Uterine Carcinosarcoma","Primary Tumor"
"3344",0.318365384615385,0.982456140350877,0.0032603431965369,"Uterine Carcinosarcoma","Primary Tumor"
"3345",0.318461538461538,0.982456140350877,0.00325966246193476,"Uterine Carcinosarcoma","Primary Tumor"
"3346",0.318557692307692,0.982456140350877,0.00325955358971486,"Uterine Carcinosarcoma","Primary Tumor"
"3347",0.318653846153846,0.982456140350877,0.00325927341546051,"Uterine Carcinosarcoma","Primary Tumor"
"3348",0.31875,0.982456140350877,0.00325852650506397,"Uterine Carcinosarcoma","Primary Tumor"
"3349",0.318846153846154,0.982456140350877,0.00325814913833666,"Uterine Carcinosarcoma","Primary Tumor"
"3350",0.318942307692308,0.982456140350877,0.00325714032450697,"Uterine Carcinosarcoma","Primary Tumor"
"3351",0.319038461538462,0.982456140350877,0.00325356970752222,"Uterine Carcinosarcoma","Primary Tumor"
"3352",0.319519230769231,0.982456140350877,0.00325342161150655,"Uterine Carcinosarcoma","Primary Tumor"
"3353",0.319615384615385,0.982456140350877,0.00325240125859338,"Uterine Carcinosarcoma","Primary Tumor"
"3354",0.319711538461538,0.982456140350877,0.00325179595572289,"Uterine Carcinosarcoma","Primary Tumor"
"3355",0.319807692307692,0.982456140350877,0.00324969298838562,"Uterine Carcinosarcoma","Primary Tumor"
"3356",0.319903846153846,0.982456140350877,0.00324750523627904,"Uterine Carcinosarcoma","Primary Tumor"
"3357",0.32,0.982456140350877,0.00324553691895724,"Uterine Carcinosarcoma","Primary Tumor"
"3358",0.320096153846154,0.982456140350877,0.00324486306532068,"Uterine Carcinosarcoma","Primary Tumor"
"3359",0.320192307692308,0.982456140350877,0.00324484864709196,"Uterine Carcinosarcoma","Primary Tumor"
"3360",0.320288461538462,0.982456140350877,0.00324307611231667,"Uterine Carcinosarcoma","Primary Tumor"
"3361",0.320384615384615,0.982456140350877,0.00324123770233375,"Uterine Carcinosarcoma","Primary Tumor"
"3362",0.320480769230769,0.982456140350877,0.0032401028336716,"Uterine Carcinosarcoma","Primary Tumor"
"3363",0.320576923076923,0.982456140350877,0.00323788723624796,"Uterine Carcinosarcoma","Primary Tumor"
"3364",0.320673076923077,0.982456140350877,0.00323593096717423,"Uterine Carcinosarcoma","Primary Tumor"
"3365",0.320769230769231,0.982456140350877,0.0032349423566399,"Uterine Carcinosarcoma","Primary Tumor"
"3366",0.320865384615385,0.982456140350877,0.00323469712821056,"Uterine Carcinosarcoma","Primary Tumor"
"3367",0.320961538461538,0.982456140350877,0.00323344428312,"Uterine Carcinosarcoma","Primary Tumor"
"3368",0.321057692307692,0.982456140350877,0.00323337137052682,"Uterine Carcinosarcoma","Primary Tumor"
"3369",0.321153846153846,0.982456140350877,0.00323296487490221,"Uterine Carcinosarcoma","Primary Tumor"
"3370",0.32125,0.982456140350877,0.00323293896013455,"Uterine Carcinosarcoma","Primary Tumor"
"3371",0.321346153846154,0.982456140350877,0.00323028446262896,"Uterine Carcinosarcoma","Primary Tumor"
"3372",0.321442307692308,0.982456140350877,0.00322917627538877,"Uterine Carcinosarcoma","Primary Tumor"
"3373",0.321538461538462,0.982456140350877,0.00322663464244677,"Uterine Carcinosarcoma","Primary Tumor"
"3374",0.321634615384615,0.982456140350877,0.0032265106118472,"Uterine Carcinosarcoma","Primary Tumor"
"3375",0.321730769230769,0.982456140350877,0.00322608664571233,"Uterine Carcinosarcoma","Primary Tumor"
"3376",0.321826923076923,0.982456140350877,0.00322590669848144,"Uterine Carcinosarcoma","Primary Tumor"
"3377",0.321923076923077,0.982456140350877,0.00322567952994712,"Uterine Carcinosarcoma","Primary Tumor"
"3378",0.322019230769231,0.982456140350877,0.00322468337106097,"Uterine Carcinosarcoma","Primary Tumor"
"3379",0.322115384615385,0.982456140350877,0.00322318257166332,"Uterine Carcinosarcoma","Primary Tumor"
"3380",0.322211538461538,0.982456140350877,0.00322259321999896,"Uterine Carcinosarcoma","Primary Tumor"
"3381",0.322307692307692,0.982456140350877,0.00322204688354721,"Uterine Carcinosarcoma","Primary Tumor"
"3382",0.322403846153846,0.982456140350877,0.00321995349808435,"Uterine Carcinosarcoma","Primary Tumor"
"3383",0.3225,0.982456140350877,0.00321929683909827,"Uterine Carcinosarcoma","Primary Tumor"
"3384",0.322596153846154,0.982456140350877,0.00321794993755009,"Uterine Carcinosarcoma","Primary Tumor"
"3385",0.322692307692308,0.982456140350877,0.00321747747643819,"Uterine Carcinosarcoma","Primary Tumor"
"3386",0.322788461538462,0.982456140350877,0.00321607810431812,"Uterine Carcinosarcoma","Primary Tumor"
"3387",0.322884615384615,0.982456140350877,0.00321600325861682,"Uterine Carcinosarcoma","Primary Tumor"
"3388",0.322980769230769,0.982456140350877,0.00321186923979977,"Uterine Carcinosarcoma","Primary Tumor"
"3389",0.323076923076923,0.982456140350877,0.0032114814055747,"Uterine Carcinosarcoma","Primary Tumor"
"3390",0.323173076923077,0.982456140350877,0.00320904234263497,"Uterine Carcinosarcoma","Primary Tumor"
"3391",0.323269230769231,0.982456140350877,0.00320806668576312,"Uterine Carcinosarcoma","Primary Tumor"
"3392",0.323365384615385,0.982456140350877,0.00320657438130589,"Uterine Carcinosarcoma","Primary Tumor"
"3393",0.323461538461538,0.982456140350877,0.00320569809255578,"Uterine Carcinosarcoma","Primary Tumor"
"3394",0.323557692307692,0.982456140350877,0.00320521035007482,"Uterine Carcinosarcoma","Primary Tumor"
"3395",0.323653846153846,0.982456140350877,0.00320487725301433,"Uterine Carcinosarcoma","Primary Tumor"
"3396",0.32375,0.982456140350877,0.00320446166109822,"Uterine Carcinosarcoma","Primary Tumor"
"3397",0.323846153846154,0.982456140350877,0.0032032670403076,"Uterine Carcinosarcoma","Primary Tumor"
"3398",0.323942307692308,0.982456140350877,0.00320274385052732,"Uterine Carcinosarcoma","Primary Tumor"
"3399",0.324038461538462,0.982456140350877,0.00320179897649187,"Uterine Carcinosarcoma","Primary Tumor"
"3400",0.324134615384615,0.982456140350877,0.00319953109010185,"Uterine Carcinosarcoma","Primary Tumor"
"3401",0.324230769230769,0.982456140350877,0.00319918311401468,"Uterine Carcinosarcoma","Primary Tumor"
"3402",0.324326923076923,0.982456140350877,0.00319844855136242,"Uterine Carcinosarcoma","Primary Tumor"
"3403",0.324423076923077,0.982456140350877,0.00319809779181912,"Uterine Carcinosarcoma","Primary Tumor"
"3404",0.324519230769231,0.982456140350877,0.0031963613788325,"Uterine Carcinosarcoma","Primary Tumor"
"3405",0.324615384615385,0.982456140350877,0.00319624276761477,"Uterine Carcinosarcoma","Primary Tumor"
"3406",0.324711538461538,0.982456140350877,0.00319476629759818,"Uterine Carcinosarcoma","Primary Tumor"
"3407",0.324807692307692,0.982456140350877,0.0031944220023864,"Uterine Carcinosarcoma","Primary Tumor"
"3408",0.324903846153846,0.982456140350877,0.0031934745167298,"Uterine Carcinosarcoma","Primary Tumor"
"3409",0.325,0.982456140350877,0.00319185571404612,"Uterine Carcinosarcoma","Primary Tumor"
"3410",0.325096153846154,0.982456140350877,0.00319167228614037,"Uterine Carcinosarcoma","Primary Tumor"
"3411",0.325192307692308,0.982456140350877,0.00318821533808333,"Uterine Carcinosarcoma","Primary Tumor"
"3412",0.325288461538462,0.982456140350877,0.00318812075578034,"Uterine Carcinosarcoma","Primary Tumor"
"3413",0.325384615384615,0.982456140350877,0.00318779192187524,"Uterine Carcinosarcoma","Primary Tumor"
"3414",0.325480769230769,0.982456140350877,0.00318417915665703,"Uterine Carcinosarcoma","Primary Tumor"
"3415",0.325576923076923,0.982456140350877,0.00318002769644032,"Uterine Carcinosarcoma","Primary Tumor"
"3416",0.325673076923077,0.982456140350877,0.0031794267965124,"Uterine Carcinosarcoma","Primary Tumor"
"3417",0.325769230769231,0.982456140350877,0.00317865085819036,"Uterine Carcinosarcoma","Primary Tumor"
"3418",0.325865384615385,0.982456140350877,0.00317692238402789,"Uterine Carcinosarcoma","Primary Tumor"
"3419",0.325961538461538,0.982456140350877,0.00317571480977241,"Uterine Carcinosarcoma","Primary Tumor"
"3420",0.326057692307692,0.982456140350877,0.00317523047439361,"Uterine Carcinosarcoma","Primary Tumor"
"3421",0.326153846153846,0.982456140350877,0.00317498166484198,"Uterine Carcinosarcoma","Primary Tumor"
"3422",0.32625,0.982456140350877,0.00317468596461945,"Uterine Carcinosarcoma","Primary Tumor"
"3423",0.326346153846154,0.982456140350877,0.00317468140669985,"Uterine Carcinosarcoma","Primary Tumor"
"3424",0.326442307692308,0.982456140350877,0.00317054441872699,"Uterine Carcinosarcoma","Primary Tumor"
"3425",0.326538461538462,0.982456140350877,0.00316793206187205,"Uterine Carcinosarcoma","Primary Tumor"
"3426",0.326634615384615,0.982456140350877,0.00316607888779108,"Uterine Carcinosarcoma","Primary Tumor"
"3427",0.326730769230769,0.982456140350877,0.00316574766868383,"Uterine Carcinosarcoma","Primary Tumor"
"3428",0.326826923076923,0.982456140350877,0.00316337492762298,"Uterine Carcinosarcoma","Primary Tumor"
"3429",0.326923076923077,0.982456140350877,0.00316246984528246,"Uterine Carcinosarcoma","Primary Tumor"
"3430",0.327019230769231,0.982456140350877,0.00316067842601619,"Uterine Carcinosarcoma","Primary Tumor"
"3431",0.327115384615385,0.982456140350877,0.00316037991207374,"Uterine Carcinosarcoma","Primary Tumor"
"3432",0.327211538461538,0.982456140350877,0.00315761571375472,"Uterine Carcinosarcoma","Primary Tumor"
"3433",0.327307692307692,0.982456140350877,0.00315643047966463,"Uterine Carcinosarcoma","Primary Tumor"
"3434",0.327403846153846,0.982456140350877,0.00315337174274322,"Uterine Carcinosarcoma","Primary Tumor"
"3435",0.3275,0.982456140350877,0.00315298931312402,"Uterine Carcinosarcoma","Primary Tumor"
"3436",0.327596153846154,0.982456140350877,0.0031508818740047,"Uterine Carcinosarcoma","Primary Tumor"
"3437",0.327692307692308,0.982456140350877,0.00314794093720194,"Uterine Carcinosarcoma","Primary Tumor"
"3438",0.327788461538462,0.982456140350877,0.00314718414284798,"Uterine Carcinosarcoma","Primary Tumor"
"3439",0.327884615384615,0.982456140350877,0.00314487337339253,"Uterine Carcinosarcoma","Primary Tumor"
"3440",0.327980769230769,0.982456140350877,0.00314358127716674,"Uterine Carcinosarcoma","Primary Tumor"
"3441",0.328076923076923,0.982456140350877,0.00314354436456588,"Uterine Carcinosarcoma","Primary Tumor"
"3442",0.328173076923077,0.982456140350877,0.00314146519651781,"Uterine Carcinosarcoma","Primary Tumor"
"3443",0.328269230769231,0.982456140350877,0.00314137865077369,"Uterine Carcinosarcoma","Primary Tumor"
"3444",0.328365384615385,0.982456140350877,0.00313780627797156,"Uterine Carcinosarcoma","Primary Tumor"
"3445",0.328461538461538,0.982456140350877,0.00313741565605841,"Uterine Carcinosarcoma","Primary Tumor"
"3446",0.328557692307692,0.982456140350877,0.00313540671171797,"Uterine Carcinosarcoma","Primary Tumor"
"3447",0.328653846153846,0.982456140350877,0.00313493498149653,"Uterine Carcinosarcoma","Primary Tumor"
"3448",0.32875,0.982456140350877,0.00313348056236329,"Uterine Carcinosarcoma","Primary Tumor"
"3449",0.328846153846154,0.982456140350877,0.00312964171702601,"Uterine Carcinosarcoma","Primary Tumor"
"3450",0.328942307692308,0.982456140350877,0.0031279159652452,"Uterine Carcinosarcoma","Primary Tumor"
"3451",0.329038461538462,0.982456140350877,0.00312584347859213,"Uterine Carcinosarcoma","Primary Tumor"
"3452",0.329230769230769,0.982456140350877,0.003125784439162,"Uterine Carcinosarcoma","Primary Tumor"
"3453",0.329326923076923,0.982456140350877,0.00312365084560706,"Uterine Carcinosarcoma","Primary Tumor"
"3454",0.329423076923077,0.982456140350877,0.00312322575498947,"Uterine Carcinosarcoma","Primary Tumor"
"3455",0.329519230769231,0.982456140350877,0.00312227889551575,"Uterine Carcinosarcoma","Primary Tumor"
"3456",0.329615384615385,0.982456140350877,0.00312168068151419,"Uterine Carcinosarcoma","Primary Tumor"
"3457",0.329711538461538,0.982456140350877,0.00311804307484265,"Uterine Carcinosarcoma","Primary Tumor"
"3458",0.329807692307692,0.982456140350877,0.00311709131100202,"Uterine Carcinosarcoma","Primary Tumor"
"3459",0.329903846153846,0.982456140350877,0.00311537274128648,"Uterine Carcinosarcoma","Primary Tumor"
"3460",0.33,0.982456140350877,0.00311504025667408,"Uterine Carcinosarcoma","Primary Tumor"
"3461",0.330096153846154,0.982456140350877,0.00311443125908195,"Uterine Carcinosarcoma","Primary Tumor"
"3462",0.330192307692308,0.982456140350877,0.00311354712610723,"Uterine Carcinosarcoma","Primary Tumor"
"3463",0.330288461538462,0.982456140350877,0.00311204685108524,"Uterine Carcinosarcoma","Primary Tumor"
"3464",0.330384615384615,0.982456140350877,0.00310890994349844,"Uterine Carcinosarcoma","Primary Tumor"
"3465",0.330480769230769,0.982456140350877,0.00310830849025823,"Uterine Carcinosarcoma","Primary Tumor"
"3466",0.330576923076923,0.982456140350877,0.00310806849531797,"Uterine Carcinosarcoma","Primary Tumor"
"3467",0.330673076923077,0.982456140350877,0.00310689363506966,"Uterine Carcinosarcoma","Primary Tumor"
"3468",0.330769230769231,0.982456140350877,0.00310482325753758,"Uterine Carcinosarcoma","Primary Tumor"
"3469",0.330865384615385,0.982456140350877,0.00310477084308303,"Uterine Carcinosarcoma","Primary Tumor"
"3470",0.330961538461538,0.982456140350877,0.00310409965186731,"Uterine Carcinosarcoma","Primary Tumor"
"3471",0.331057692307692,0.982456140350877,0.00310337013083761,"Uterine Carcinosarcoma","Primary Tumor"
"3472",0.331153846153846,0.982456140350877,0.00310328055589348,"Uterine Carcinosarcoma","Primary Tumor"
"3473",0.33125,0.982456140350877,0.00310144924397215,"Uterine Carcinosarcoma","Primary Tumor"
"3474",0.331346153846154,0.982456140350877,0.00310036419721271,"Uterine Carcinosarcoma","Primary Tumor"
"3475",0.331442307692308,0.982456140350877,0.00309859285995351,"Uterine Carcinosarcoma","Primary Tumor"
"3476",0.331538461538462,0.982456140350877,0.00309807112741611,"Uterine Carcinosarcoma","Primary Tumor"
"3477",0.331634615384615,0.982456140350877,0.00309488898169274,"Uterine Carcinosarcoma","Primary Tumor"
"3478",0.331730769230769,0.982456140350877,0.00309478646936456,"Uterine Carcinosarcoma","Primary Tumor"
"3479",0.331826923076923,0.982456140350877,0.00309297026305155,"Uterine Carcinosarcoma","Primary Tumor"
"3480",0.331923076923077,0.982456140350877,0.0030928690762021,"Uterine Carcinosarcoma","Primary Tumor"
"3481",0.332019230769231,0.982456140350877,0.00309222364359474,"Uterine Carcinosarcoma","Primary Tumor"
"3482",0.332115384615385,0.982456140350877,0.00309089436286059,"Uterine Carcinosarcoma","Primary Tumor"
"3483",0.332211538461538,0.982456140350877,0.00308953215338714,"Uterine Carcinosarcoma","Primary Tumor"
"3484",0.332307692307692,0.982456140350877,0.00308919935520613,"Uterine Carcinosarcoma","Primary Tumor"
"3485",0.332980769230769,0.982456140350877,0.00308895620429039,"Uterine Carcinosarcoma","Primary Tumor"
"3486",0.333076923076923,0.982456140350877,0.00308738065191971,"Uterine Carcinosarcoma","Primary Tumor"
"3487",0.333173076923077,0.982456140350877,0.00308616460398614,"Uterine Carcinosarcoma","Primary Tumor"
"3488",0.333269230769231,0.982456140350877,0.00308598304711172,"Uterine Carcinosarcoma","Primary Tumor"
"3489",0.333365384615385,0.982456140350877,0.00308516894050614,"Uterine Carcinosarcoma","Primary Tumor"
"3490",0.333653846153846,0.982456140350877,0.00308228924710929,"Uterine Carcinosarcoma","Primary Tumor"
"3491",0.33375,0.982456140350877,0.00307939456037354,"Uterine Carcinosarcoma","Primary Tumor"
"3492",0.333846153846154,0.982456140350877,0.00307413064150608,"Uterine Carcinosarcoma","Primary Tumor"
"3493",0.333942307692308,0.982456140350877,0.00307290382562142,"Uterine Carcinosarcoma","Primary Tumor"
"3494",0.334038461538462,0.982456140350877,0.00307267813918477,"Uterine Carcinosarcoma","Primary Tumor"
"3495",0.334134615384615,0.982456140350877,0.0030725027423042,"Uterine Carcinosarcoma","Primary Tumor"
"3496",0.334230769230769,0.982456140350877,0.00307047649397008,"Uterine Carcinosarcoma","Primary Tumor"
"3497",0.334326923076923,0.982456140350877,0.00306974344596511,"Uterine Carcinosarcoma","Primary Tumor"
"3498",0.334423076923077,0.982456140350877,0.00306876926050093,"Uterine Carcinosarcoma","Primary Tumor"
"3499",0.334519230769231,0.982456140350877,0.00306841076283793,"Uterine Carcinosarcoma","Primary Tumor"
"3500",0.334615384615385,0.982456140350877,0.0030679744671368,"Uterine Carcinosarcoma","Primary Tumor"
"3501",0.334711538461538,0.982456140350877,0.00306714309439171,"Uterine Carcinosarcoma","Primary Tumor"
"3502",0.334807692307692,0.982456140350877,0.00306534031651484,"Uterine Carcinosarcoma","Primary Tumor"
"3503",0.334903846153846,0.982456140350877,0.00306404222763745,"Uterine Carcinosarcoma","Primary Tumor"
"3504",0.335,0.982456140350877,0.00306386033770967,"Uterine Carcinosarcoma","Primary Tumor"
"3505",0.335096153846154,0.982456140350877,0.00306377449486828,"Uterine Carcinosarcoma","Primary Tumor"
"3506",0.335192307692308,0.982456140350877,0.00306187270414982,"Uterine Carcinosarcoma","Primary Tumor"
"3507",0.335288461538462,0.982456140350877,0.00305890170262724,"Uterine Carcinosarcoma","Primary Tumor"
"3508",0.335384615384615,0.982456140350877,0.00305820160330506,"Uterine Carcinosarcoma","Primary Tumor"
"3509",0.335480769230769,0.982456140350877,0.00305785479852916,"Uterine Carcinosarcoma","Primary Tumor"
"3510",0.335576923076923,0.982456140350877,0.00305250374049804,"Uterine Carcinosarcoma","Primary Tumor"
"3511",0.335673076923077,0.982456140350877,0.0030524004882283,"Uterine Carcinosarcoma","Primary Tumor"
"3512",0.335769230769231,0.982456140350877,0.00305165804294827,"Uterine Carcinosarcoma","Primary Tumor"
"3513",0.335865384615385,0.982456140350877,0.00305059078004566,"Uterine Carcinosarcoma","Primary Tumor"
"3514",0.335961538461538,0.982456140350877,0.00305000201526628,"Uterine Carcinosarcoma","Primary Tumor"
"3515",0.336057692307692,0.982456140350877,0.00304968614333245,"Uterine Carcinosarcoma","Primary Tumor"
"3516",0.336153846153846,0.982456140350877,0.00304946783152837,"Uterine Carcinosarcoma","Primary Tumor"
"3517",0.33625,0.982456140350877,0.00304905329031047,"Uterine Carcinosarcoma","Primary Tumor"
"3518",0.336346153846154,0.982456140350877,0.00304904224771385,"Uterine Carcinosarcoma","Primary Tumor"
"3519",0.336442307692308,0.982456140350877,0.0030461365343194,"Uterine Carcinosarcoma","Primary Tumor"
"3520",0.336538461538462,0.982456140350877,0.00304520190647617,"Uterine Carcinosarcoma","Primary Tumor"
"3521",0.336634615384615,0.982456140350877,0.00304485232333407,"Uterine Carcinosarcoma","Primary Tumor"
"3522",0.336730769230769,0.982456140350877,0.00303813128458463,"Uterine Carcinosarcoma","Primary Tumor"
"3523",0.336826923076923,0.982456140350877,0.00303753496558168,"Uterine Carcinosarcoma","Primary Tumor"
"3524",0.336923076923077,0.982456140350877,0.00303700771990001,"Uterine Carcinosarcoma","Primary Tumor"
"3525",0.337019230769231,0.982456140350877,0.00303667012378073,"Uterine Carcinosarcoma","Primary Tumor"
"3526",0.337115384615385,0.982456140350877,0.00303536280753136,"Uterine Carcinosarcoma","Primary Tumor"
"3527",0.337211538461538,0.982456140350877,0.00303508653628892,"Uterine Carcinosarcoma","Primary Tumor"
"3528",0.337307692307692,0.982456140350877,0.00303426936760487,"Uterine Carcinosarcoma","Primary Tumor"
"3529",0.337403846153846,0.982456140350877,0.0030341627646665,"Uterine Carcinosarcoma","Primary Tumor"
"3530",0.3375,0.982456140350877,0.00303398267037736,"Uterine Carcinosarcoma","Primary Tumor"
"3531",0.337596153846154,0.982456140350877,0.00303315635207912,"Uterine Carcinosarcoma","Primary Tumor"
"3532",0.337692307692308,0.982456140350877,0.00303305872592641,"Uterine Carcinosarcoma","Primary Tumor"
"3533",0.337788461538462,0.982456140350877,0.00303148934832986,"Uterine Carcinosarcoma","Primary Tumor"
"3534",0.337884615384615,0.982456140350877,0.00303141073213897,"Uterine Carcinosarcoma","Primary Tumor"
"3535",0.337980769230769,0.982456140350877,0.00302971185161505,"Uterine Carcinosarcoma","Primary Tumor"
"3536",0.338076923076923,0.982456140350877,0.00302958270155063,"Uterine Carcinosarcoma","Primary Tumor"
"3537",0.338173076923077,0.982456140350877,0.00302917399903646,"Uterine Carcinosarcoma","Primary Tumor"
"3538",0.338269230769231,0.982456140350877,0.0030284071073241,"Uterine Carcinosarcoma","Primary Tumor"
"3539",0.338365384615385,0.982456140350877,0.0030282685560048,"Uterine Carcinosarcoma","Primary Tumor"
"3540",0.338461538461538,0.982456140350877,0.00302743044298037,"Uterine Carcinosarcoma","Primary Tumor"
"3541",0.338557692307692,0.982456140350877,0.0030243874031084,"Uterine Carcinosarcoma","Primary Tumor"
"3542",0.338653846153846,0.982456140350877,0.00302373978931603,"Uterine Carcinosarcoma","Primary Tumor"
"3543",0.33875,0.982456140350877,0.00302370517432904,"Uterine Carcinosarcoma","Primary Tumor"
"3544",0.338846153846154,0.982456140350877,0.00302292738546739,"Uterine Carcinosarcoma","Primary Tumor"
"3545",0.338942307692308,0.982456140350877,0.00302268041729126,"Uterine Carcinosarcoma","Primary Tumor"
"3546",0.339038461538462,0.982456140350877,0.00302266295275289,"Uterine Carcinosarcoma","Primary Tumor"
"3547",0.339134615384615,0.982456140350877,0.00302169665089125,"Uterine Carcinosarcoma","Primary Tumor"
"3548",0.339230769230769,0.982456140350877,0.0030209213191833,"Uterine Carcinosarcoma","Primary Tumor"
"3549",0.339326923076923,0.982456140350877,0.00301841851671047,"Uterine Carcinosarcoma","Primary Tumor"
"3550",0.339423076923077,0.982456140350877,0.00301492334620823,"Uterine Carcinosarcoma","Primary Tumor"
"3551",0.339519230769231,0.982456140350877,0.00301457382136583,"Uterine Carcinosarcoma","Primary Tumor"
"3552",0.339615384615385,0.982456140350877,0.00301421409867686,"Uterine Carcinosarcoma","Primary Tumor"
"3553",0.339711538461538,0.982456140350877,0.00301356972761635,"Uterine Carcinosarcoma","Primary Tumor"
"3554",0.339807692307692,0.982456140350877,0.00301184199126558,"Uterine Carcinosarcoma","Primary Tumor"
"3555",0.339903846153846,0.982456140350877,0.00301163950355188,"Uterine Carcinosarcoma","Primary Tumor"
"3556",0.34,0.982456140350877,0.00300978386017192,"Uterine Carcinosarcoma","Primary Tumor"
"3557",0.340096153846154,0.982456140350877,0.00300847106323465,"Uterine Carcinosarcoma","Primary Tumor"
"3558",0.340192307692308,0.982456140350877,0.00300847031405227,"Uterine Carcinosarcoma","Primary Tumor"
"3559",0.340288461538462,0.982456140350877,0.00300687488486651,"Uterine Carcinosarcoma","Primary Tumor"
"3560",0.340384615384615,0.982456140350877,0.00300662747928027,"Uterine Carcinosarcoma","Primary Tumor"
"3561",0.340480769230769,0.982456140350877,0.00300573586119479,"Uterine Carcinosarcoma","Primary Tumor"
"3562",0.340576923076923,0.982456140350877,0.00300314448016381,"Uterine Carcinosarcoma","Primary Tumor"
"3563",0.340673076923077,0.982456140350877,0.00300285850303605,"Uterine Carcinosarcoma","Primary Tumor"
"3564",0.340769230769231,0.982456140350877,0.00300182735614907,"Uterine Carcinosarcoma","Primary Tumor"
"3565",0.340865384615385,0.982456140350877,0.00300158982648635,"Uterine Carcinosarcoma","Primary Tumor"
"3566",0.340961538461538,0.982456140350877,0.00299946996028333,"Uterine Carcinosarcoma","Primary Tumor"
"3567",0.341057692307692,0.982456140350877,0.00299944821465148,"Uterine Carcinosarcoma","Primary Tumor"
"3568",0.341153846153846,0.982456140350877,0.00299663619882096,"Uterine Carcinosarcoma","Primary Tumor"
"3569",0.341442307692308,0.982456140350877,0.00299650656928063,"Uterine Carcinosarcoma","Primary Tumor"
"3570",0.341538461538462,0.982456140350877,0.00299563002410086,"Uterine Carcinosarcoma","Primary Tumor"
"3571",0.341634615384615,0.982456140350877,0.00299455683151173,"Uterine Carcinosarcoma","Primary Tumor"
"3572",0.341730769230769,0.982456140350877,0.00299435976193185,"Uterine Carcinosarcoma","Primary Tumor"
"3573",0.342019230769231,0.982456140350877,0.00299420692996122,"Uterine Carcinosarcoma","Primary Tumor"
"3574",0.342115384615385,0.982456140350877,0.00299304141635492,"Uterine Carcinosarcoma","Primary Tumor"
"3575",0.342596153846154,0.982456140350877,0.00299272873600953,"Uterine Carcinosarcoma","Primary Tumor"
"3576",0.342692307692308,0.982456140350877,0.00299125135963285,"Uterine Carcinosarcoma","Primary Tumor"
"3577",0.342788461538462,0.982456140350877,0.00298995353274145,"Uterine Carcinosarcoma","Primary Tumor"
"3578",0.342884615384615,0.982456140350877,0.00298922583178385,"Uterine Carcinosarcoma","Primary Tumor"
"3579",0.342980769230769,0.982456140350877,0.00298868777637096,"Uterine Carcinosarcoma","Primary Tumor"
"3580",0.343461538461538,0.982456140350877,0.00298861454849653,"Uterine Carcinosarcoma","Primary Tumor"
"3581",0.343557692307692,0.982456140350877,0.00298795572514321,"Uterine Carcinosarcoma","Primary Tumor"
"3582",0.343653846153846,0.982456140350877,0.00298391922732244,"Uterine Carcinosarcoma","Primary Tumor"
"3583",0.34375,0.982456140350877,0.00298297091597477,"Uterine Carcinosarcoma","Primary Tumor"
"3584",0.343846153846154,0.982456140350877,0.00298251463153754,"Uterine Carcinosarcoma","Primary Tumor"
"3585",0.343942307692308,0.982456140350877,0.002980189892554,"Uterine Carcinosarcoma","Primary Tumor"
"3586",0.344038461538462,0.982456140350877,0.00297981514539047,"Uterine Carcinosarcoma","Primary Tumor"
"3587",0.344134615384615,0.982456140350877,0.00297974526677613,"Uterine Carcinosarcoma","Primary Tumor"
"3588",0.344230769230769,0.982456140350877,0.00297966324183663,"Uterine Carcinosarcoma","Primary Tumor"
"3589",0.344326923076923,0.982456140350877,0.00297904122566661,"Uterine Carcinosarcoma","Primary Tumor"
"3590",0.344423076923077,0.982456140350877,0.00297763394633999,"Uterine Carcinosarcoma","Primary Tumor"
"3591",0.344519230769231,0.982456140350877,0.00297751289969961,"Uterine Carcinosarcoma","Primary Tumor"
"3592",0.344615384615385,0.982456140350877,0.0029766150822832,"Uterine Carcinosarcoma","Primary Tumor"
"3593",0.344711538461538,0.982456140350877,0.00297569555145716,"Uterine Carcinosarcoma","Primary Tumor"
"3594",0.344807692307692,0.982456140350877,0.0029754314038799,"Uterine Carcinosarcoma","Primary Tumor"
"3595",0.344903846153846,0.982456140350877,0.00297392103062355,"Uterine Carcinosarcoma","Primary Tumor"
"3596",0.345,0.982456140350877,0.00297368078726123,"Uterine Carcinosarcoma","Primary Tumor"
"3597",0.345096153846154,0.982456140350877,0.00297332190800803,"Uterine Carcinosarcoma","Primary Tumor"
"3598",0.345192307692308,0.982456140350877,0.00297281375666436,"Uterine Carcinosarcoma","Primary Tumor"
"3599",0.345288461538462,0.982456140350877,0.00297218905166607,"Uterine Carcinosarcoma","Primary Tumor"
"3600",0.345384615384615,0.982456140350877,0.00297201534845193,"Uterine Carcinosarcoma","Primary Tumor"
"3601",0.345480769230769,0.982456140350877,0.0029714909070474,"Uterine Carcinosarcoma","Primary Tumor"
"3602",0.346442307692308,0.982456140350877,0.00296879909320058,"Uterine Carcinosarcoma","Primary Tumor"
"3603",0.346538461538462,0.982456140350877,0.00296821723770913,"Uterine Carcinosarcoma","Primary Tumor"
"3604",0.346634615384615,0.982456140350877,0.0029679537302344,"Uterine Carcinosarcoma","Primary Tumor"
"3605",0.346730769230769,0.982456140350877,0.00296725708174383,"Uterine Carcinosarcoma","Primary Tumor"
"3606",0.346826923076923,0.982456140350877,0.00296706906987365,"Uterine Carcinosarcoma","Primary Tumor"
"3607",0.346923076923077,0.982456140350877,0.0029670021662469,"Uterine Carcinosarcoma","Primary Tumor"
"3608",0.347019230769231,0.982456140350877,0.00296600348072351,"Uterine Carcinosarcoma","Primary Tumor"
"3609",0.347115384615385,0.982456140350877,0.00296588762926131,"Uterine Carcinosarcoma","Primary Tumor"
"3610",0.347211538461538,0.982456140350877,0.00296554562406903,"Uterine Carcinosarcoma","Primary Tumor"
"3611",0.347307692307692,0.982456140350877,0.00296538019731851,"Uterine Carcinosarcoma","Primary Tumor"
"3612",0.3475,0.982456140350877,0.00296362830957819,"Uterine Carcinosarcoma","Primary Tumor"
"3613",0.347596153846154,0.982456140350877,0.00296163089490276,"Uterine Carcinosarcoma","Primary Tumor"
"3614",0.347692307692308,0.982456140350877,0.00296117265442042,"Uterine Carcinosarcoma","Primary Tumor"
"3615",0.347788461538462,0.982456140350877,0.00296031904128446,"Uterine Carcinosarcoma","Primary Tumor"
"3616",0.347884615384615,0.982456140350877,0.00295997029773987,"Uterine Carcinosarcoma","Primary Tumor"
"3617",0.347980769230769,0.982456140350877,0.00295864128170642,"Uterine Carcinosarcoma","Primary Tumor"
"3618",0.348076923076923,0.982456140350877,0.00295767659423374,"Uterine Carcinosarcoma","Primary Tumor"
"3619",0.348173076923077,0.982456140350877,0.00295732459906628,"Uterine Carcinosarcoma","Primary Tumor"
"3620",0.348269230769231,0.982456140350877,0.00295412110009885,"Uterine Carcinosarcoma","Primary Tumor"
"3621",0.348365384615385,0.982456140350877,0.00295395703985135,"Uterine Carcinosarcoma","Primary Tumor"
"3622",0.348461538461538,0.982456140350877,0.00295282712299749,"Uterine Carcinosarcoma","Primary Tumor"
"3623",0.348557692307692,0.982456140350877,0.00295254342234919,"Uterine Carcinosarcoma","Primary Tumor"
"3624",0.348653846153846,0.982456140350877,0.00295135921413836,"Uterine Carcinosarcoma","Primary Tumor"
"3625",0.34875,0.982456140350877,0.00295083672094643,"Uterine Carcinosarcoma","Primary Tumor"
"3626",0.348846153846154,0.982456140350877,0.00295038573731821,"Uterine Carcinosarcoma","Primary Tumor"
"3627",0.348942307692308,0.982456140350877,0.0029499353448561,"Uterine Carcinosarcoma","Primary Tumor"
"3628",0.349038461538462,0.982456140350877,0.00294878474238858,"Uterine Carcinosarcoma","Primary Tumor"
"3629",0.349134615384615,0.982456140350877,0.00294734824098752,"Uterine Carcinosarcoma","Primary Tumor"
"3630",0.349230769230769,0.982456140350877,0.00294694595018508,"Uterine Carcinosarcoma","Primary Tumor"
"3631",0.349326923076923,0.982456140350877,0.00294652951682295,"Uterine Carcinosarcoma","Primary Tumor"
"3632",0.349423076923077,0.982456140350877,0.00294574806158565,"Uterine Carcinosarcoma","Primary Tumor"
"3633",0.349519230769231,0.982456140350877,0.00294527545841228,"Uterine Carcinosarcoma","Primary Tumor"
"3634",0.349615384615385,0.982456140350877,0.00294492336033692,"Uterine Carcinosarcoma","Primary Tumor"
"3635",0.349711538461538,0.982456140350877,0.00294436919367558,"Uterine Carcinosarcoma","Primary Tumor"
"3636",0.349903846153846,0.982456140350877,0.00294295255070087,"Uterine Carcinosarcoma","Primary Tumor"
"3637",0.35,0.982456140350877,0.00294285457545862,"Uterine Carcinosarcoma","Primary Tumor"
"3638",0.350096153846154,0.982456140350877,0.00293998215740443,"Uterine Carcinosarcoma","Primary Tumor"
"3639",0.350192307692308,0.982456140350877,0.00293933160688253,"Uterine Carcinosarcoma","Primary Tumor"
"3640",0.350288461538462,0.982456140350877,0.00293915338593842,"Uterine Carcinosarcoma","Primary Tumor"
"3641",0.350384615384615,0.982456140350877,0.00293908434123302,"Uterine Carcinosarcoma","Primary Tumor"
"3642",0.350480769230769,0.982456140350877,0.00293737721542564,"Uterine Carcinosarcoma","Primary Tumor"
"3643",0.350576923076923,0.982456140350877,0.00293727921326414,"Uterine Carcinosarcoma","Primary Tumor"
"3644",0.350673076923077,0.982456140350877,0.00293452594493093,"Uterine Carcinosarcoma","Primary Tumor"
"3645",0.350769230769231,0.982456140350877,0.00293377653318339,"Uterine Carcinosarcoma","Primary Tumor"
"3646",0.350865384615385,0.982456140350877,0.00293318894363626,"Uterine Carcinosarcoma","Primary Tumor"
"3647",0.350961538461538,0.982456140350877,0.002932467461499,"Uterine Carcinosarcoma","Primary Tumor"
"3648",0.351057692307692,0.982456140350877,0.00293211790281733,"Uterine Carcinosarcoma","Primary Tumor"
"3649",0.351153846153846,0.982456140350877,0.00293151965990601,"Uterine Carcinosarcoma","Primary Tumor"
"3650",0.35125,0.982456140350877,0.00293107888582,"Uterine Carcinosarcoma","Primary Tumor"
"3651",0.351346153846154,0.982456140350877,0.00292752413516661,"Uterine Carcinosarcoma","Primary Tumor"
"3652",0.351442307692308,0.982456140350877,0.00292742084283393,"Uterine Carcinosarcoma","Primary Tumor"
"3653",0.351538461538462,0.982456140350877,0.00292663484000344,"Uterine Carcinosarcoma","Primary Tumor"
"3654",0.351634615384615,0.982456140350877,0.00292645395005997,"Uterine Carcinosarcoma","Primary Tumor"
"3655",0.351730769230769,0.982456140350877,0.00292614048883666,"Uterine Carcinosarcoma","Primary Tumor"
"3656",0.351826923076923,0.982456140350877,0.00292514432954083,"Uterine Carcinosarcoma","Primary Tumor"
"3657",0.351923076923077,0.982456140350877,0.00292296750670096,"Uterine Carcinosarcoma","Primary Tumor"
"3658",0.352019230769231,0.982456140350877,0.00292254128750535,"Uterine Carcinosarcoma","Primary Tumor"
"3659",0.352115384615385,0.982456140350877,0.00292162700817689,"Uterine Carcinosarcoma","Primary Tumor"
"3660",0.352211538461538,0.982456140350877,0.00292131332623402,"Uterine Carcinosarcoma","Primary Tumor"
"3661",0.352307692307692,0.982456140350877,0.00292120865643719,"Uterine Carcinosarcoma","Primary Tumor"
"3662",0.352596153846154,0.982456140350877,0.00291938713879791,"Uterine Carcinosarcoma","Primary Tumor"
"3663",0.352692307692308,0.982456140350877,0.00291853511185891,"Uterine Carcinosarcoma","Primary Tumor"
"3664",0.352788461538462,0.982456140350877,0.0029172589468629,"Uterine Carcinosarcoma","Primary Tumor"
"3665",0.352884615384615,0.982456140350877,0.00291702825328077,"Uterine Carcinosarcoma","Primary Tumor"
"3666",0.352980769230769,0.982456140350877,0.00291481433982776,"Uterine Carcinosarcoma","Primary Tumor"
"3667",0.353076923076923,0.982456140350877,0.00291265945660402,"Uterine Carcinosarcoma","Primary Tumor"
"3668",0.353173076923077,0.982456140350877,0.00291209191567499,"Uterine Carcinosarcoma","Primary Tumor"
"3669",0.353269230769231,0.982456140350877,0.00291079479059453,"Uterine Carcinosarcoma","Primary Tumor"
"3670",0.353365384615385,0.982456140350877,0.00291046359977043,"Uterine Carcinosarcoma","Primary Tumor"
"3671",0.353461538461538,0.982456140350877,0.00291045136911539,"Uterine Carcinosarcoma","Primary Tumor"
"3672",0.353557692307692,0.982456140350877,0.002910036749463,"Uterine Carcinosarcoma","Primary Tumor"
"3673",0.353653846153846,0.982456140350877,0.00290591325735612,"Uterine Carcinosarcoma","Primary Tumor"
"3674",0.35375,0.982456140350877,0.00290426629140261,"Uterine Carcinosarcoma","Primary Tumor"
"3675",0.353846153846154,0.982456140350877,0.00290372801940708,"Uterine Carcinosarcoma","Primary Tumor"
"3676",0.353942307692308,0.982456140350877,0.00290291148227428,"Uterine Carcinosarcoma","Primary Tumor"
"3677",0.354038461538462,0.982456140350877,0.00290152430030444,"Uterine Carcinosarcoma","Primary Tumor"
"3678",0.354134615384615,0.982456140350877,0.00290125490198412,"Uterine Carcinosarcoma","Primary Tumor"
"3679",0.354230769230769,0.982456140350877,0.00290110905437557,"Uterine Carcinosarcoma","Primary Tumor"
"3680",0.354326923076923,0.982456140350877,0.00290102416706339,"Uterine Carcinosarcoma","Primary Tumor"
"3681",0.354423076923077,0.982456140350877,0.00289966512216533,"Uterine Carcinosarcoma","Primary Tumor"
"3682",0.354519230769231,0.982456140350877,0.00289899590744447,"Uterine Carcinosarcoma","Primary Tumor"
"3683",0.354615384615385,0.982456140350877,0.00289733507206957,"Uterine Carcinosarcoma","Primary Tumor"
"3684",0.354711538461538,0.982456140350877,0.00289668441832047,"Uterine Carcinosarcoma","Primary Tumor"
"3685",0.354807692307692,0.982456140350877,0.00289666119649057,"Uterine Carcinosarcoma","Primary Tumor"
"3686",0.354903846153846,0.982456140350877,0.00289639816213605,"Uterine Carcinosarcoma","Primary Tumor"
"3687",0.355,0.982456140350877,0.00289578211671193,"Uterine Carcinosarcoma","Primary Tumor"
"3688",0.355096153846154,0.982456140350877,0.00289535557274323,"Uterine Carcinosarcoma","Primary Tumor"
"3689",0.355192307692308,0.982456140350877,0.00289360571692621,"Uterine Carcinosarcoma","Primary Tumor"
"3690",0.355288461538462,0.982456140350877,0.0028932267351971,"Uterine Carcinosarcoma","Primary Tumor"
"3691",0.355384615384615,0.982456140350877,0.00289251131673773,"Uterine Carcinosarcoma","Primary Tumor"
"3692",0.355480769230769,0.982456140350877,0.0028915195627347,"Uterine Carcinosarcoma","Primary Tumor"
"3693",0.355576923076923,0.982456140350877,0.00288885033897279,"Uterine Carcinosarcoma","Primary Tumor"
"3694",0.355673076923077,0.982456140350877,0.00288627522577511,"Uterine Carcinosarcoma","Primary Tumor"
"3695",0.355769230769231,0.982456140350877,0.00288624367791468,"Uterine Carcinosarcoma","Primary Tumor"
"3696",0.355865384615385,0.982456140350877,0.0028848223950797,"Uterine Carcinosarcoma","Primary Tumor"
"3697",0.355961538461538,0.982456140350877,0.00288478086643085,"Uterine Carcinosarcoma","Primary Tumor"
"3698",0.356057692307692,0.982456140350877,0.00288253381948034,"Uterine Carcinosarcoma","Primary Tumor"
"3699",0.356153846153846,0.982456140350877,0.00288078390440971,"Uterine Carcinosarcoma","Primary Tumor"
"3700",0.35625,0.982456140350877,0.00288013750051375,"Uterine Carcinosarcoma","Primary Tumor"
"3701",0.356442307692308,0.982456140350877,0.00287946606942269,"Uterine Carcinosarcoma","Primary Tumor"
"3702",0.356538461538462,0.982456140350877,0.00287932331357876,"Uterine Carcinosarcoma","Primary Tumor"
"3703",0.356634615384615,0.982456140350877,0.00287831691498974,"Uterine Carcinosarcoma","Primary Tumor"
"3704",0.356730769230769,0.982456140350877,0.00287714828513363,"Uterine Carcinosarcoma","Primary Tumor"
"3705",0.356826923076923,0.982456140350877,0.00287714224281244,"Uterine Carcinosarcoma","Primary Tumor"
"3706",0.356923076923077,0.982456140350877,0.00287614018932336,"Uterine Carcinosarcoma","Primary Tumor"
"3707",0.357019230769231,0.982456140350877,0.0028746161121056,"Uterine Carcinosarcoma","Primary Tumor"
"3708",0.357115384615385,0.982456140350877,0.00287399397046262,"Uterine Carcinosarcoma","Primary Tumor"
"3709",0.357211538461538,0.982456140350877,0.00287280663555245,"Uterine Carcinosarcoma","Primary Tumor"
"3710",0.357307692307692,0.982456140350877,0.00287258787671052,"Uterine Carcinosarcoma","Primary Tumor"
"3711",0.357403846153846,0.982456140350877,0.00287243774096058,"Uterine Carcinosarcoma","Primary Tumor"
"3712",0.3575,0.982456140350877,0.00287173478446423,"Uterine Carcinosarcoma","Primary Tumor"
"3713",0.357596153846154,0.982456140350877,0.00287127086066952,"Uterine Carcinosarcoma","Primary Tumor"
"3714",0.357692307692308,0.982456140350877,0.00286910645413396,"Uterine Carcinosarcoma","Primary Tumor"
"3715",0.357788461538462,0.982456140350877,0.00286909162072313,"Uterine Carcinosarcoma","Primary Tumor"
"3716",0.357884615384615,0.982456140350877,0.00286879312194765,"Uterine Carcinosarcoma","Primary Tumor"
"3717",0.357980769230769,0.982456140350877,0.00286840142632117,"Uterine Carcinosarcoma","Primary Tumor"
"3718",0.358076923076923,0.982456140350877,0.00286713987103027,"Uterine Carcinosarcoma","Primary Tumor"
"3719",0.358173076923077,0.982456140350877,0.00286564443357584,"Uterine Carcinosarcoma","Primary Tumor"
"3720",0.358269230769231,0.982456140350877,0.00286523179508491,"Uterine Carcinosarcoma","Primary Tumor"
"3721",0.358461538461538,0.982456140350877,0.00286394613375951,"Uterine Carcinosarcoma","Primary Tumor"
"3722",0.358557692307692,0.982456140350877,0.00286252409217225,"Uterine Carcinosarcoma","Primary Tumor"
"3723",0.358653846153846,0.982456140350877,0.00286005060705263,"Uterine Carcinosarcoma","Primary Tumor"
"3724",0.35875,0.982456140350877,0.00285932031277447,"Uterine Carcinosarcoma","Primary Tumor"
"3725",0.358846153846154,0.982456140350877,0.00285927570334399,"Uterine Carcinosarcoma","Primary Tumor"
"3726",0.358942307692308,0.982456140350877,0.00285904237231616,"Uterine Carcinosarcoma","Primary Tumor"
"3727",0.359038461538462,0.982456140350877,0.00285731778391196,"Uterine Carcinosarcoma","Primary Tumor"
"3728",0.359134615384615,0.982456140350877,0.00285717221165749,"Uterine Carcinosarcoma","Primary Tumor"
"3729",0.359230769230769,0.982456140350877,0.00285593575040777,"Uterine Carcinosarcoma","Primary Tumor"
"3730",0.359326923076923,0.982456140350877,0.00285474533301133,"Uterine Carcinosarcoma","Primary Tumor"
"3731",0.359423076923077,0.982456140350877,0.00285456519384608,"Uterine Carcinosarcoma","Primary Tumor"
"3732",0.359519230769231,0.982456140350877,0.00285198805928444,"Uterine Carcinosarcoma","Primary Tumor"
"3733",0.359615384615385,0.982456140350877,0.00285080867216914,"Uterine Carcinosarcoma","Primary Tumor"
"3734",0.359711538461538,0.982456140350877,0.00285040018345006,"Uterine Carcinosarcoma","Primary Tumor"
"3735",0.359807692307692,0.982456140350877,0.00285007744301646,"Uterine Carcinosarcoma","Primary Tumor"
"3736",0.359903846153846,0.982456140350877,0.00284663756063719,"Uterine Carcinosarcoma","Primary Tumor"
"3737",0.36,0.982456140350877,0.00284651305018013,"Uterine Carcinosarcoma","Primary Tumor"
"3738",0.360096153846154,0.982456140350877,0.00284603585138932,"Uterine Carcinosarcoma","Primary Tumor"
"3739",0.360192307692308,0.982456140350877,0.00284537496414394,"Uterine Carcinosarcoma","Primary Tumor"
"3740",0.360288461538462,0.982456140350877,0.00284509905245167,"Uterine Carcinosarcoma","Primary Tumor"
"3741",0.360384615384615,0.982456140350877,0.00284291910806289,"Uterine Carcinosarcoma","Primary Tumor"
"3742",0.360480769230769,0.982456140350877,0.00284287550044826,"Uterine Carcinosarcoma","Primary Tumor"
"3743",0.360576923076923,0.982456140350877,0.00284168574267385,"Uterine Carcinosarcoma","Primary Tumor"
"3744",0.360673076923077,0.982456140350877,0.00284154428131722,"Uterine Carcinosarcoma","Primary Tumor"
"3745",0.360769230769231,0.982456140350877,0.00284151507461183,"Uterine Carcinosarcoma","Primary Tumor"
"3746",0.360865384615385,0.982456140350877,0.00283985414233567,"Uterine Carcinosarcoma","Primary Tumor"
"3747",0.360961538461538,0.982456140350877,0.00283791241970266,"Uterine Carcinosarcoma","Primary Tumor"
"3748",0.361057692307692,0.982456140350877,0.00283778606348695,"Uterine Carcinosarcoma","Primary Tumor"
"3749",0.361538461538462,0.982456140350877,0.00283696742591388,"Uterine Carcinosarcoma","Primary Tumor"
"3750",0.361634615384615,0.982456140350877,0.0028358532115571,"Uterine Carcinosarcoma","Primary Tumor"
"3751",0.361730769230769,0.982456140350877,0.00283572949666278,"Uterine Carcinosarcoma","Primary Tumor"
"3752",0.361826923076923,0.982456140350877,0.00283572666850906,"Uterine Carcinosarcoma","Primary Tumor"
"3753",0.361923076923077,0.982456140350877,0.00283436571513773,"Uterine Carcinosarcoma","Primary Tumor"
"3754",0.362019230769231,0.982456140350877,0.002831492957733,"Uterine Carcinosarcoma","Primary Tumor"
"3755",0.362115384615385,0.982456140350877,0.00283119121988684,"Uterine Carcinosarcoma","Primary Tumor"
"3756",0.362211538461538,0.982456140350877,0.00283043269691707,"Uterine Carcinosarcoma","Primary Tumor"
"3757",0.362596153846154,0.982456140350877,0.00283027223502996,"Uterine Carcinosarcoma","Primary Tumor"
"3758",0.362692307692308,0.982456140350877,0.00282996020332404,"Uterine Carcinosarcoma","Primary Tumor"
"3759",0.362788461538462,0.982456140350877,0.00282986404713159,"Uterine Carcinosarcoma","Primary Tumor"
"3760",0.362884615384615,0.982456140350877,0.00282841599550276,"Uterine Carcinosarcoma","Primary Tumor"
"3761",0.362980769230769,0.982456140350877,0.00282778051191634,"Uterine Carcinosarcoma","Primary Tumor"
"3762",0.363076923076923,0.982456140350877,0.00282541081064436,"Uterine Carcinosarcoma","Primary Tumor"
"3763",0.363173076923077,0.982456140350877,0.00282455323555764,"Uterine Carcinosarcoma","Primary Tumor"
"3764",0.363269230769231,0.982456140350877,0.00282267279844373,"Uterine Carcinosarcoma","Primary Tumor"
"3765",0.363365384615385,0.982456140350877,0.00282258919516387,"Uterine Carcinosarcoma","Primary Tumor"
"3766",0.363461538461538,0.982456140350877,0.00282205646004241,"Uterine Carcinosarcoma","Primary Tumor"
"3767",0.363557692307692,0.982456140350877,0.00282123440653614,"Uterine Carcinosarcoma","Primary Tumor"
"3768",0.363653846153846,0.982456140350877,0.00282063523568066,"Uterine Carcinosarcoma","Primary Tumor"
"3769",0.36375,0.982456140350877,0.00281968643177988,"Uterine Carcinosarcoma","Primary Tumor"
"3770",0.363846153846154,0.982456140350877,0.00281962061735253,"Uterine Carcinosarcoma","Primary Tumor"
"3771",0.363942307692308,0.982456140350877,0.00281566704055192,"Uterine Carcinosarcoma","Primary Tumor"
"3772",0.364038461538462,0.982456140350877,0.00281565198300571,"Uterine Carcinosarcoma","Primary Tumor"
"3773",0.364134615384615,0.982456140350877,0.00281471261897726,"Uterine Carcinosarcoma","Primary Tumor"
"3774",0.364230769230769,0.982456140350877,0.00281331947268249,"Uterine Carcinosarcoma","Primary Tumor"
"3775",0.364519230769231,0.982456140350877,0.00281299461142115,"Uterine Carcinosarcoma","Primary Tumor"
"3776",0.364615384615385,0.982456140350877,0.0028129373650756,"Uterine Carcinosarcoma","Primary Tumor"
"3777",0.364711538461538,0.982456140350877,0.00281125573180252,"Uterine Carcinosarcoma","Primary Tumor"
"3778",0.364807692307692,0.982456140350877,0.00281119285064979,"Uterine Carcinosarcoma","Primary Tumor"
"3779",0.364903846153846,0.982456140350877,0.00281117271130327,"Uterine Carcinosarcoma","Primary Tumor"
"3780",0.365,0.982456140350877,0.00280972239662913,"Uterine Carcinosarcoma","Primary Tumor"
"3781",0.365096153846154,0.982456140350877,0.00280932084574614,"Uterine Carcinosarcoma","Primary Tumor"
"3782",0.365192307692308,0.982456140350877,0.00280854203347736,"Uterine Carcinosarcoma","Primary Tumor"
"3783",0.365288461538462,0.982456140350877,0.00280843684215293,"Uterine Carcinosarcoma","Primary Tumor"
"3784",0.365384615384615,0.982456140350877,0.00280792037387545,"Uterine Carcinosarcoma","Primary Tumor"
"3785",0.365480769230769,0.982456140350877,0.0028078974856931,"Uterine Carcinosarcoma","Primary Tumor"
"3786",0.365576923076923,0.982456140350877,0.00280642686959753,"Uterine Carcinosarcoma","Primary Tumor"
"3787",0.365673076923077,0.982456140350877,0.00280422217027931,"Uterine Carcinosarcoma","Primary Tumor"
"3788",0.365769230769231,0.982456140350877,0.00280408936046384,"Uterine Carcinosarcoma","Primary Tumor"
"3789",0.365865384615385,0.982456140350877,0.00280268876696754,"Uterine Carcinosarcoma","Primary Tumor"
"3790",0.365961538461538,0.982456140350877,0.00280171600843937,"Uterine Carcinosarcoma","Primary Tumor"
"3791",0.366057692307692,0.982456140350877,0.00280115866770236,"Uterine Carcinosarcoma","Primary Tumor"
"3792",0.366153846153846,0.982456140350877,0.00280044503608701,"Uterine Carcinosarcoma","Primary Tumor"
"3793",0.36625,0.982456140350877,0.00279990852268441,"Uterine Carcinosarcoma","Primary Tumor"
"3794",0.366346153846154,0.982456140350877,0.00279987601991349,"Uterine Carcinosarcoma","Primary Tumor"
"3795",0.366442307692308,0.982456140350877,0.00279877093292047,"Uterine Carcinosarcoma","Primary Tumor"
"3796",0.366538461538462,0.982456140350877,0.00279741398810984,"Uterine Carcinosarcoma","Primary Tumor"
"3797",0.366634615384615,0.982456140350877,0.00279676748886393,"Uterine Carcinosarcoma","Primary Tumor"
"3798",0.366923076923077,0.982456140350877,0.00279596019423878,"Uterine Carcinosarcoma","Primary Tumor"
"3799",0.367019230769231,0.982456140350877,0.00279522110592945,"Uterine Carcinosarcoma","Primary Tumor"
"3800",0.367115384615385,0.982456140350877,0.00279322766929746,"Uterine Carcinosarcoma","Primary Tumor"
"3801",0.367211538461538,0.982456140350877,0.00279292738453085,"Uterine Carcinosarcoma","Primary Tumor"
"3802",0.367307692307692,0.982456140350877,0.00279166890558713,"Uterine Carcinosarcoma","Primary Tumor"
"3803",0.367403846153846,0.982456140350877,0.00279082685362986,"Uterine Carcinosarcoma","Primary Tumor"
"3804",0.3675,0.982456140350877,0.00278892345819259,"Uterine Carcinosarcoma","Primary Tumor"
"3805",0.367596153846154,0.982456140350877,0.00278818946803616,"Uterine Carcinosarcoma","Primary Tumor"
"3806",0.367692307692308,0.982456140350877,0.00278748961237729,"Uterine Carcinosarcoma","Primary Tumor"
"3807",0.367980769230769,0.982456140350877,0.00278668286149697,"Uterine Carcinosarcoma","Primary Tumor"
"3808",0.368076923076923,0.982456140350877,0.00278647143490385,"Uterine Carcinosarcoma","Primary Tumor"
"3809",0.368173076923077,0.982456140350877,0.00278596112183294,"Uterine Carcinosarcoma","Primary Tumor"
"3810",0.368269230769231,0.982456140350877,0.00278440906327548,"Uterine Carcinosarcoma","Primary Tumor"
"3811",0.368365384615385,0.982456140350877,0.00278380754267449,"Uterine Carcinosarcoma","Primary Tumor"
"3812",0.368461538461538,0.982456140350877,0.00278270348762277,"Uterine Carcinosarcoma","Primary Tumor"
"3813",0.368557692307692,0.982456140350877,0.00278242769250459,"Uterine Carcinosarcoma","Primary Tumor"
"3814",0.368653846153846,0.982456140350877,0.00278228429075777,"Uterine Carcinosarcoma","Primary Tumor"
"3815",0.36875,0.982456140350877,0.00278224375520408,"Uterine Carcinosarcoma","Primary Tumor"
"3816",0.369038461538462,0.982456140350877,0.00278087658020731,"Uterine Carcinosarcoma","Primary Tumor"
"3817",0.369134615384615,0.982456140350877,0.00278057720702152,"Uterine Carcinosarcoma","Primary Tumor"
"3818",0.369230769230769,0.982456140350877,0.002780346899386,"Uterine Carcinosarcoma","Primary Tumor"
"3819",0.369326923076923,0.982456140350877,0.00278031433078563,"Uterine Carcinosarcoma","Primary Tumor"
"3820",0.369423076923077,0.982456140350877,0.00277916969985348,"Uterine Carcinosarcoma","Primary Tumor"
"3821",0.369519230769231,0.982456140350877,0.00277857975695761,"Uterine Carcinosarcoma","Primary Tumor"
"3822",0.369615384615385,0.982456140350877,0.00277797209692054,"Uterine Carcinosarcoma","Primary Tumor"
"3823",0.369711538461538,0.982456140350877,0.00277680227913057,"Uterine Carcinosarcoma","Primary Tumor"
"3824",0.369807692307692,0.982456140350877,0.00277594434711281,"Uterine Carcinosarcoma","Primary Tumor"
"3825",0.369903846153846,0.982456140350877,0.00277402627921863,"Uterine Carcinosarcoma","Primary Tumor"
"3826",0.37,0.982456140350877,0.00277214666766268,"Uterine Carcinosarcoma","Primary Tumor"
"3827",0.370096153846154,0.982456140350877,0.00277178696641012,"Uterine Carcinosarcoma","Primary Tumor"
"3828",0.370192307692308,0.982456140350877,0.00277172122858549,"Uterine Carcinosarcoma","Primary Tumor"
"3829",0.370288461538462,0.982456140350877,0.002771531644709,"Uterine Carcinosarcoma","Primary Tumor"
"3830",0.370384615384615,0.982456140350877,0.00277094044255577,"Uterine Carcinosarcoma","Primary Tumor"
"3831",0.370480769230769,0.982456140350877,0.00277075535982896,"Uterine Carcinosarcoma","Primary Tumor"
"3832",0.370576923076923,0.982456140350877,0.00277002286942429,"Uterine Carcinosarcoma","Primary Tumor"
"3833",0.370673076923077,0.982456140350877,0.00276868415368525,"Uterine Carcinosarcoma","Primary Tumor"
"3834",0.370769230769231,0.982456140350877,0.00276709328318381,"Uterine Carcinosarcoma","Primary Tumor"
"3835",0.370865384615385,0.982456140350877,0.00276615754938048,"Uterine Carcinosarcoma","Primary Tumor"
"3836",0.370961538461538,0.982456140350877,0.00276557076544059,"Uterine Carcinosarcoma","Primary Tumor"
"3837",0.371057692307692,0.982456140350877,0.00276542799767387,"Uterine Carcinosarcoma","Primary Tumor"
"3838",0.371153846153846,0.982456140350877,0.00276474628913681,"Uterine Carcinosarcoma","Primary Tumor"
"3839",0.37125,0.982456140350877,0.00276289293140575,"Uterine Carcinosarcoma","Primary Tumor"
"3840",0.372019230769231,0.982456140350877,0.00276157841230329,"Uterine Carcinosarcoma","Primary Tumor"
"3841",0.372115384615385,0.982456140350877,0.00276054169267193,"Uterine Carcinosarcoma","Primary Tumor"
"3842",0.372307692307692,0.982456140350877,0.00276008931811833,"Uterine Carcinosarcoma","Primary Tumor"
"3843",0.372403846153846,0.982456140350877,0.00275998798152988,"Uterine Carcinosarcoma","Primary Tumor"
"3844",0.3725,0.982456140350877,0.00275889686341591,"Uterine Carcinosarcoma","Primary Tumor"
"3845",0.372596153846154,0.982456140350877,0.00275886355578325,"Uterine Carcinosarcoma","Primary Tumor"
"3846",0.372692307692308,0.982456140350877,0.00275862946875027,"Uterine Carcinosarcoma","Primary Tumor"
"3847",0.372788461538462,0.982456140350877,0.0027574325705384,"Uterine Carcinosarcoma","Primary Tumor"
"3848",0.372884615384615,0.982456140350877,0.00275657708628563,"Uterine Carcinosarcoma","Primary Tumor"
"3849",0.372980769230769,0.982456140350877,0.00275556418350897,"Uterine Carcinosarcoma","Primary Tumor"
"3850",0.37375,0.982456140350877,0.00275477959261849,"Uterine Carcinosarcoma","Primary Tumor"
"3851",0.373846153846154,0.982456140350877,0.00275403751192982,"Uterine Carcinosarcoma","Primary Tumor"
"3852",0.373942307692308,0.982456140350877,0.00275189374148022,"Uterine Carcinosarcoma","Primary Tumor"
"3853",0.374038461538462,0.982456140350877,0.00275132731475913,"Uterine Carcinosarcoma","Primary Tumor"
"3854",0.374134615384615,0.982456140350877,0.00275032928468644,"Uterine Carcinosarcoma","Primary Tumor"
"3855",0.374326923076923,0.982456140350877,0.00274969279701909,"Uterine Carcinosarcoma","Primary Tumor"
"3856",0.374423076923077,0.982456140350877,0.00274794468943584,"Uterine Carcinosarcoma","Primary Tumor"
"3857",0.374519230769231,0.982456140350877,0.00274426911495274,"Uterine Carcinosarcoma","Primary Tumor"
"3858",0.374615384615385,0.982456140350877,0.00274270400531273,"Uterine Carcinosarcoma","Primary Tumor"
"3859",0.374807692307692,0.982456140350877,0.00274269802294502,"Uterine Carcinosarcoma","Primary Tumor"
"3860",0.374903846153846,0.982456140350877,0.00274195239395303,"Uterine Carcinosarcoma","Primary Tumor"
"3861",0.375,0.982456140350877,0.00274165738370691,"Uterine Carcinosarcoma","Primary Tumor"
"3862",0.375096153846154,0.982456140350877,0.00274153656242293,"Uterine Carcinosarcoma","Primary Tumor"
"3863",0.375192307692308,0.982456140350877,0.00274152999324995,"Uterine Carcinosarcoma","Primary Tumor"
"3864",0.375288461538462,0.982456140350877,0.00274065117598221,"Uterine Carcinosarcoma","Primary Tumor"
"3865",0.375480769230769,0.982456140350877,0.00273975731173182,"Uterine Carcinosarcoma","Primary Tumor"
"3866",0.375576923076923,0.982456140350877,0.00273867140905182,"Uterine Carcinosarcoma","Primary Tumor"
"3867",0.375673076923077,0.982456140350877,0.00273842643226907,"Uterine Carcinosarcoma","Primary Tumor"
"3868",0.375769230769231,0.982456140350877,0.00273809529191305,"Uterine Carcinosarcoma","Primary Tumor"
"3869",0.375865384615385,0.982456140350877,0.00273753014489908,"Uterine Carcinosarcoma","Primary Tumor"
"3870",0.375961538461538,0.982456140350877,0.00273737247932471,"Uterine Carcinosarcoma","Primary Tumor"
"3871",0.376057692307692,0.982456140350877,0.0027372922660901,"Uterine Carcinosarcoma","Primary Tumor"
"3872",0.376442307692308,0.982456140350877,0.00273545125718466,"Uterine Carcinosarcoma","Primary Tumor"
"3873",0.376538461538462,0.982456140350877,0.00273458451099329,"Uterine Carcinosarcoma","Primary Tumor"
"3874",0.376634615384615,0.982456140350877,0.00273448117386832,"Uterine Carcinosarcoma","Primary Tumor"
"3875",0.376730769230769,0.982456140350877,0.00273445313926435,"Uterine Carcinosarcoma","Primary Tumor"
"3876",0.376826923076923,0.982456140350877,0.00273421782830729,"Uterine Carcinosarcoma","Primary Tumor"
"3877",0.376923076923077,0.982456140350877,0.00273413846481929,"Uterine Carcinosarcoma","Primary Tumor"
"3878",0.377019230769231,0.982456140350877,0.0027335917248883,"Uterine Carcinosarcoma","Primary Tumor"
"3879",0.377115384615385,0.982456140350877,0.00273328063726375,"Uterine Carcinosarcoma","Primary Tumor"
"3880",0.377211538461538,0.982456140350877,0.00273263595943241,"Uterine Carcinosarcoma","Primary Tumor"
"3881",0.377307692307692,0.982456140350877,0.00273218182148094,"Uterine Carcinosarcoma","Primary Tumor"
"3882",0.377403846153846,0.982456140350877,0.00273209413891529,"Uterine Carcinosarcoma","Primary Tumor"
"3883",0.3775,0.982456140350877,0.00273037267952903,"Uterine Carcinosarcoma","Primary Tumor"
"3884",0.377596153846154,0.982456140350877,0.00273001619059454,"Uterine Carcinosarcoma","Primary Tumor"
"3885",0.377692307692308,0.982456140350877,0.00272874458755878,"Uterine Carcinosarcoma","Primary Tumor"
"3886",0.377788461538462,0.982456140350877,0.00272856080589023,"Uterine Carcinosarcoma","Primary Tumor"
"3887",0.377884615384615,0.982456140350877,0.00272844208587941,"Uterine Carcinosarcoma","Primary Tumor"
"3888",0.377980769230769,0.982456140350877,0.00272798323877865,"Uterine Carcinosarcoma","Primary Tumor"
"3889",0.378076923076923,0.982456140350877,0.00272760566480446,"Uterine Carcinosarcoma","Primary Tumor"
"3890",0.378173076923077,0.982456140350877,0.00272754485793203,"Uterine Carcinosarcoma","Primary Tumor"
"3891",0.378269230769231,0.982456140350877,0.00272592014007744,"Uterine Carcinosarcoma","Primary Tumor"
"3892",0.378365384615385,0.982456140350877,0.00272547004869783,"Uterine Carcinosarcoma","Primary Tumor"
"3893",0.378461538461538,0.982456140350877,0.00272323916167727,"Uterine Carcinosarcoma","Primary Tumor"
"3894",0.378557692307692,0.982456140350877,0.00272263221641611,"Uterine Carcinosarcoma","Primary Tumor"
"3895",0.378653846153846,0.982456140350877,0.00272233785129383,"Uterine Carcinosarcoma","Primary Tumor"
"3896",0.37875,0.982456140350877,0.00271983352234595,"Uterine Carcinosarcoma","Primary Tumor"
"3897",0.378846153846154,0.982456140350877,0.00271941625018501,"Uterine Carcinosarcoma","Primary Tumor"
"3898",0.378942307692308,0.982456140350877,0.00271941160911426,"Uterine Carcinosarcoma","Primary Tumor"
"3899",0.379038461538462,0.982456140350877,0.00271941098752182,"Uterine Carcinosarcoma","Primary Tumor"
"3900",0.379134615384615,0.982456140350877,0.00271855870318272,"Uterine Carcinosarcoma","Primary Tumor"
"3901",0.379230769230769,0.982456140350877,0.00271806305651823,"Uterine Carcinosarcoma","Primary Tumor"
"3902",0.379326923076923,0.982456140350877,0.00271605172683909,"Uterine Carcinosarcoma","Primary Tumor"
"3903",0.379423076923077,0.982456140350877,0.00271521205501524,"Uterine Carcinosarcoma","Primary Tumor"
"3904",0.379519230769231,0.982456140350877,0.00271269064649438,"Uterine Carcinosarcoma","Primary Tumor"
"3905",0.379615384615385,0.982456140350877,0.00271173803277425,"Uterine Carcinosarcoma","Primary Tumor"
"3906",0.379711538461538,0.982456140350877,0.00271081499581816,"Uterine Carcinosarcoma","Primary Tumor"
"3907",0.379807692307692,0.982456140350877,0.00270794028189136,"Uterine Carcinosarcoma","Primary Tumor"
"3908",0.38,0.982456140350877,0.00270777567102554,"Uterine Carcinosarcoma","Primary Tumor"
"3909",0.380096153846154,0.982456140350877,0.00270725617899659,"Uterine Carcinosarcoma","Primary Tumor"
"3910",0.380192307692308,0.982456140350877,0.00270699164531163,"Uterine Carcinosarcoma","Primary Tumor"
"3911",0.380288461538462,0.982456140350877,0.00270646178988931,"Uterine Carcinosarcoma","Primary Tumor"
"3912",0.380384615384615,0.982456140350877,0.00270572258439239,"Uterine Carcinosarcoma","Primary Tumor"
"3913",0.380480769230769,0.982456140350877,0.00270547793696529,"Uterine Carcinosarcoma","Primary Tumor"
"3914",0.380576923076923,0.982456140350877,0.00270512477087748,"Uterine Carcinosarcoma","Primary Tumor"
"3915",0.380673076923077,0.982456140350877,0.00270510075150943,"Uterine Carcinosarcoma","Primary Tumor"
"3916",0.380769230769231,0.982456140350877,0.00270509587937595,"Uterine Carcinosarcoma","Primary Tumor"
"3917",0.380865384615385,0.982456140350877,0.00270452775193786,"Uterine Carcinosarcoma","Primary Tumor"
"3918",0.380961538461538,0.982456140350877,0.00270332125140249,"Uterine Carcinosarcoma","Primary Tumor"
"3919",0.381057692307692,0.982456140350877,0.00270244887680116,"Uterine Carcinosarcoma","Primary Tumor"
"3920",0.381153846153846,0.982456140350877,0.00270116992678104,"Uterine Carcinosarcoma","Primary Tumor"
"3921",0.38125,0.982456140350877,0.00269915594021608,"Uterine Carcinosarcoma","Primary Tumor"
"3922",0.381346153846154,0.982456140350877,0.00269849627407326,"Uterine Carcinosarcoma","Primary Tumor"
"3923",0.381442307692308,0.982456140350877,0.00269836395178547,"Uterine Carcinosarcoma","Primary Tumor"
"3924",0.381538461538462,0.982456140350877,0.00269752373642418,"Uterine Carcinosarcoma","Primary Tumor"
"3925",0.381634615384615,0.982456140350877,0.00269718745003689,"Uterine Carcinosarcoma","Primary Tumor"
"3926",0.381730769230769,0.982456140350877,0.00269362863296085,"Uterine Carcinosarcoma","Primary Tumor"
"3927",0.381826923076923,0.982456140350877,0.00269268909561238,"Uterine Carcinosarcoma","Primary Tumor"
"3928",0.381923076923077,0.982456140350877,0.00269035961877884,"Uterine Carcinosarcoma","Primary Tumor"
"3929",0.382019230769231,0.982456140350877,0.00268999635368516,"Uterine Carcinosarcoma","Primary Tumor"
"3930",0.382307692307692,0.982456140350877,0.0026892061163325,"Uterine Carcinosarcoma","Primary Tumor"
"3931",0.382403846153846,0.982456140350877,0.0026887990898985,"Uterine Carcinosarcoma","Primary Tumor"
"3932",0.3825,0.982456140350877,0.00268864865307861,"Uterine Carcinosarcoma","Primary Tumor"
"3933",0.382596153846154,0.982456140350877,0.00268850606393611,"Uterine Carcinosarcoma","Primary Tumor"
"3934",0.382788461538462,0.982456140350877,0.00268732536997907,"Uterine Carcinosarcoma","Primary Tumor"
"3935",0.382884615384615,0.982456140350877,0.00268671986869518,"Uterine Carcinosarcoma","Primary Tumor"
"3936",0.382980769230769,0.982456140350877,0.00268613033645737,"Uterine Carcinosarcoma","Primary Tumor"
"3937",0.383076923076923,0.982456140350877,0.00268451288741722,"Uterine Carcinosarcoma","Primary Tumor"
"3938",0.383173076923077,0.982456140350877,0.00268450398186726,"Uterine Carcinosarcoma","Primary Tumor"
"3939",0.383269230769231,0.982456140350877,0.00268404471995176,"Uterine Carcinosarcoma","Primary Tumor"
"3940",0.383365384615385,0.982456140350877,0.00268365909087698,"Uterine Carcinosarcoma","Primary Tumor"
"3941",0.383557692307692,0.982456140350877,0.00268365011121829,"Uterine Carcinosarcoma","Primary Tumor"
"3942",0.383653846153846,0.982456140350877,0.00268221890728548,"Uterine Carcinosarcoma","Primary Tumor"
"3943",0.38375,0.982456140350877,0.00268053341625207,"Uterine Carcinosarcoma","Primary Tumor"
"3944",0.383846153846154,0.982456140350877,0.0026799493787264,"Uterine Carcinosarcoma","Primary Tumor"
"3945",0.383942307692308,0.982456140350877,0.00267917460284028,"Uterine Carcinosarcoma","Primary Tumor"
"3946",0.384038461538462,0.982456140350877,0.0026791200279187,"Uterine Carcinosarcoma","Primary Tumor"
"3947",0.384134615384615,0.982456140350877,0.00267891535223674,"Uterine Carcinosarcoma","Primary Tumor"
"3948",0.384230769230769,0.982456140350877,0.00267886856779309,"Uterine Carcinosarcoma","Primary Tumor"
"3949",0.384326923076923,0.982456140350877,0.00267873532187446,"Uterine Carcinosarcoma","Primary Tumor"
"3950",0.384423076923077,0.982456140350877,0.00267789776269078,"Uterine Carcinosarcoma","Primary Tumor"
"3951",0.384519230769231,0.982456140350877,0.00267757618999398,"Uterine Carcinosarcoma","Primary Tumor"
"3952",0.384615384615385,0.982456140350877,0.00267753564201778,"Uterine Carcinosarcoma","Primary Tumor"
"3953",0.384711538461538,0.982456140350877,0.00267721849755742,"Uterine Carcinosarcoma","Primary Tumor"
"3954",0.384903846153846,0.982456140350877,0.00267668201959392,"Uterine Carcinosarcoma","Primary Tumor"
"3955",0.385,0.982456140350877,0.00267396203209125,"Uterine Carcinosarcoma","Primary Tumor"
"3956",0.385096153846154,0.982456140350877,0.00267372942401667,"Uterine Carcinosarcoma","Primary Tumor"
"3957",0.385192307692308,0.982456140350877,0.00267242191770378,"Uterine Carcinosarcoma","Primary Tumor"
"3958",0.386153846153846,0.982456140350877,0.00267223560385299,"Uterine Carcinosarcoma","Primary Tumor"
"3959",0.38625,0.982456140350877,0.00267150935628935,"Uterine Carcinosarcoma","Primary Tumor"
"3960",0.386346153846154,0.982456140350877,0.00267042212561841,"Uterine Carcinosarcoma","Primary Tumor"
"3961",0.386442307692308,0.982456140350877,0.00266977518840439,"Uterine Carcinosarcoma","Primary Tumor"
"3962",0.386538461538462,0.982456140350877,0.00266963874811887,"Uterine Carcinosarcoma","Primary Tumor"
"3963",0.386634615384615,0.982456140350877,0.0026692740374652,"Uterine Carcinosarcoma","Primary Tumor"
"3964",0.386730769230769,0.982456140350877,0.00266924569053839,"Uterine Carcinosarcoma","Primary Tumor"
"3965",0.386826923076923,0.982456140350877,0.00266901191365188,"Uterine Carcinosarcoma","Primary Tumor"
"3966",0.386923076923077,0.982456140350877,0.00266882489367171,"Uterine Carcinosarcoma","Primary Tumor"
"3967",0.387019230769231,0.982456140350877,0.00266861121046913,"Uterine Carcinosarcoma","Primary Tumor"
"3968",0.387115384615385,0.982456140350877,0.00266677898914092,"Uterine Carcinosarcoma","Primary Tumor"
"3969",0.387211538461538,0.982456140350877,0.00266599118865118,"Uterine Carcinosarcoma","Primary Tumor"
"3970",0.387307692307692,0.982456140350877,0.00266579751162233,"Uterine Carcinosarcoma","Primary Tumor"
"3971",0.387403846153846,0.982456140350877,0.00266496050788645,"Uterine Carcinosarcoma","Primary Tumor"
"3972",0.3875,0.982456140350877,0.00266422775991426,"Uterine Carcinosarcoma","Primary Tumor"
"3973",0.387596153846154,0.982456140350877,0.00266410372002213,"Uterine Carcinosarcoma","Primary Tumor"
"3974",0.387692307692308,0.982456140350877,0.00266366872964086,"Uterine Carcinosarcoma","Primary Tumor"
"3975",0.387788461538462,0.982456140350877,0.00266324002844376,"Uterine Carcinosarcoma","Primary Tumor"
"3976",0.387884615384615,0.982456140350877,0.0026627239553183,"Uterine Carcinosarcoma","Primary Tumor"
"3977",0.387980769230769,0.982456140350877,0.0026625167797526,"Uterine Carcinosarcoma","Primary Tumor"
"3978",0.388076923076923,0.982456140350877,0.00266158111433457,"Uterine Carcinosarcoma","Primary Tumor"
"3979",0.388173076923077,0.982456140350877,0.00266137189149696,"Uterine Carcinosarcoma","Primary Tumor"
"3980",0.388269230769231,0.982456140350877,0.00266032297367036,"Uterine Carcinosarcoma","Primary Tumor"
"3981",0.388365384615385,0.982456140350877,0.00265871806640494,"Uterine Carcinosarcoma","Primary Tumor"
"3982",0.388461538461538,0.982456140350877,0.00265857890903753,"Uterine Carcinosarcoma","Primary Tumor"
"3983",0.388557692307692,0.982456140350877,0.00265795029484694,"Uterine Carcinosarcoma","Primary Tumor"
"3984",0.388653846153846,0.982456140350877,0.00265740667349446,"Uterine Carcinosarcoma","Primary Tumor"
"3985",0.38875,0.982456140350877,0.00265485751487005,"Uterine Carcinosarcoma","Primary Tumor"
"3986",0.388846153846154,0.982456140350877,0.00265429942732021,"Uterine Carcinosarcoma","Primary Tumor"
"3987",0.388942307692308,0.982456140350877,0.00265315107285025,"Uterine Carcinosarcoma","Primary Tumor"
"3988",0.389038461538462,0.982456140350877,0.0026527505063344,"Uterine Carcinosarcoma","Primary Tumor"
"3989",0.390576923076923,0.982456140350877,0.00265230535776106,"Uterine Carcinosarcoma","Primary Tumor"
"3990",0.390673076923077,0.982456140350877,0.00265131945502828,"Uterine Carcinosarcoma","Primary Tumor"
"3991",0.390769230769231,0.982456140350877,0.00265062370974578,"Uterine Carcinosarcoma","Primary Tumor"
"3992",0.390865384615385,0.982456140350877,0.00264975184354876,"Uterine Carcinosarcoma","Primary Tumor"
"3993",0.390961538461538,0.982456140350877,0.00264924380919496,"Uterine Carcinosarcoma","Primary Tumor"
"3994",0.391057692307692,0.982456140350877,0.00264799044853192,"Uterine Carcinosarcoma","Primary Tumor"
"3995",0.391153846153846,0.982456140350877,0.00264722229325154,"Uterine Carcinosarcoma","Primary Tumor"
"3996",0.39125,0.982456140350877,0.00264505059271425,"Uterine Carcinosarcoma","Primary Tumor"
"3997",0.391346153846154,0.982456140350877,0.0026445385619156,"Uterine Carcinosarcoma","Primary Tumor"
"3998",0.391442307692308,0.982456140350877,0.00264422847095414,"Uterine Carcinosarcoma","Primary Tumor"
"3999",0.391538461538462,0.982456140350877,0.00264400431842171,"Uterine Carcinosarcoma","Primary Tumor"
"4000",0.391730769230769,0.982456140350877,0.00264103321302644,"Uterine Carcinosarcoma","Primary Tumor"
"4001",0.391826923076923,0.982456140350877,0.0026383289384847,"Uterine Carcinosarcoma","Primary Tumor"
"4002",0.391923076923077,0.982456140350877,0.00263753444803849,"Uterine Carcinosarcoma","Primary Tumor"
"4003",0.392019230769231,0.982456140350877,0.00263710165784115,"Uterine Carcinosarcoma","Primary Tumor"
"4004",0.392596153846154,0.982456140350877,0.00263648798981264,"Uterine Carcinosarcoma","Primary Tumor"
"4005",0.392692307692308,0.982456140350877,0.0026349366370666,"Uterine Carcinosarcoma","Primary Tumor"
"4006",0.392788461538462,0.982456140350877,0.00263472938891718,"Uterine Carcinosarcoma","Primary Tumor"
"4007",0.392884615384615,0.982456140350877,0.00263196068511051,"Uterine Carcinosarcoma","Primary Tumor"
"4008",0.392980769230769,0.982456140350877,0.00263153891737555,"Uterine Carcinosarcoma","Primary Tumor"
"4009",0.393076923076923,0.982456140350877,0.00262985967457074,"Uterine Carcinosarcoma","Primary Tumor"
"4010",0.393173076923077,0.982456140350877,0.00262923593087483,"Uterine Carcinosarcoma","Primary Tumor"
"4011",0.393269230769231,0.982456140350877,0.00262900168754732,"Uterine Carcinosarcoma","Primary Tumor"
"4012",0.393461538461538,0.982456140350877,0.00262871818936672,"Uterine Carcinosarcoma","Primary Tumor"
"4013",0.393557692307692,0.982456140350877,0.00262869739559723,"Uterine Carcinosarcoma","Primary Tumor"
"4014",0.393653846153846,0.982456140350877,0.00262841051480989,"Uterine Carcinosarcoma","Primary Tumor"
"4015",0.39375,0.982456140350877,0.00262728379401933,"Uterine Carcinosarcoma","Primary Tumor"
"4016",0.393846153846154,0.982456140350877,0.00262708575557646,"Uterine Carcinosarcoma","Primary Tumor"
"4017",0.393942307692308,0.982456140350877,0.00262686615977392,"Uterine Carcinosarcoma","Primary Tumor"
"4018",0.394038461538462,0.982456140350877,0.00262574387785686,"Uterine Carcinosarcoma","Primary Tumor"
"4019",0.394134615384615,0.982456140350877,0.00262426170082541,"Uterine Carcinosarcoma","Primary Tumor"
"4020",0.394230769230769,0.982456140350877,0.00262386932184,"Uterine Carcinosarcoma","Primary Tumor"
"4021",0.394326923076923,0.982456140350877,0.00262284745228969,"Uterine Carcinosarcoma","Primary Tumor"
"4022",0.394423076923077,0.982456140350877,0.00262224634039676,"Uterine Carcinosarcoma","Primary Tumor"
"4023",0.394519230769231,0.982456140350877,0.00262219482302373,"Uterine Carcinosarcoma","Primary Tumor"
"4024",0.394615384615385,0.982456140350877,0.00262112901029532,"Uterine Carcinosarcoma","Primary Tumor"
"4025",0.394711538461538,0.982456140350877,0.00261930919673958,"Uterine Carcinosarcoma","Primary Tumor"
"4026",0.394807692307692,0.982456140350877,0.00261859558655109,"Uterine Carcinosarcoma","Primary Tumor"
"4027",0.394903846153846,0.982456140350877,0.00261827603767639,"Uterine Carcinosarcoma","Primary Tumor"
"4028",0.395,0.982456140350877,0.00261771951283341,"Uterine Carcinosarcoma","Primary Tumor"
"4029",0.395096153846154,0.982456140350877,0.00261684480694213,"Uterine Carcinosarcoma","Primary Tumor"
"4030",0.395384615384615,0.982456140350877,0.00261546455978734,"Uterine Carcinosarcoma","Primary Tumor"
"4031",0.395480769230769,0.982456140350877,0.00261488652457131,"Uterine Carcinosarcoma","Primary Tumor"
"4032",0.395576923076923,0.982456140350877,0.00261462012360891,"Uterine Carcinosarcoma","Primary Tumor"
"4033",0.395673076923077,0.982456140350877,0.00261458227469513,"Uterine Carcinosarcoma","Primary Tumor"
"4034",0.395961538461538,0.982456140350877,0.00261331034573609,"Uterine Carcinosarcoma","Primary Tumor"
"4035",0.396057692307692,0.982456140350877,0.00260988210909396,"Uterine Carcinosarcoma","Primary Tumor"
"4036",0.396153846153846,0.982456140350877,0.00260949723687653,"Uterine Carcinosarcoma","Primary Tumor"
"4037",0.39625,0.982456140350877,0.00260888261140846,"Uterine Carcinosarcoma","Primary Tumor"
"4038",0.396346153846154,0.982456140350877,0.00260815673541082,"Uterine Carcinosarcoma","Primary Tumor"
"4039",0.396442307692308,0.982456140350877,0.00260810739991746,"Uterine Carcinosarcoma","Primary Tumor"
"4040",0.396538461538462,0.982456140350877,0.00260576560768122,"Uterine Carcinosarcoma","Primary Tumor"
"4041",0.396634615384615,0.982456140350877,0.00260529871540349,"Uterine Carcinosarcoma","Primary Tumor"
"4042",0.396730769230769,0.982456140350877,0.00260518136123378,"Uterine Carcinosarcoma","Primary Tumor"
"4043",0.3975,0.982456140350877,0.00260288911212148,"Uterine Carcinosarcoma","Primary Tumor"
"4044",0.397596153846154,0.982456140350877,0.00260232089104118,"Uterine Carcinosarcoma","Primary Tumor"
"4045",0.397692307692308,0.982456140350877,0.0026018151873074,"Uterine Carcinosarcoma","Primary Tumor"
"4046",0.397788461538462,0.982456140350877,0.00260083383087306,"Uterine Carcinosarcoma","Primary Tumor"
"4047",0.397884615384615,0.982456140350877,0.00260036532621766,"Uterine Carcinosarcoma","Primary Tumor"
"4048",0.397980769230769,0.982456140350877,0.00260035410146087,"Uterine Carcinosarcoma","Primary Tumor"
"4049",0.398076923076923,0.982456140350877,0.00259983488928439,"Uterine Carcinosarcoma","Primary Tumor"
"4050",0.398173076923077,0.982456140350877,0.00259891194650574,"Uterine Carcinosarcoma","Primary Tumor"
"4051",0.398269230769231,0.982456140350877,0.00259790334828014,"Uterine Carcinosarcoma","Primary Tumor"
"4052",0.398365384615385,0.982456140350877,0.00259770202572629,"Uterine Carcinosarcoma","Primary Tumor"
"4053",0.398461538461538,0.982456140350877,0.00259728599342435,"Uterine Carcinosarcoma","Primary Tumor"
"4054",0.398557692307692,0.982456140350877,0.00259652764724327,"Uterine Carcinosarcoma","Primary Tumor"
"4055",0.398653846153846,0.982456140350877,0.00259597001370926,"Uterine Carcinosarcoma","Primary Tumor"
"4056",0.398942307692308,0.982456140350877,0.00259559695771627,"Uterine Carcinosarcoma","Primary Tumor"
"4057",0.399038461538462,0.982456140350877,0.00259559478041926,"Uterine Carcinosarcoma","Primary Tumor"
"4058",0.399134615384615,0.982456140350877,0.00259470154283892,"Uterine Carcinosarcoma","Primary Tumor"
"4059",0.399230769230769,0.982456140350877,0.00259449432350689,"Uterine Carcinosarcoma","Primary Tumor"
"4060",0.399326923076923,0.982456140350877,0.00259380720174363,"Uterine Carcinosarcoma","Primary Tumor"
"4061",0.399423076923077,0.982456140350877,0.00259336891308293,"Uterine Carcinosarcoma","Primary Tumor"
"4062",0.399519230769231,0.982456140350877,0.00259325443256175,"Uterine Carcinosarcoma","Primary Tumor"
"4063",0.399615384615385,0.982456140350877,0.00259278813167707,"Uterine Carcinosarcoma","Primary Tumor"
"4064",0.399711538461538,0.982456140350877,0.00259259546765156,"Uterine Carcinosarcoma","Primary Tumor"
"4065",0.399903846153846,0.982456140350877,0.00259252138234478,"Uterine Carcinosarcoma","Primary Tumor"
"4066",0.4,0.982456140350877,0.00259245782747086,"Uterine Carcinosarcoma","Primary Tumor"
"4067",0.400096153846154,0.982456140350877,0.00259092423254359,"Uterine Carcinosarcoma","Primary Tumor"
"4068",0.400192307692308,0.982456140350877,0.00259029141377631,"Uterine Carcinosarcoma","Primary Tumor"
"4069",0.400288461538462,0.982456140350877,0.00258906439380679,"Uterine Carcinosarcoma","Primary Tumor"
"4070",0.400384615384615,0.982456140350877,0.00258851827482054,"Uterine Carcinosarcoma","Primary Tumor"
"4071",0.400480769230769,0.982456140350877,0.00258740807904301,"Uterine Carcinosarcoma","Primary Tumor"
"4072",0.400576923076923,0.982456140350877,0.0025866079984056,"Uterine Carcinosarcoma","Primary Tumor"
"4073",0.400673076923077,0.982456140350877,0.00258566641533853,"Uterine Carcinosarcoma","Primary Tumor"
"4074",0.402115384615385,0.982456140350877,0.00258560316576684,"Uterine Carcinosarcoma","Primary Tumor"
"4075",0.402211538461538,0.982456140350877,0.00258485684112808,"Uterine Carcinosarcoma","Primary Tumor"
"4076",0.402692307692308,0.982456140350877,0.00258433523050028,"Uterine Carcinosarcoma","Primary Tumor"
"4077",0.402788461538462,0.982456140350877,0.00258132809288758,"Uterine Carcinosarcoma","Primary Tumor"
"4078",0.402884615384615,0.982456140350877,0.00257998695133121,"Uterine Carcinosarcoma","Primary Tumor"
"4079",0.402980769230769,0.982456140350877,0.00257974013296025,"Uterine Carcinosarcoma","Primary Tumor"
"4080",0.403076923076923,0.982456140350877,0.0025795275103293,"Uterine Carcinosarcoma","Primary Tumor"
"4081",0.403173076923077,0.982456140350877,0.00257888565678899,"Uterine Carcinosarcoma","Primary Tumor"
"4082",0.403269230769231,0.982456140350877,0.00257772497018127,"Uterine Carcinosarcoma","Primary Tumor"
"4083",0.403365384615385,0.982456140350877,0.00257702468092669,"Uterine Carcinosarcoma","Primary Tumor"
"4084",0.403461538461538,0.982456140350877,0.00257674252253204,"Uterine Carcinosarcoma","Primary Tumor"
"4085",0.403557692307692,0.982456140350877,0.0025758106478756,"Uterine Carcinosarcoma","Primary Tumor"
"4086",0.403653846153846,0.982456140350877,0.00257485076879549,"Uterine Carcinosarcoma","Primary Tumor"
"4087",0.40375,0.982456140350877,0.00257412080631148,"Uterine Carcinosarcoma","Primary Tumor"
"4088",0.403846153846154,0.982456140350877,0.00257329368008674,"Uterine Carcinosarcoma","Primary Tumor"
"4089",0.403942307692308,0.982456140350877,0.00257217839492041,"Uterine Carcinosarcoma","Primary Tumor"
"4090",0.404038461538462,0.982456140350877,0.00257177828347055,"Uterine Carcinosarcoma","Primary Tumor"
"4091",0.404134615384615,0.982456140350877,0.00257071458564551,"Uterine Carcinosarcoma","Primary Tumor"
"4092",0.404230769230769,0.982456140350877,0.0025706563882345,"Uterine Carcinosarcoma","Primary Tumor"
"4093",0.404326923076923,0.982456140350877,0.00256925780927875,"Uterine Carcinosarcoma","Primary Tumor"
"4094",0.404423076923077,0.982456140350877,0.002568911491038,"Uterine Carcinosarcoma","Primary Tumor"
"4095",0.404519230769231,0.982456140350877,0.00256812399607453,"Uterine Carcinosarcoma","Primary Tumor"
"4096",0.404615384615385,0.982456140350877,0.00256793582599213,"Uterine Carcinosarcoma","Primary Tumor"
"4097",0.404711538461538,0.982456140350877,0.0025676859547813,"Uterine Carcinosarcoma","Primary Tumor"
"4098",0.404807692307692,0.982456140350877,0.00256658300511026,"Uterine Carcinosarcoma","Primary Tumor"
"4099",0.404903846153846,0.982456140350877,0.00256625283987288,"Uterine Carcinosarcoma","Primary Tumor"
"4100",0.405,0.982456140350877,0.00256604747998235,"Uterine Carcinosarcoma","Primary Tumor"
"4101",0.405096153846154,0.982456140350877,0.00256549375095416,"Uterine Carcinosarcoma","Primary Tumor"
"4102",0.405480769230769,0.982456140350877,0.00256445351814261,"Uterine Carcinosarcoma","Primary Tumor"
"4103",0.405576923076923,0.982456140350877,0.00256381008592543,"Uterine Carcinosarcoma","Primary Tumor"
"4104",0.405673076923077,0.982456140350877,0.00256348495248648,"Uterine Carcinosarcoma","Primary Tumor"
"4105",0.405769230769231,0.982456140350877,0.00256286056007005,"Uterine Carcinosarcoma","Primary Tumor"
"4106",0.406538461538462,0.982456140350877,0.0025628320696568,"Uterine Carcinosarcoma","Primary Tumor"
"4107",0.406826923076923,0.982456140350877,0.00256081667295427,"Uterine Carcinosarcoma","Primary Tumor"
"4108",0.406923076923077,0.982456140350877,0.00255841909499355,"Uterine Carcinosarcoma","Primary Tumor"
"4109",0.407019230769231,0.982456140350877,0.00255741549413524,"Uterine Carcinosarcoma","Primary Tumor"
"4110",0.407115384615385,0.982456140350877,0.00255659342029901,"Uterine Carcinosarcoma","Primary Tumor"
"4111",0.407211538461538,0.982456140350877,0.00255627808249115,"Uterine Carcinosarcoma","Primary Tumor"
"4112",0.407884615384615,0.982456140350877,0.00255595460891056,"Uterine Carcinosarcoma","Primary Tumor"
"4113",0.407980769230769,0.982456140350877,0.00255495405242434,"Uterine Carcinosarcoma","Primary Tumor"
"4114",0.408076923076923,0.982456140350877,0.00255487013899836,"Uterine Carcinosarcoma","Primary Tumor"
"4115",0.408173076923077,0.982456140350877,0.00255413722230358,"Uterine Carcinosarcoma","Primary Tumor"
"4116",0.408269230769231,0.982456140350877,0.00255325590520517,"Uterine Carcinosarcoma","Primary Tumor"
"4117",0.408365384615385,0.982456140350877,0.00255283827714492,"Uterine Carcinosarcoma","Primary Tumor"
"4118",0.408461538461538,0.982456140350877,0.00255099253020685,"Uterine Carcinosarcoma","Primary Tumor"
"4119",0.408557692307692,0.982456140350877,0.00254877847409962,"Uterine Carcinosarcoma","Primary Tumor"
"4120",0.408653846153846,0.982456140350877,0.00254784032385058,"Uterine Carcinosarcoma","Primary Tumor"
"4121",0.409038461538462,0.982456140350877,0.00254779595693944,"Uterine Carcinosarcoma","Primary Tumor"
"4122",0.410384615384615,0.982456140350877,0.00254759602400745,"Uterine Carcinosarcoma","Primary Tumor"
"4123",0.410480769230769,0.982456140350877,0.00254707950837141,"Uterine Carcinosarcoma","Primary Tumor"
"4124",0.410576923076923,0.982456140350877,0.00254598850155086,"Uterine Carcinosarcoma","Primary Tumor"
"4125",0.410673076923077,0.982456140350877,0.00254528950066857,"Uterine Carcinosarcoma","Primary Tumor"
"4126",0.410769230769231,0.982456140350877,0.00254517154857381,"Uterine Carcinosarcoma","Primary Tumor"
"4127",0.410865384615385,0.982456140350877,0.00254418186860117,"Uterine Carcinosarcoma","Primary Tumor"
"4128",0.410961538461538,0.982456140350877,0.00254387571762515,"Uterine Carcinosarcoma","Primary Tumor"
"4129",0.411057692307692,0.982456140350877,0.00254280925971395,"Uterine Carcinosarcoma","Primary Tumor"
"4130",0.411153846153846,0.982456140350877,0.00254244532360548,"Uterine Carcinosarcoma","Primary Tumor"
"4131",0.41125,0.982456140350877,0.00254244019925698,"Uterine Carcinosarcoma","Primary Tumor"
"4132",0.411346153846154,0.982456140350877,0.00254094997904875,"Uterine Carcinosarcoma","Primary Tumor"
"4133",0.411442307692308,0.982456140350877,0.00254001893085409,"Uterine Carcinosarcoma","Primary Tumor"
"4134",0.411730769230769,0.982456140350877,0.00253963653168254,"Uterine Carcinosarcoma","Primary Tumor"
"4135",0.411826923076923,0.982456140350877,0.00253887202421188,"Uterine Carcinosarcoma","Primary Tumor"
"4136",0.411923076923077,0.982456140350877,0.00253854372428119,"Uterine Carcinosarcoma","Primary Tumor"
"4137",0.412019230769231,0.982456140350877,0.00253744135229206,"Uterine Carcinosarcoma","Primary Tumor"
"4138",0.412115384615385,0.982456140350877,0.00253579209097043,"Uterine Carcinosarcoma","Primary Tumor"
"4139",0.412211538461538,0.982456140350877,0.00253493419043682,"Uterine Carcinosarcoma","Primary Tumor"
"4140",0.412307692307692,0.982456140350877,0.00253477660485402,"Uterine Carcinosarcoma","Primary Tumor"
"4141",0.412788461538462,0.982456140350877,0.00253254329559816,"Uterine Carcinosarcoma","Primary Tumor"
"4142",0.412884615384615,0.982456140350877,0.0025323822682487,"Uterine Carcinosarcoma","Primary Tumor"
"4143",0.412980769230769,0.982456140350877,0.0025323744625384,"Uterine Carcinosarcoma","Primary Tumor"
"4144",0.413076923076923,0.982456140350877,0.0025319286979516,"Uterine Carcinosarcoma","Primary Tumor"
"4145",0.413173076923077,0.982456140350877,0.00253104877057364,"Uterine Carcinosarcoma","Primary Tumor"
"4146",0.413269230769231,0.982456140350877,0.00252930662490358,"Uterine Carcinosarcoma","Primary Tumor"
"4147",0.413461538461538,0.982456140350877,0.00252882126458009,"Uterine Carcinosarcoma","Primary Tumor"
"4148",0.413557692307692,0.982456140350877,0.00252715266019121,"Uterine Carcinosarcoma","Primary Tumor"
"4149",0.413653846153846,0.982456140350877,0.0025270441402907,"Uterine Carcinosarcoma","Primary Tumor"
"4150",0.41375,0.982456140350877,0.00252699502161324,"Uterine Carcinosarcoma","Primary Tumor"
"4151",0.413846153846154,0.982456140350877,0.00252637460944294,"Uterine Carcinosarcoma","Primary Tumor"
"4152",0.413942307692308,0.982456140350877,0.00252609979174701,"Uterine Carcinosarcoma","Primary Tumor"
"4153",0.414134615384615,0.982456140350877,0.00252402826780362,"Uterine Carcinosarcoma","Primary Tumor"
"4154",0.414230769230769,0.982456140350877,0.00252298819676355,"Uterine Carcinosarcoma","Primary Tumor"
"4155",0.414326923076923,0.982456140350877,0.00252198614228349,"Uterine Carcinosarcoma","Primary Tumor"
"4156",0.414423076923077,0.982456140350877,0.00252122793281595,"Uterine Carcinosarcoma","Primary Tumor"
"4157",0.414519230769231,0.982456140350877,0.00252104591905511,"Uterine Carcinosarcoma","Primary Tumor"
"4158",0.414615384615385,0.982456140350877,0.00252102880995697,"Uterine Carcinosarcoma","Primary Tumor"
"4159",0.414711538461538,0.982456140350877,0.00252097322548184,"Uterine Carcinosarcoma","Primary Tumor"
"4160",0.414807692307692,0.982456140350877,0.00251929229207093,"Uterine Carcinosarcoma","Primary Tumor"
"4161",0.414903846153846,0.982456140350877,0.00251864391503054,"Uterine Carcinosarcoma","Primary Tumor"
"4162",0.415,0.982456140350877,0.0025181648515652,"Uterine Carcinosarcoma","Primary Tumor"
"4163",0.415192307692308,0.982456140350877,0.00251815320375937,"Uterine Carcinosarcoma","Primary Tumor"
"4164",0.415288461538462,0.982456140350877,0.00251807888064193,"Uterine Carcinosarcoma","Primary Tumor"
"4165",0.415384615384615,0.982456140350877,0.00251781823219632,"Uterine Carcinosarcoma","Primary Tumor"
"4166",0.415480769230769,0.982456140350877,0.0025171386729187,"Uterine Carcinosarcoma","Primary Tumor"
"4167",0.415576923076923,0.982456140350877,0.00251476315651733,"Uterine Carcinosarcoma","Primary Tumor"
"4168",0.415673076923077,0.982456140350877,0.00251467220602408,"Uterine Carcinosarcoma","Primary Tumor"
"4169",0.415769230769231,0.982456140350877,0.00251442887337117,"Uterine Carcinosarcoma","Primary Tumor"
"4170",0.415865384615385,0.982456140350877,0.00251417973787493,"Uterine Carcinosarcoma","Primary Tumor"
"4171",0.415961538461538,0.982456140350877,0.00251392108974624,"Uterine Carcinosarcoma","Primary Tumor"
"4172",0.416057692307692,0.982456140350877,0.00251362037651504,"Uterine Carcinosarcoma","Primary Tumor"
"4173",0.416153846153846,0.982456140350877,0.00251342473453131,"Uterine Carcinosarcoma","Primary Tumor"
"4174",0.41625,0.982456140350877,0.00251330726603916,"Uterine Carcinosarcoma","Primary Tumor"
"4175",0.416346153846154,0.982456140350877,0.00251323031234629,"Uterine Carcinosarcoma","Primary Tumor"
"4176",0.416442307692308,0.982456140350877,0.00251271489463267,"Uterine Carcinosarcoma","Primary Tumor"
"4177",0.416538461538462,0.982456140350877,0.00251174748257654,"Uterine Carcinosarcoma","Primary Tumor"
"4178",0.416634615384615,0.982456140350877,0.00251173605639865,"Uterine Carcinosarcoma","Primary Tumor"
"4179",0.4175,0.982456140350877,0.00250994144943895,"Uterine Carcinosarcoma","Primary Tumor"
"4180",0.417596153846154,0.982456140350877,0.00250925777059929,"Uterine Carcinosarcoma","Primary Tumor"
"4181",0.417788461538462,0.982456140350877,0.00250784227990464,"Uterine Carcinosarcoma","Primary Tumor"
"4182",0.417884615384615,0.982456140350877,0.00250731029637952,"Uterine Carcinosarcoma","Primary Tumor"
"4183",0.417980769230769,0.982456140350877,0.0025071144773936,"Uterine Carcinosarcoma","Primary Tumor"
"4184",0.418076923076923,0.982456140350877,0.002504827157636,"Uterine Carcinosarcoma","Primary Tumor"
"4185",0.418173076923077,0.982456140350877,0.00250477782946579,"Uterine Carcinosarcoma","Primary Tumor"
"4186",0.418557692307692,0.982456140350877,0.00250413266329785,"Uterine Carcinosarcoma","Primary Tumor"
"4187",0.42125,0.982456140350877,0.00250381657670096,"Uterine Carcinosarcoma","Primary Tumor"
"4188",0.421538461538462,0.982456140350877,0.00250358456096156,"Uterine Carcinosarcoma","Primary Tumor"
"4189",0.421634615384615,0.982456140350877,0.00250190420459973,"Uterine Carcinosarcoma","Primary Tumor"
"4190",0.422019230769231,0.982456140350877,0.0024998829915166,"Uterine Carcinosarcoma","Primary Tumor"
"4191",0.422115384615385,0.982456140350877,0.00249957184302951,"Uterine Carcinosarcoma","Primary Tumor"
"4192",0.422211538461538,0.982456140350877,0.00249942730357244,"Uterine Carcinosarcoma","Primary Tumor"
"4193",0.422307692307692,0.982456140350877,0.00249935753630526,"Uterine Carcinosarcoma","Primary Tumor"
"4194",0.422788461538462,0.982456140350877,0.00249877742888249,"Uterine Carcinosarcoma","Primary Tumor"
"4195",0.422884615384615,0.982456140350877,0.00249670679969372,"Uterine Carcinosarcoma","Primary Tumor"
"4196",0.427692307692308,0.982456140350877,0.00249643526896592,"Uterine Carcinosarcoma","Primary Tumor"
"4197",0.427788461538462,0.982456140350877,0.00249567448000965,"Uterine Carcinosarcoma","Primary Tumor"
"4198",0.427884615384615,0.982456140350877,0.00249547182580057,"Uterine Carcinosarcoma","Primary Tumor"
"4199",0.427980769230769,0.982456140350877,0.00249480897235277,"Uterine Carcinosarcoma","Primary Tumor"
"4200",0.428173076923077,0.982456140350877,0.00249339653761516,"Uterine Carcinosarcoma","Primary Tumor"
"4201",0.428269230769231,0.982456140350877,0.00249221459513882,"Uterine Carcinosarcoma","Primary Tumor"
"4202",0.428365384615385,0.982456140350877,0.0024921668081187,"Uterine Carcinosarcoma","Primary Tumor"
"4203",0.428461538461538,0.982456140350877,0.00249008259029126,"Uterine Carcinosarcoma","Primary Tumor"
"4204",0.428557692307692,0.982456140350877,0.00248963785447542,"Uterine Carcinosarcoma","Primary Tumor"
"4205",0.428653846153846,0.982456140350877,0.00248867644879458,"Uterine Carcinosarcoma","Primary Tumor"
"4206",0.42875,0.982456140350877,0.00248784583539374,"Uterine Carcinosarcoma","Primary Tumor"
"4207",0.428846153846154,0.982456140350877,0.0024877596213605,"Uterine Carcinosarcoma","Primary Tumor"
"4208",0.429038461538462,0.982456140350877,0.00248552814791081,"Uterine Carcinosarcoma","Primary Tumor"
"4209",0.429134615384615,0.982456140350877,0.00248504031413821,"Uterine Carcinosarcoma","Primary Tumor"
"4210",0.429230769230769,0.982456140350877,0.00248459451845873,"Uterine Carcinosarcoma","Primary Tumor"
"4211",0.432596153846154,0.982456140350877,0.00248416303768928,"Uterine Carcinosarcoma","Primary Tumor"
"4212",0.432692307692308,0.982456140350877,0.0024840982367289,"Uterine Carcinosarcoma","Primary Tumor"
"4213",0.432788461538462,0.982456140350877,0.00248281551733598,"Uterine Carcinosarcoma","Primary Tumor"
"4214",0.432884615384615,0.982456140350877,0.00247825569039561,"Uterine Carcinosarcoma","Primary Tumor"
"4215",0.432980769230769,0.982456140350877,0.00247687971027499,"Uterine Carcinosarcoma","Primary Tumor"
"4216",0.433076923076923,0.982456140350877,0.00247614400406326,"Uterine Carcinosarcoma","Primary Tumor"
"4217",0.433173076923077,0.982456140350877,0.00247581864600721,"Uterine Carcinosarcoma","Primary Tumor"
"4218",0.433269230769231,0.982456140350877,0.0024747576763382,"Uterine Carcinosarcoma","Primary Tumor"
"4219",0.433461538461538,0.982456140350877,0.00247425629884679,"Uterine Carcinosarcoma","Primary Tumor"
"4220",0.433557692307692,0.982456140350877,0.00247344311056674,"Uterine Carcinosarcoma","Primary Tumor"
"4221",0.433653846153846,0.982456140350877,0.00247258069494616,"Uterine Carcinosarcoma","Primary Tumor"
"4222",0.433846153846154,0.982456140350877,0.00247238451644849,"Uterine Carcinosarcoma","Primary Tumor"
"4223",0.433942307692308,0.982456140350877,0.00247152213713564,"Uterine Carcinosarcoma","Primary Tumor"
"4224",0.434038461538462,0.982456140350877,0.00247134827781292,"Uterine Carcinosarcoma","Primary Tumor"
"4225",0.434230769230769,0.982456140350877,0.00246932113594778,"Uterine Carcinosarcoma","Primary Tumor"
"4226",0.434326923076923,0.982456140350877,0.00246911121181292,"Uterine Carcinosarcoma","Primary Tumor"
"4227",0.434423076923077,0.982456140350877,0.00246880072216049,"Uterine Carcinosarcoma","Primary Tumor"
"4228",0.434519230769231,0.982456140350877,0.00246866434763915,"Uterine Carcinosarcoma","Primary Tumor"
"4229",0.434615384615385,0.982456140350877,0.00246848137763933,"Uterine Carcinosarcoma","Primary Tumor"
"4230",0.434711538461538,0.982456140350877,0.00246741986097776,"Uterine Carcinosarcoma","Primary Tumor"
"4231",0.434807692307692,0.982456140350877,0.00246597168460649,"Uterine Carcinosarcoma","Primary Tumor"
"4232",0.435673076923077,0.982456140350877,0.00246563022704749,"Uterine Carcinosarcoma","Primary Tumor"
"4233",0.435769230769231,0.982456140350877,0.00246558166464927,"Uterine Carcinosarcoma","Primary Tumor"
"4234",0.435865384615385,0.982456140350877,0.00246515176004303,"Uterine Carcinosarcoma","Primary Tumor"
"4235",0.435961538461538,0.982456140350877,0.0024651198514265,"Uterine Carcinosarcoma","Primary Tumor"
"4236",0.436057692307692,0.982456140350877,0.0024646603667321,"Uterine Carcinosarcoma","Primary Tumor"
"4237",0.436153846153846,0.982456140350877,0.00246422679613667,"Uterine Carcinosarcoma","Primary Tumor"
"4238",0.43625,0.982456140350877,0.00246371363915243,"Uterine Carcinosarcoma","Primary Tumor"
"4239",0.436346153846154,0.982456140350877,0.00246357999325031,"Uterine Carcinosarcoma","Primary Tumor"
"4240",0.436442307692308,0.982456140350877,0.00246249458675385,"Uterine Carcinosarcoma","Primary Tumor"
"4241",0.436538461538462,0.982456140350877,0.00246206116113312,"Uterine Carcinosarcoma","Primary Tumor"
"4242",0.436634615384615,0.982456140350877,0.00246155495425249,"Uterine Carcinosarcoma","Primary Tumor"
"4243",0.436730769230769,0.982456140350877,0.00246145367743789,"Uterine Carcinosarcoma","Primary Tumor"
"4244",0.437115384615385,0.982456140350877,0.0024610230827925,"Uterine Carcinosarcoma","Primary Tumor"
"4245",0.437307692307692,0.982456140350877,0.00246009990162421,"Uterine Carcinosarcoma","Primary Tumor"
"4246",0.437403846153846,0.982456140350877,0.00245959010765584,"Uterine Carcinosarcoma","Primary Tumor"
"4247",0.4375,0.982456140350877,0.00245920530333155,"Uterine Carcinosarcoma","Primary Tumor"
"4248",0.437596153846154,0.982456140350877,0.00245833468979118,"Uterine Carcinosarcoma","Primary Tumor"
"4249",0.437884615384615,0.982456140350877,0.00245755680982274,"Uterine Carcinosarcoma","Primary Tumor"
"4250",0.437980769230769,0.982456140350877,0.00245700772155022,"Uterine Carcinosarcoma","Primary Tumor"
"4251",0.438076923076923,0.982456140350877,0.00245617930465081,"Uterine Carcinosarcoma","Primary Tumor"
"4252",0.438173076923077,0.982456140350877,0.00245506352990743,"Uterine Carcinosarcoma","Primary Tumor"
"4253",0.438365384615385,0.982456140350877,0.00245429474694336,"Uterine Carcinosarcoma","Primary Tumor"
"4254",0.438461538461538,0.982456140350877,0.00245388812848091,"Uterine Carcinosarcoma","Primary Tumor"
"4255",0.438557692307692,0.982456140350877,0.00245355450948803,"Uterine Carcinosarcoma","Primary Tumor"
"4256",0.438653846153846,0.982456140350877,0.00245170386116911,"Uterine Carcinosarcoma","Primary Tumor"
"4257",0.43875,0.982456140350877,0.00245077501271318,"Uterine Carcinosarcoma","Primary Tumor"
"4258",0.438846153846154,0.982456140350877,0.00245074315673344,"Uterine Carcinosarcoma","Primary Tumor"
"4259",0.438942307692308,0.982456140350877,0.00245066278376305,"Uterine Carcinosarcoma","Primary Tumor"
"4260",0.439038461538462,0.982456140350877,0.00244870484814275,"Uterine Carcinosarcoma","Primary Tumor"
"4261",0.439134615384615,0.982456140350877,0.00244850093021431,"Uterine Carcinosarcoma","Primary Tumor"
"4262",0.439230769230769,0.982456140350877,0.00244799423142972,"Uterine Carcinosarcoma","Primary Tumor"
"4263",0.439326923076923,0.982456140350877,0.00244790766139447,"Uterine Carcinosarcoma","Primary Tumor"
"4264",0.439423076923077,0.982456140350877,0.00244572111178909,"Uterine Carcinosarcoma","Primary Tumor"
"4265",0.439519230769231,0.982456140350877,0.00244536030916975,"Uterine Carcinosarcoma","Primary Tumor"
"4266",0.439615384615385,0.982456140350877,0.0024451990880352,"Uterine Carcinosarcoma","Primary Tumor"
"4267",0.439711538461538,0.982456140350877,0.00244515088124142,"Uterine Carcinosarcoma","Primary Tumor"
"4268",0.439807692307692,0.982456140350877,0.00244490310591317,"Uterine Carcinosarcoma","Primary Tumor"
"4269",0.439903846153846,0.982456140350877,0.00244299015384486,"Uterine Carcinosarcoma","Primary Tumor"
"4270",0.44,0.982456140350877,0.00244058007940973,"Uterine Carcinosarcoma","Primary Tumor"
"4271",0.440096153846154,0.982456140350877,0.0024403152131619,"Uterine Carcinosarcoma","Primary Tumor"
"4272",0.440192307692308,0.982456140350877,0.00243964729378432,"Uterine Carcinosarcoma","Primary Tumor"
"4273",0.440288461538462,0.982456140350877,0.00243949190932879,"Uterine Carcinosarcoma","Primary Tumor"
"4274",0.440384615384615,0.982456140350877,0.0024392086381857,"Uterine Carcinosarcoma","Primary Tumor"
"4275",0.440480769230769,0.982456140350877,0.00243895281034923,"Uterine Carcinosarcoma","Primary Tumor"
"4276",0.442307692307692,0.982456140350877,0.00243851125099082,"Uterine Carcinosarcoma","Primary Tumor"
"4277",0.442403846153846,0.982456140350877,0.00243839702910964,"Uterine Carcinosarcoma","Primary Tumor"
"4278",0.4425,0.982456140350877,0.00243810950038348,"Uterine Carcinosarcoma","Primary Tumor"
"4279",0.442596153846154,0.982456140350877,0.00243807924863093,"Uterine Carcinosarcoma","Primary Tumor"
"4280",0.442692307692308,0.982456140350877,0.0024378708216044,"Uterine Carcinosarcoma","Primary Tumor"
"4281",0.442788461538462,0.982456140350877,0.00243752896799565,"Uterine Carcinosarcoma","Primary Tumor"
"4282",0.442884615384615,0.982456140350877,0.00243724036541182,"Uterine Carcinosarcoma","Primary Tumor"
"4283",0.442980769230769,0.982456140350877,0.00243701984271794,"Uterine Carcinosarcoma","Primary Tumor"
"4284",0.443076923076923,0.982456140350877,0.00243593676659237,"Uterine Carcinosarcoma","Primary Tumor"
"4285",0.443173076923077,0.982456140350877,0.0024359073051774,"Uterine Carcinosarcoma","Primary Tumor"
"4286",0.443269230769231,0.982456140350877,0.00243553398317342,"Uterine Carcinosarcoma","Primary Tumor"
"4287",0.443461538461538,0.982456140350877,0.0024342820828287,"Uterine Carcinosarcoma","Primary Tumor"
"4288",0.443557692307692,0.982456140350877,0.00243418183494293,"Uterine Carcinosarcoma","Primary Tumor"
"4289",0.443653846153846,0.982456140350877,0.00243415400610469,"Uterine Carcinosarcoma","Primary Tumor"
"4290",0.44375,0.982456140350877,0.00243393736937136,"Uterine Carcinosarcoma","Primary Tumor"
"4291",0.443846153846154,0.982456140350877,0.00243351388637125,"Uterine Carcinosarcoma","Primary Tumor"
"4292",0.443942307692308,0.982456140350877,0.00243341149471277,"Uterine Carcinosarcoma","Primary Tumor"
"4293",0.444038461538462,0.982456140350877,0.0024323917349901,"Uterine Carcinosarcoma","Primary Tumor"
"4294",0.444134615384615,0.982456140350877,0.00243227968971083,"Uterine Carcinosarcoma","Primary Tumor"
"4295",0.444230769230769,0.982456140350877,0.00243133713215105,"Uterine Carcinosarcoma","Primary Tumor"
"4296",0.444615384615385,0.982456140350877,0.00243015049901008,"Uterine Carcinosarcoma","Primary Tumor"
"4297",0.444711538461538,0.982456140350877,0.00243014285108778,"Uterine Carcinosarcoma","Primary Tumor"
"4298",0.444807692307692,0.982456140350877,0.00242977963723168,"Uterine Carcinosarcoma","Primary Tumor"
"4299",0.444903846153846,0.982456140350877,0.00242946918035802,"Uterine Carcinosarcoma","Primary Tumor"
"4300",0.445,0.982456140350877,0.00242926435952795,"Uterine Carcinosarcoma","Primary Tumor"
"4301",0.445096153846154,0.982456140350877,0.0024285432924579,"Uterine Carcinosarcoma","Primary Tumor"
"4302",0.445192307692308,0.982456140350877,0.00242834783533397,"Uterine Carcinosarcoma","Primary Tumor"
"4303",0.445288461538462,0.982456140350877,0.00242817607420243,"Uterine Carcinosarcoma","Primary Tumor"
"4304",0.445384615384615,0.982456140350877,0.00242758954464761,"Uterine Carcinosarcoma","Primary Tumor"
"4305",0.445480769230769,0.982456140350877,0.00242552347564484,"Uterine Carcinosarcoma","Primary Tumor"
"4306",0.445673076923077,0.982456140350877,0.0024248560115071,"Uterine Carcinosarcoma","Primary Tumor"
"4307",0.445769230769231,0.982456140350877,0.00242457493616277,"Uterine Carcinosarcoma","Primary Tumor"
"4308",0.445865384615385,0.982456140350877,0.00242443250846591,"Uterine Carcinosarcoma","Primary Tumor"
"4309",0.445961538461538,0.982456140350877,0.00242262386654446,"Uterine Carcinosarcoma","Primary Tumor"
"4310",0.446057692307692,0.982456140350877,0.00242066284256293,"Uterine Carcinosarcoma","Primary Tumor"
"4311",0.446153846153846,0.982456140350877,0.00242051205352578,"Uterine Carcinosarcoma","Primary Tumor"
"4312",0.44625,0.982456140350877,0.00242049986846971,"Uterine Carcinosarcoma","Primary Tumor"
"4313",0.446346153846154,0.982456140350877,0.00242029035204316,"Uterine Carcinosarcoma","Primary Tumor"
"4314",0.446442307692308,0.982456140350877,0.00241853372338563,"Uterine Carcinosarcoma","Primary Tumor"
"4315",0.446634615384615,0.982456140350877,0.0024174537326721,"Uterine Carcinosarcoma","Primary Tumor"
"4316",0.446730769230769,0.982456140350877,0.00241721283918406,"Uterine Carcinosarcoma","Primary Tumor"
"4317",0.446826923076923,0.982456140350877,0.00241719852190503,"Uterine Carcinosarcoma","Primary Tumor"
"4318",0.446923076923077,0.982456140350877,0.00241678988283567,"Uterine Carcinosarcoma","Primary Tumor"
"4319",0.447019230769231,0.982456140350877,0.00241657598964029,"Uterine Carcinosarcoma","Primary Tumor"
"4320",0.447115384615385,0.982456140350877,0.00241648017091223,"Uterine Carcinosarcoma","Primary Tumor"
"4321",0.447211538461538,0.982456140350877,0.00241633578422285,"Uterine Carcinosarcoma","Primary Tumor"
"4322",0.447307692307692,0.982456140350877,0.0024158603501252,"Uterine Carcinosarcoma","Primary Tumor"
"4323",0.447403846153846,0.982456140350877,0.00241555619071843,"Uterine Carcinosarcoma","Primary Tumor"
"4324",0.4475,0.982456140350877,0.00241468959756042,"Uterine Carcinosarcoma","Primary Tumor"
"4325",0.447596153846154,0.982456140350877,0.00241432885126369,"Uterine Carcinosarcoma","Primary Tumor"
"4326",0.447692307692308,0.982456140350877,0.00241357394482178,"Uterine Carcinosarcoma","Primary Tumor"
"4327",0.447788461538462,0.982456140350877,0.0024132797613563,"Uterine Carcinosarcoma","Primary Tumor"
"4328",0.447884615384615,0.982456140350877,0.00241251520486774,"Uterine Carcinosarcoma","Primary Tumor"
"4329",0.447980769230769,0.982456140350877,0.00241184366492853,"Uterine Carcinosarcoma","Primary Tumor"
"4330",0.448076923076923,0.982456140350877,0.00241160516806138,"Uterine Carcinosarcoma","Primary Tumor"
"4331",0.448173076923077,0.982456140350877,0.00240921542222072,"Uterine Carcinosarcoma","Primary Tumor"
"4332",0.448269230769231,0.982456140350877,0.00240891427201151,"Uterine Carcinosarcoma","Primary Tumor"
"4333",0.448365384615385,0.982456140350877,0.00240707375270266,"Uterine Carcinosarcoma","Primary Tumor"
"4334",0.448461538461538,0.982456140350877,0.0024062169789888,"Uterine Carcinosarcoma","Primary Tumor"
"4335",0.448557692307692,0.982456140350877,0.0024059520317552,"Uterine Carcinosarcoma","Primary Tumor"
"4336",0.448653846153846,0.982456140350877,0.00240579412823194,"Uterine Carcinosarcoma","Primary Tumor"
"4337",0.44875,0.982456140350877,0.00240505148162795,"Uterine Carcinosarcoma","Primary Tumor"
"4338",0.448846153846154,0.982456140350877,0.0024047025731655,"Uterine Carcinosarcoma","Primary Tumor"
"4339",0.448942307692308,0.982456140350877,0.00240452207796105,"Uterine Carcinosarcoma","Primary Tumor"
"4340",0.449038461538462,0.982456140350877,0.00240369598665979,"Uterine Carcinosarcoma","Primary Tumor"
"4341",0.449230769230769,0.982456140350877,0.00240327837506049,"Uterine Carcinosarcoma","Primary Tumor"
"4342",0.449326923076923,0.982456140350877,0.00240273519956102,"Uterine Carcinosarcoma","Primary Tumor"
"4343",0.449423076923077,0.982456140350877,0.00240220604332742,"Uterine Carcinosarcoma","Primary Tumor"
"4344",0.449519230769231,0.982456140350877,0.00240219776915596,"Uterine Carcinosarcoma","Primary Tumor"
"4345",0.449615384615385,0.982456140350877,0.00240181405486595,"Uterine Carcinosarcoma","Primary Tumor"
"4346",0.449711538461538,0.982456140350877,0.00240159972885834,"Uterine Carcinosarcoma","Primary Tumor"
"4347",0.449807692307692,0.982456140350877,0.00240131695771872,"Uterine Carcinosarcoma","Primary Tumor"
"4348",0.449903846153846,0.982456140350877,0.00240102087324945,"Uterine Carcinosarcoma","Primary Tumor"
"4349",0.45,0.982456140350877,0.00240034350875185,"Uterine Carcinosarcoma","Primary Tumor"
"4350",0.450096153846154,0.982456140350877,0.00239930647795861,"Uterine Carcinosarcoma","Primary Tumor"
"4351",0.450192307692308,0.982456140350877,0.00239894943037056,"Uterine Carcinosarcoma","Primary Tumor"
"4352",0.450288461538462,0.982456140350877,0.00239851256295698,"Uterine Carcinosarcoma","Primary Tumor"
"4353",0.450384615384615,0.982456140350877,0.00239643941347456,"Uterine Carcinosarcoma","Primary Tumor"
"4354",0.450480769230769,0.982456140350877,0.0023960882763302,"Uterine Carcinosarcoma","Primary Tumor"
"4355",0.450673076923077,0.982456140350877,0.00239573858714537,"Uterine Carcinosarcoma","Primary Tumor"
"4356",0.452115384615385,0.982456140350877,0.0023955462805042,"Uterine Carcinosarcoma","Primary Tumor"
"4357",0.452211538461538,0.982456140350877,0.00239422393785182,"Uterine Carcinosarcoma","Primary Tumor"
"4358",0.452307692307692,0.982456140350877,0.00239422250033994,"Uterine Carcinosarcoma","Primary Tumor"
"4359",0.452403846153846,0.982456140350877,0.00239238794860464,"Uterine Carcinosarcoma","Primary Tumor"
"4360",0.4525,0.982456140350877,0.00239139006278943,"Uterine Carcinosarcoma","Primary Tumor"
"4361",0.452596153846154,0.982456140350877,0.0023912118946029,"Uterine Carcinosarcoma","Primary Tumor"
"4362",0.452692307692308,0.982456140350877,0.00239049156335258,"Uterine Carcinosarcoma","Primary Tumor"
"4363",0.452788461538462,0.982456140350877,0.00239037735574854,"Uterine Carcinosarcoma","Primary Tumor"
"4364",0.452884615384615,0.982456140350877,0.0023902853934904,"Uterine Carcinosarcoma","Primary Tumor"
"4365",0.452980769230769,0.982456140350877,0.00238945038555827,"Uterine Carcinosarcoma","Primary Tumor"
"4366",0.453076923076923,0.982456140350877,0.00238906618540025,"Uterine Carcinosarcoma","Primary Tumor"
"4367",0.453173076923077,0.982456140350877,0.0023889918735408,"Uterine Carcinosarcoma","Primary Tumor"
"4368",0.453269230769231,0.982456140350877,0.00238783040161961,"Uterine Carcinosarcoma","Primary Tumor"
"4369",0.453365384615385,0.982456140350877,0.00238664701127489,"Uterine Carcinosarcoma","Primary Tumor"
"4370",0.453461538461538,0.982456140350877,0.00238632415849394,"Uterine Carcinosarcoma","Primary Tumor"
"4371",0.453557692307692,0.982456140350877,0.00238590208617884,"Uterine Carcinosarcoma","Primary Tumor"
"4372",0.453653846153846,0.982456140350877,0.0023854269576582,"Uterine Carcinosarcoma","Primary Tumor"
"4373",0.45375,0.982456140350877,0.00238532399877955,"Uterine Carcinosarcoma","Primary Tumor"
"4374",0.453942307692308,0.982456140350877,0.00238357769606057,"Uterine Carcinosarcoma","Primary Tumor"
"4375",0.454038461538462,0.982456140350877,0.00238334599683621,"Uterine Carcinosarcoma","Primary Tumor"
"4376",0.454134615384615,0.982456140350877,0.00238326650502452,"Uterine Carcinosarcoma","Primary Tumor"
"4377",0.454230769230769,0.982456140350877,0.00238271537753343,"Uterine Carcinosarcoma","Primary Tumor"
"4378",0.454326923076923,0.982456140350877,0.00238216098249411,"Uterine Carcinosarcoma","Primary Tumor"
"4379",0.454423076923077,0.982456140350877,0.00238171487411254,"Uterine Carcinosarcoma","Primary Tumor"
"4380",0.454519230769231,0.982456140350877,0.00238139853487163,"Uterine Carcinosarcoma","Primary Tumor"
"4381",0.454615384615385,0.982456140350877,0.00238093317094668,"Uterine Carcinosarcoma","Primary Tumor"
"4382",0.454711538461538,0.982456140350877,0.00237927243372671,"Uterine Carcinosarcoma","Primary Tumor"
"4383",0.454807692307692,0.982456140350877,0.00237886010326005,"Uterine Carcinosarcoma","Primary Tumor"
"4384",0.454903846153846,0.982456140350877,0.00237725674319422,"Uterine Carcinosarcoma","Primary Tumor"
"4385",0.455,0.982456140350877,0.00237687707045608,"Uterine Carcinosarcoma","Primary Tumor"
"4386",0.455096153846154,0.982456140350877,0.00237666145961035,"Uterine Carcinosarcoma","Primary Tumor"
"4387",0.455192307692308,0.982456140350877,0.00237617208024865,"Uterine Carcinosarcoma","Primary Tumor"
"4388",0.455576923076923,0.982456140350877,0.00237549351044986,"Uterine Carcinosarcoma","Primary Tumor"
"4389",0.455673076923077,0.982456140350877,0.00237368852667785,"Uterine Carcinosarcoma","Primary Tumor"
"4390",0.455769230769231,0.982456140350877,0.00237360980988577,"Uterine Carcinosarcoma","Primary Tumor"
"4391",0.455865384615385,0.982456140350877,0.00237288033954652,"Uterine Carcinosarcoma","Primary Tumor"
"4392",0.455961538461538,0.982456140350877,0.00237269960721798,"Uterine Carcinosarcoma","Primary Tumor"
"4393",0.456057692307692,0.982456140350877,0.00237256874481717,"Uterine Carcinosarcoma","Primary Tumor"
"4394",0.456153846153846,0.982456140350877,0.00237218006312068,"Uterine Carcinosarcoma","Primary Tumor"
"4395",0.45625,0.982456140350877,0.00237042698398249,"Uterine Carcinosarcoma","Primary Tumor"
"4396",0.456346153846154,0.982456140350877,0.00237011919385666,"Uterine Carcinosarcoma","Primary Tumor"
"4397",0.456442307692308,0.982456140350877,0.0023680903506117,"Uterine Carcinosarcoma","Primary Tumor"
"4398",0.457115384615385,0.982456140350877,0.0023680544111977,"Uterine Carcinosarcoma","Primary Tumor"
"4399",0.457211538461538,0.982456140350877,0.00236624458656665,"Uterine Carcinosarcoma","Primary Tumor"
"4400",0.457307692307692,0.982456140350877,0.00236537994171038,"Uterine Carcinosarcoma","Primary Tumor"
"4401",0.457403846153846,0.982456140350877,0.00236414701574938,"Uterine Carcinosarcoma","Primary Tumor"
"4402",0.4575,0.982456140350877,0.00236362868424334,"Uterine Carcinosarcoma","Primary Tumor"
"4403",0.457596153846154,0.982456140350877,0.00236291152144597,"Uterine Carcinosarcoma","Primary Tumor"
"4404",0.457692307692308,0.982456140350877,0.00236278899121367,"Uterine Carcinosarcoma","Primary Tumor"
"4405",0.457788461538462,0.982456140350877,0.00236222874367231,"Uterine Carcinosarcoma","Primary Tumor"
"4406",0.457884615384615,0.982456140350877,0.00236214037144944,"Uterine Carcinosarcoma","Primary Tumor"
"4407",0.457980769230769,0.982456140350877,0.00236194772596376,"Uterine Carcinosarcoma","Primary Tumor"
"4408",0.458076923076923,0.982456140350877,0.00236174383138954,"Uterine Carcinosarcoma","Primary Tumor"
"4409",0.458173076923077,0.982456140350877,0.00236153747018764,"Uterine Carcinosarcoma","Primary Tumor"
"4410",0.458269230769231,0.982456140350877,0.00236078006530638,"Uterine Carcinosarcoma","Primary Tumor"
"4411",0.458365384615385,0.982456140350877,0.00236038185216492,"Uterine Carcinosarcoma","Primary Tumor"
"4412",0.458461538461538,0.982456140350877,0.00235996801628757,"Uterine Carcinosarcoma","Primary Tumor"
"4413",0.458557692307692,0.982456140350877,0.00235960299086313,"Uterine Carcinosarcoma","Primary Tumor"
"4414",0.458653846153846,0.982456140350877,0.00235908473397073,"Uterine Carcinosarcoma","Primary Tumor"
"4415",0.45875,0.982456140350877,0.00235855524014561,"Uterine Carcinosarcoma","Primary Tumor"
"4416",0.458846153846154,0.982456140350877,0.00235719588487504,"Uterine Carcinosarcoma","Primary Tumor"
"4417",0.458942307692308,0.982456140350877,0.00235657604198036,"Uterine Carcinosarcoma","Primary Tumor"
"4418",0.459903846153846,0.982456140350877,0.00235645162624998,"Uterine Carcinosarcoma","Primary Tumor"
"4419",0.46,0.982456140350877,0.00235594188107968,"Uterine Carcinosarcoma","Primary Tumor"
"4420",0.460096153846154,0.982456140350877,0.00235590529385121,"Uterine Carcinosarcoma","Primary Tumor"
"4421",0.460192307692308,0.982456140350877,0.00235541731475819,"Uterine Carcinosarcoma","Primary Tumor"
"4422",0.460288461538462,0.982456140350877,0.00235446014851326,"Uterine Carcinosarcoma","Primary Tumor"
"4423",0.460384615384615,0.982456140350877,0.00235421635715038,"Uterine Carcinosarcoma","Primary Tumor"
"4424",0.460480769230769,0.982456140350877,0.00235397674347437,"Uterine Carcinosarcoma","Primary Tumor"
"4425",0.460576923076923,0.982456140350877,0.00235125083397236,"Uterine Carcinosarcoma","Primary Tumor"
"4426",0.460673076923077,0.982456140350877,0.00235060365607598,"Uterine Carcinosarcoma","Primary Tumor"
"4427",0.460769230769231,0.982456140350877,0.00234953657332004,"Uterine Carcinosarcoma","Primary Tumor"
"4428",0.460865384615385,0.982456140350877,0.00234885626502823,"Uterine Carcinosarcoma","Primary Tumor"
"4429",0.460961538461538,0.982456140350877,0.00234877352399232,"Uterine Carcinosarcoma","Primary Tumor"
"4430",0.461057692307692,0.982456140350877,0.00234663905502863,"Uterine Carcinosarcoma","Primary Tumor"
"4431",0.461153846153846,0.982456140350877,0.00234537906985111,"Uterine Carcinosarcoma","Primary Tumor"
"4432",0.46125,0.982456140350877,0.00234510962504841,"Uterine Carcinosarcoma","Primary Tumor"
"4433",0.461346153846154,0.982456140350877,0.00234480027826611,"Uterine Carcinosarcoma","Primary Tumor"
"4434",0.461442307692308,0.982456140350877,0.00234460424936955,"Uterine Carcinosarcoma","Primary Tumor"
"4435",0.461538461538462,0.982456140350877,0.0023444549071624,"Uterine Carcinosarcoma","Primary Tumor"
"4436",0.461923076923077,0.982456140350877,0.00234388685235154,"Uterine Carcinosarcoma","Primary Tumor"
"4437",0.462019230769231,0.982456140350877,0.00234387159111038,"Uterine Carcinosarcoma","Primary Tumor"
"4438",0.462115384615385,0.982456140350877,0.00234263377199861,"Uterine Carcinosarcoma","Primary Tumor"
"4439",0.462211538461538,0.982456140350877,0.00234243717706872,"Uterine Carcinosarcoma","Primary Tumor"
"4440",0.462596153846154,0.982456140350877,0.00234209191794377,"Uterine Carcinosarcoma","Primary Tumor"
"4441",0.462692307692308,0.982456140350877,0.0023412986180833,"Uterine Carcinosarcoma","Primary Tumor"
"4442",0.462788461538462,0.982456140350877,0.00234115331533802,"Uterine Carcinosarcoma","Primary Tumor"
"4443",0.462884615384615,0.982456140350877,0.00234114048510992,"Uterine Carcinosarcoma","Primary Tumor"
"4444",0.462980769230769,0.982456140350877,0.00234025197768595,"Uterine Carcinosarcoma","Primary Tumor"
"4445",0.463076923076923,0.982456140350877,0.00234007671577896,"Uterine Carcinosarcoma","Primary Tumor"
"4446",0.463173076923077,0.982456140350877,0.00233994728694997,"Uterine Carcinosarcoma","Primary Tumor"
"4447",0.463269230769231,0.982456140350877,0.00233916185740279,"Uterine Carcinosarcoma","Primary Tumor"
"4448",0.463365384615385,0.982456140350877,0.0023379887849837,"Uterine Carcinosarcoma","Primary Tumor"
"4449",0.463461538461538,0.982456140350877,0.00233651151941661,"Uterine Carcinosarcoma","Primary Tumor"
"4450",0.463557692307692,0.982456140350877,0.00233611215407004,"Uterine Carcinosarcoma","Primary Tumor"
"4451",0.463653846153846,0.982456140350877,0.00233542042902335,"Uterine Carcinosarcoma","Primary Tumor"
"4452",0.46375,0.982456140350877,0.00233514423706449,"Uterine Carcinosarcoma","Primary Tumor"
"4453",0.464807692307692,0.982456140350877,0.00233328766253416,"Uterine Carcinosarcoma","Primary Tumor"
"4454",0.464903846153846,0.982456140350877,0.00233275050759074,"Uterine Carcinosarcoma","Primary Tumor"
"4455",0.465,0.982456140350877,0.00233220297751024,"Uterine Carcinosarcoma","Primary Tumor"
"4456",0.465096153846154,0.982456140350877,0.00233210795015493,"Uterine Carcinosarcoma","Primary Tumor"
"4457",0.465192307692308,0.982456140350877,0.00233208625550418,"Uterine Carcinosarcoma","Primary Tumor"
"4458",0.465288461538462,0.982456140350877,0.00233184146903809,"Uterine Carcinosarcoma","Primary Tumor"
"4459",0.465384615384615,0.982456140350877,0.00233179284221974,"Uterine Carcinosarcoma","Primary Tumor"
"4460",0.46625,0.982456140350877,0.00233158300101743,"Uterine Carcinosarcoma","Primary Tumor"
"4461",0.466346153846154,0.982456140350877,0.00233138162597668,"Uterine Carcinosarcoma","Primary Tumor"
"4462",0.466442307692308,0.982456140350877,0.00233083208982765,"Uterine Carcinosarcoma","Primary Tumor"
"4463",0.466538461538462,0.982456140350877,0.0023302649785264,"Uterine Carcinosarcoma","Primary Tumor"
"4464",0.466634615384615,0.982456140350877,0.00232976234155691,"Uterine Carcinosarcoma","Primary Tumor"
"4465",0.466730769230769,0.982456140350877,0.00232945238878757,"Uterine Carcinosarcoma","Primary Tumor"
"4466",0.466826923076923,0.982456140350877,0.00232919764492323,"Uterine Carcinosarcoma","Primary Tumor"
"4467",0.466923076923077,0.982456140350877,0.00232894778366344,"Uterine Carcinosarcoma","Primary Tumor"
"4468",0.467403846153846,0.982456140350877,0.00232864612184058,"Uterine Carcinosarcoma","Primary Tumor"
"4469",0.4675,0.982456140350877,0.00232824068044635,"Uterine Carcinosarcoma","Primary Tumor"
"4470",0.467596153846154,0.982456140350877,0.00232683499701547,"Uterine Carcinosarcoma","Primary Tumor"
"4471",0.467692307692308,0.982456140350877,0.00232631605169464,"Uterine Carcinosarcoma","Primary Tumor"
"4472",0.467788461538462,0.982456140350877,0.00232596489714132,"Uterine Carcinosarcoma","Primary Tumor"
"4473",0.467884615384615,0.982456140350877,0.00232547022317398,"Uterine Carcinosarcoma","Primary Tumor"
"4474",0.468076923076923,0.982456140350877,0.0023252738577525,"Uterine Carcinosarcoma","Primary Tumor"
"4475",0.468173076923077,0.982456140350877,0.0023251242608151,"Uterine Carcinosarcoma","Primary Tumor"
"4476",0.468269230769231,0.982456140350877,0.00232497853006508,"Uterine Carcinosarcoma","Primary Tumor"
"4477",0.468365384615385,0.982456140350877,0.00232380273368804,"Uterine Carcinosarcoma","Primary Tumor"
"4478",0.468461538461538,0.982456140350877,0.0023232620585496,"Uterine Carcinosarcoma","Primary Tumor"
"4479",0.468557692307692,0.982456140350877,0.00232319910918244,"Uterine Carcinosarcoma","Primary Tumor"
"4480",0.468653846153846,0.982456140350877,0.00232249855627875,"Uterine Carcinosarcoma","Primary Tumor"
"4481",0.46875,0.982456140350877,0.00232232107448926,"Uterine Carcinosarcoma","Primary Tumor"
"4482",0.468846153846154,0.982456140350877,0.0023220274111857,"Uterine Carcinosarcoma","Primary Tumor"
"4483",0.468942307692308,0.982456140350877,0.0023208795017251,"Uterine Carcinosarcoma","Primary Tumor"
"4484",0.469038461538462,0.982456140350877,0.0023206996010311,"Uterine Carcinosarcoma","Primary Tumor"
"4485",0.469134615384615,0.982456140350877,0.00232001369703427,"Uterine Carcinosarcoma","Primary Tumor"
"4486",0.469230769230769,0.982456140350877,0.0023199136024612,"Uterine Carcinosarcoma","Primary Tumor"
"4487",0.469326923076923,0.982456140350877,0.00231852416463563,"Uterine Carcinosarcoma","Primary Tumor"
"4488",0.469423076923077,0.982456140350877,0.00231831825537454,"Uterine Carcinosarcoma","Primary Tumor"
"4489",0.469519230769231,0.982456140350877,0.00231755821755353,"Uterine Carcinosarcoma","Primary Tumor"
"4490",0.469615384615385,0.982456140350877,0.00231741904265004,"Uterine Carcinosarcoma","Primary Tumor"
"4491",0.469711538461538,0.982456140350877,0.00231687018902882,"Uterine Carcinosarcoma","Primary Tumor"
"4492",0.469807692307692,0.982456140350877,0.0023168529611487,"Uterine Carcinosarcoma","Primary Tumor"
"4493",0.469903846153846,0.982456140350877,0.00231667740076347,"Uterine Carcinosarcoma","Primary Tumor"
"4494",0.47,0.982456140350877,0.00231638234633624,"Uterine Carcinosarcoma","Primary Tumor"
"4495",0.470096153846154,0.982456140350877,0.00231619259441163,"Uterine Carcinosarcoma","Primary Tumor"
"4496",0.470192307692308,0.982456140350877,0.00231600593693515,"Uterine Carcinosarcoma","Primary Tumor"
"4497",0.470288461538462,0.982456140350877,0.0023154952843053,"Uterine Carcinosarcoma","Primary Tumor"
"4498",0.473076923076923,0.982456140350877,0.00231478411315067,"Uterine Carcinosarcoma","Primary Tumor"
"4499",0.473173076923077,0.982456140350877,0.00231364420250435,"Uterine Carcinosarcoma","Primary Tumor"
"4500",0.473269230769231,0.982456140350877,0.00231299780800454,"Uterine Carcinosarcoma","Primary Tumor"
"4501",0.473365384615385,0.982456140350877,0.00231289671307922,"Uterine Carcinosarcoma","Primary Tumor"
"4502",0.473461538461538,0.982456140350877,0.00231265386737001,"Uterine Carcinosarcoma","Primary Tumor"
"4503",0.473557692307692,0.982456140350877,0.00231215057214929,"Uterine Carcinosarcoma","Primary Tumor"
"4504",0.473653846153846,0.982456140350877,0.0023116274752657,"Uterine Carcinosarcoma","Primary Tumor"
"4505",0.47375,0.982456140350877,0.00231042859311259,"Uterine Carcinosarcoma","Primary Tumor"
"4506",0.473846153846154,0.982456140350877,0.00231037084593699,"Uterine Carcinosarcoma","Primary Tumor"
"4507",0.473942307692308,0.982456140350877,0.00230949115026347,"Uterine Carcinosarcoma","Primary Tumor"
"4508",0.474038461538462,0.982456140350877,0.00230938210923459,"Uterine Carcinosarcoma","Primary Tumor"
"4509",0.474134615384615,0.982456140350877,0.0023083781837675,"Uterine Carcinosarcoma","Primary Tumor"
"4510",0.474230769230769,0.982456140350877,0.00230648624364937,"Uterine Carcinosarcoma","Primary Tumor"
"4511",0.474326923076923,0.982456140350877,0.00230608254979359,"Uterine Carcinosarcoma","Primary Tumor"
"4512",0.474519230769231,0.982456140350877,0.00230579357033056,"Uterine Carcinosarcoma","Primary Tumor"
"4513",0.474615384615385,0.982456140350877,0.00230574290958707,"Uterine Carcinosarcoma","Primary Tumor"
"4514",0.474903846153846,0.982456140350877,0.00230494748299026,"Uterine Carcinosarcoma","Primary Tumor"
"4515",0.475096153846154,0.982456140350877,0.00230482126812892,"Uterine Carcinosarcoma","Primary Tumor"
"4516",0.475192307692308,0.982456140350877,0.00230481413684547,"Uterine Carcinosarcoma","Primary Tumor"
"4517",0.475961538461538,0.982456140350877,0.00230472467010656,"Uterine Carcinosarcoma","Primary Tumor"
"4518",0.476057692307692,0.982456140350877,0.00230434948725367,"Uterine Carcinosarcoma","Primary Tumor"
"4519",0.476153846153846,0.982456140350877,0.00230404723795263,"Uterine Carcinosarcoma","Primary Tumor"
"4520",0.47625,0.982456140350877,0.00230397343936173,"Uterine Carcinosarcoma","Primary Tumor"
"4521",0.477692307692308,0.982456140350877,0.00230380429641952,"Uterine Carcinosarcoma","Primary Tumor"
"4522",0.477788461538462,0.982456140350877,0.00230348700923777,"Uterine Carcinosarcoma","Primary Tumor"
"4523",0.477884615384615,0.982456140350877,0.00230138279839209,"Uterine Carcinosarcoma","Primary Tumor"
"4524",0.477980769230769,0.982456140350877,0.0023011212790186,"Uterine Carcinosarcoma","Primary Tumor"
"4525",0.478076923076923,0.982456140350877,0.00230097758901349,"Uterine Carcinosarcoma","Primary Tumor"
"4526",0.478269230769231,0.982456140350877,0.00230012272454094,"Uterine Carcinosarcoma","Primary Tumor"
"4527",0.478365384615385,0.982456140350877,0.00229923138203125,"Uterine Carcinosarcoma","Primary Tumor"
"4528",0.478461538461538,0.982456140350877,0.00229831789070001,"Uterine Carcinosarcoma","Primary Tumor"
"4529",0.478557692307692,0.982456140350877,0.00229775284630285,"Uterine Carcinosarcoma","Primary Tumor"
"4530",0.478653846153846,0.982456140350877,0.00229733315725966,"Uterine Carcinosarcoma","Primary Tumor"
"4531",0.479038461538462,0.982456140350877,0.00229688160648533,"Uterine Carcinosarcoma","Primary Tumor"
"4532",0.479134615384615,0.982456140350877,0.002295289515298,"Uterine Carcinosarcoma","Primary Tumor"
"4533",0.479230769230769,0.982456140350877,0.0022948624646083,"Uterine Carcinosarcoma","Primary Tumor"
"4534",0.479326923076923,0.982456140350877,0.00229463160680499,"Uterine Carcinosarcoma","Primary Tumor"
"4535",0.479423076923077,0.982456140350877,0.00229434592139588,"Uterine Carcinosarcoma","Primary Tumor"
"4536",0.479519230769231,0.982456140350877,0.00229369870393947,"Uterine Carcinosarcoma","Primary Tumor"
"4537",0.479615384615385,0.982456140350877,0.00229190165545945,"Uterine Carcinosarcoma","Primary Tumor"
"4538",0.479711538461538,0.982456140350877,0.00229183918626907,"Uterine Carcinosarcoma","Primary Tumor"
"4539",0.480769230769231,0.982456140350877,0.00229147193717028,"Uterine Carcinosarcoma","Primary Tumor"
"4540",0.480865384615385,0.982456140350877,0.00229139755096874,"Uterine Carcinosarcoma","Primary Tumor"
"4541",0.480961538461538,0.982456140350877,0.00229099605407213,"Uterine Carcinosarcoma","Primary Tumor"
"4542",0.481057692307692,0.982456140350877,0.00229089585470788,"Uterine Carcinosarcoma","Primary Tumor"
"4543",0.481153846153846,0.982456140350877,0.00228979282616826,"Uterine Carcinosarcoma","Primary Tumor"
"4544",0.48125,0.982456140350877,0.00228870786051982,"Uterine Carcinosarcoma","Primary Tumor"
"4545",0.481346153846154,0.982456140350877,0.00228718788711724,"Uterine Carcinosarcoma","Primary Tumor"
"4546",0.481442307692308,0.982456140350877,0.00228673201845264,"Uterine Carcinosarcoma","Primary Tumor"
"4547",0.481538461538462,0.982456140350877,0.00228669522882818,"Uterine Carcinosarcoma","Primary Tumor"
"4548",0.481634615384615,0.982456140350877,0.00228520333351567,"Uterine Carcinosarcoma","Primary Tumor"
"4549",0.481730769230769,0.982456140350877,0.00228409362703985,"Uterine Carcinosarcoma","Primary Tumor"
"4550",0.481826923076923,0.982456140350877,0.00228351020357598,"Uterine Carcinosarcoma","Primary Tumor"
"4551",0.481923076923077,0.982456140350877,0.00228277098856067,"Uterine Carcinosarcoma","Primary Tumor"
"4552",0.482019230769231,0.982456140350877,0.00228252302281595,"Uterine Carcinosarcoma","Primary Tumor"
"4553",0.482115384615385,0.982456140350877,0.00228198577332572,"Uterine Carcinosarcoma","Primary Tumor"
"4554",0.482211538461538,0.982456140350877,0.00228137217373747,"Uterine Carcinosarcoma","Primary Tumor"
"4555",0.482403846153846,0.982456140350877,0.00228098448443359,"Uterine Carcinosarcoma","Primary Tumor"
"4556",0.4825,0.982456140350877,0.00228019948455105,"Uterine Carcinosarcoma","Primary Tumor"
"4557",0.482596153846154,0.982456140350877,0.0022800427863845,"Uterine Carcinosarcoma","Primary Tumor"
"4558",0.482692307692308,0.982456140350877,0.00227844576115344,"Uterine Carcinosarcoma","Primary Tumor"
"4559",0.482788461538462,0.982456140350877,0.00227803131801574,"Uterine Carcinosarcoma","Primary Tumor"
"4560",0.482980769230769,0.982456140350877,0.00227711123361463,"Uterine Carcinosarcoma","Primary Tumor"
"4561",0.483076923076923,0.982456140350877,0.00227632405980349,"Uterine Carcinosarcoma","Primary Tumor"
"4562",0.483173076923077,0.982456140350877,0.00227547462810895,"Uterine Carcinosarcoma","Primary Tumor"
"4563",0.483269230769231,0.982456140350877,0.00227407062017615,"Uterine Carcinosarcoma","Primary Tumor"
"4564",0.483365384615385,0.982456140350877,0.00227371771983642,"Uterine Carcinosarcoma","Primary Tumor"
"4565",0.483461538461538,0.982456140350877,0.00227266077576538,"Uterine Carcinosarcoma","Primary Tumor"
"4566",0.483557692307692,0.982456140350877,0.00227194324298308,"Uterine Carcinosarcoma","Primary Tumor"
"4567",0.483653846153846,0.982456140350877,0.00227127792573811,"Uterine Carcinosarcoma","Primary Tumor"
"4568",0.48375,0.982456140350877,0.00227100141669589,"Uterine Carcinosarcoma","Primary Tumor"
"4569",0.483846153846154,0.982456140350877,0.00227032162436969,"Uterine Carcinosarcoma","Primary Tumor"
"4570",0.483942307692308,0.982456140350877,0.00226880411353669,"Uterine Carcinosarcoma","Primary Tumor"
"4571",0.484038461538462,0.982456140350877,0.00226869303018051,"Uterine Carcinosarcoma","Primary Tumor"
"4572",0.484134615384615,0.982456140350877,0.00226852844810388,"Uterine Carcinosarcoma","Primary Tumor"
"4573",0.484230769230769,0.982456140350877,0.00226829615344804,"Uterine Carcinosarcoma","Primary Tumor"
"4574",0.484326923076923,0.982456140350877,0.00226779193886173,"Uterine Carcinosarcoma","Primary Tumor"
"4575",0.484423076923077,0.982456140350877,0.00226713453336558,"Uterine Carcinosarcoma","Primary Tumor"
"4576",0.486442307692308,0.982456140350877,0.00226698454163954,"Uterine Carcinosarcoma","Primary Tumor"
"4577",0.486538461538462,0.982456140350877,0.00226688739849434,"Uterine Carcinosarcoma","Primary Tumor"
"4578",0.486634615384615,0.982456140350877,0.0022668369632205,"Uterine Carcinosarcoma","Primary Tumor"
"4579",0.486730769230769,0.982456140350877,0.00226637667068363,"Uterine Carcinosarcoma","Primary Tumor"
"4580",0.486826923076923,0.982456140350877,0.00226452279740008,"Uterine Carcinosarcoma","Primary Tumor"
"4581",0.487019230769231,0.982456140350877,0.00226444475100451,"Uterine Carcinosarcoma","Primary Tumor"
"4582",0.487115384615385,0.982456140350877,0.00226387492392577,"Uterine Carcinosarcoma","Primary Tumor"
"4583",0.487211538461538,0.982456140350877,0.00226364808751145,"Uterine Carcinosarcoma","Primary Tumor"
"4584",0.487307692307692,0.982456140350877,0.00226313164494518,"Uterine Carcinosarcoma","Primary Tumor"
"4585",0.4875,0.982456140350877,0.00226178951772793,"Uterine Carcinosarcoma","Primary Tumor"
"4586",0.487596153846154,0.982456140350877,0.00226136173725644,"Uterine Carcinosarcoma","Primary Tumor"
"4587",0.487692307692308,0.982456140350877,0.00226124513815795,"Uterine Carcinosarcoma","Primary Tumor"
"4588",0.488269230769231,0.982456140350877,0.00226016622471525,"Uterine Carcinosarcoma","Primary Tumor"
"4589",0.488365384615385,0.982456140350877,0.00225969744196397,"Uterine Carcinosarcoma","Primary Tumor"
"4590",0.488461538461538,0.982456140350877,0.00225898929270463,"Uterine Carcinosarcoma","Primary Tumor"
"4591",0.488557692307692,0.982456140350877,0.00225760796844621,"Uterine Carcinosarcoma","Primary Tumor"
"4592",0.488653846153846,0.982456140350877,0.00225754245650012,"Uterine Carcinosarcoma","Primary Tumor"
"4593",0.48875,0.982456140350877,0.00225564669897649,"Uterine Carcinosarcoma","Primary Tumor"
"4594",0.488846153846154,0.982456140350877,0.0022548635806946,"Uterine Carcinosarcoma","Primary Tumor"
"4595",0.488942307692308,0.982456140350877,0.00225472772499258,"Uterine Carcinosarcoma","Primary Tumor"
"4596",0.489230769230769,0.982456140350877,0.00225392097288024,"Uterine Carcinosarcoma","Primary Tumor"
"4597",0.489326923076923,0.982456140350877,0.00225387740874428,"Uterine Carcinosarcoma","Primary Tumor"
"4598",0.489423076923077,0.982456140350877,0.00225330579303995,"Uterine Carcinosarcoma","Primary Tumor"
"4599",0.489519230769231,0.982456140350877,0.00225328649711676,"Uterine Carcinosarcoma","Primary Tumor"
"4600",0.489615384615385,0.982456140350877,0.00225250027283919,"Uterine Carcinosarcoma","Primary Tumor"
"4601",0.489711538461538,0.982456140350877,0.002252252758843,"Uterine Carcinosarcoma","Primary Tumor"
"4602",0.489807692307692,0.982456140350877,0.00225182693837855,"Uterine Carcinosarcoma","Primary Tumor"
"4603",0.489903846153846,0.982456140350877,0.00225182549891223,"Uterine Carcinosarcoma","Primary Tumor"
"4604",0.49,0.982456140350877,0.00225174612038304,"Uterine Carcinosarcoma","Primary Tumor"
"4605",0.490096153846154,0.982456140350877,0.00225165677366312,"Uterine Carcinosarcoma","Primary Tumor"
"4606",0.490192307692308,0.982456140350877,0.00225112362959701,"Uterine Carcinosarcoma","Primary Tumor"
"4607",0.490288461538462,0.982456140350877,0.00225090290559793,"Uterine Carcinosarcoma","Primary Tumor"
"4608",0.490384615384615,0.982456140350877,0.0022496957018221,"Uterine Carcinosarcoma","Primary Tumor"
"4609",0.490480769230769,0.982456140350877,0.00224855115406919,"Uterine Carcinosarcoma","Primary Tumor"
"4610",0.490576923076923,0.982456140350877,0.00224818186227549,"Uterine Carcinosarcoma","Primary Tumor"
"4611",0.490673076923077,0.982456140350877,0.00224784905480402,"Uterine Carcinosarcoma","Primary Tumor"
"4612",0.491346153846154,0.982456140350877,0.00224703530781656,"Uterine Carcinosarcoma","Primary Tumor"
"4613",0.491442307692308,0.982456140350877,0.00224631393239061,"Uterine Carcinosarcoma","Primary Tumor"
"4614",0.491538461538462,0.982456140350877,0.00224577551360905,"Uterine Carcinosarcoma","Primary Tumor"
"4615",0.491634615384615,0.982456140350877,0.00224574541860167,"Uterine Carcinosarcoma","Primary Tumor"
"4616",0.491730769230769,0.982456140350877,0.0022450134199381,"Uterine Carcinosarcoma","Primary Tumor"
"4617",0.491826923076923,0.982456140350877,0.00224500490187862,"Uterine Carcinosarcoma","Primary Tumor"
"4618",0.491923076923077,0.982456140350877,0.00224494564405908,"Uterine Carcinosarcoma","Primary Tumor"
"4619",0.492019230769231,0.982456140350877,0.00224424644298338,"Uterine Carcinosarcoma","Primary Tumor"
"4620",0.492115384615385,0.982456140350877,0.00224421292728838,"Uterine Carcinosarcoma","Primary Tumor"
"4621",0.492211538461538,0.982456140350877,0.00224372774534487,"Uterine Carcinosarcoma","Primary Tumor"
"4622",0.492307692307692,0.982456140350877,0.00224256895043429,"Uterine Carcinosarcoma","Primary Tumor"
"4623",0.492403846153846,0.982456140350877,0.00224244096347115,"Uterine Carcinosarcoma","Primary Tumor"
"4624",0.4925,0.982456140350877,0.00224196768286855,"Uterine Carcinosarcoma","Primary Tumor"
"4625",0.492596153846154,0.982456140350877,0.00224020954406967,"Uterine Carcinosarcoma","Primary Tumor"
"4626",0.492692307692308,0.982456140350877,0.00223995178327252,"Uterine Carcinosarcoma","Primary Tumor"
"4627",0.492788461538462,0.982456140350877,0.0022390521592488,"Uterine Carcinosarcoma","Primary Tumor"
"4628",0.492884615384615,0.982456140350877,0.00223877399290784,"Uterine Carcinosarcoma","Primary Tumor"
"4629",0.492980769230769,0.982456140350877,0.00223871169022349,"Uterine Carcinosarcoma","Primary Tumor"
"4630",0.493076923076923,0.982456140350877,0.00223843907089305,"Uterine Carcinosarcoma","Primary Tumor"
"4631",0.493173076923077,0.982456140350877,0.0022377477627602,"Uterine Carcinosarcoma","Primary Tumor"
"4632",0.493269230769231,0.982456140350877,0.00223763862368165,"Uterine Carcinosarcoma","Primary Tumor"
"4633",0.493365384615385,0.982456140350877,0.00223725877345249,"Uterine Carcinosarcoma","Primary Tumor"
"4634",0.493461538461538,0.982456140350877,0.00223651038472517,"Uterine Carcinosarcoma","Primary Tumor"
"4635",0.493557692307692,0.982456140350877,0.00223614368915204,"Uterine Carcinosarcoma","Primary Tumor"
"4636",0.493653846153846,0.982456140350877,0.00223528286413566,"Uterine Carcinosarcoma","Primary Tumor"
"4637",0.49375,0.982456140350877,0.00223515047590439,"Uterine Carcinosarcoma","Primary Tumor"
"4638",0.493846153846154,0.982456140350877,0.00223512200013865,"Uterine Carcinosarcoma","Primary Tumor"
"4639",0.493942307692308,0.982456140350877,0.00223491870863513,"Uterine Carcinosarcoma","Primary Tumor"
"4640",0.494230769230769,0.982456140350877,0.00223324474403774,"Uterine Carcinosarcoma","Primary Tumor"
"4641",0.494423076923077,0.982456140350877,0.00223193790784504,"Uterine Carcinosarcoma","Primary Tumor"
"4642",0.494519230769231,0.982456140350877,0.0022309107706413,"Uterine Carcinosarcoma","Primary Tumor"
"4643",0.494615384615385,0.982456140350877,0.00222961375120612,"Uterine Carcinosarcoma","Primary Tumor"
"4644",0.494711538461538,0.982456140350877,0.00222846355281503,"Uterine Carcinosarcoma","Primary Tumor"
"4645",0.494807692307692,0.982456140350877,0.00222808724910828,"Uterine Carcinosarcoma","Primary Tumor"
"4646",0.494903846153846,0.982456140350877,0.00222748669761108,"Uterine Carcinosarcoma","Primary Tumor"
"4647",0.495,0.982456140350877,0.00222731149639854,"Uterine Carcinosarcoma","Primary Tumor"
"4648",0.495096153846154,0.982456140350877,0.00222670777748213,"Uterine Carcinosarcoma","Primary Tumor"
"4649",0.495192307692308,0.982456140350877,0.0022252841396041,"Uterine Carcinosarcoma","Primary Tumor"
"4650",0.495288461538462,0.982456140350877,0.00222504827778391,"Uterine Carcinosarcoma","Primary Tumor"
"4651",0.495384615384615,0.982456140350877,0.00222489430999495,"Uterine Carcinosarcoma","Primary Tumor"
"4652",0.495480769230769,0.982456140350877,0.00222462797779799,"Uterine Carcinosarcoma","Primary Tumor"
"4653",0.495769230769231,0.982456140350877,0.00222419393811701,"Uterine Carcinosarcoma","Primary Tumor"
"4654",0.495865384615385,0.982456140350877,0.00222289603313952,"Uterine Carcinosarcoma","Primary Tumor"
"4655",0.495961538461538,0.982456140350877,0.00222235572089968,"Uterine Carcinosarcoma","Primary Tumor"
"4656",0.496057692307692,0.982456140350877,0.00222187490478831,"Uterine Carcinosarcoma","Primary Tumor"
"4657",0.496153846153846,0.982456140350877,0.00222023481864819,"Uterine Carcinosarcoma","Primary Tumor"
"4658",0.49625,0.982456140350877,0.00221955174719646,"Uterine Carcinosarcoma","Primary Tumor"
"4659",0.496346153846154,0.982456140350877,0.00221915824608998,"Uterine Carcinosarcoma","Primary Tumor"
"4660",0.496442307692308,0.982456140350877,0.00221913917308525,"Uterine Carcinosarcoma","Primary Tumor"
"4661",0.496538461538462,0.982456140350877,0.00221829992258205,"Uterine Carcinosarcoma","Primary Tumor"
"4662",0.496634615384615,0.982456140350877,0.00221543486105513,"Uterine Carcinosarcoma","Primary Tumor"
"4663",0.496634615384615,1,0.00221412530288478,"Uterine Carcinosarcoma","Primary Tumor"
"4664",0.496730769230769,1,0.00221369348542422,"Uterine Carcinosarcoma","Primary Tumor"
"4665",0.496826923076923,1,0.00221350985763702,"Uterine Carcinosarcoma","Primary Tumor"
"4666",0.496923076923077,1,0.00221312305346477,"Uterine Carcinosarcoma","Primary Tumor"
"4667",0.497115384615385,1,0.00221258999941554,"Uterine Carcinosarcoma","Primary Tumor"
"4668",0.497211538461538,1,0.00221250747337687,"Uterine Carcinosarcoma","Primary Tumor"
"4669",0.497307692307692,1,0.00221238887021014,"Uterine Carcinosarcoma","Primary Tumor"
"4670",0.497403846153846,1,0.00221221814687511,"Uterine Carcinosarcoma","Primary Tumor"
"4671",0.4975,1,0.00221210255272941,"Uterine Carcinosarcoma","Primary Tumor"
"4672",0.498173076923077,1,0.00221176232839837,"Uterine Carcinosarcoma","Primary Tumor"
"4673",0.498269230769231,1,0.00221103738370931,"Uterine Carcinosarcoma","Primary Tumor"
"4674",0.498365384615385,1,0.00221077128897373,"Uterine Carcinosarcoma","Primary Tumor"
"4675",0.498461538461538,1,0.0022100195173449,"Uterine Carcinosarcoma","Primary Tumor"
"4676",0.498653846153846,1,0.00220884878484418,"Uterine Carcinosarcoma","Primary Tumor"
"4677",0.49875,1,0.00220652193766535,"Uterine Carcinosarcoma","Primary Tumor"
"4678",0.498846153846154,1,0.002205630198574,"Uterine Carcinosarcoma","Primary Tumor"
"4679",0.498942307692308,1,0.00220552417910747,"Uterine Carcinosarcoma","Primary Tumor"
"4680",0.499038461538462,1,0.0022051972387358,"Uterine Carcinosarcoma","Primary Tumor"
"4681",0.499134615384615,1,0.00220463339665311,"Uterine Carcinosarcoma","Primary Tumor"
"4682",0.499230769230769,1,0.00220462137373822,"Uterine Carcinosarcoma","Primary Tumor"
"4683",0.499326923076923,1,0.00220381204745512,"Uterine Carcinosarcoma","Primary Tumor"
"4684",0.499423076923077,1,0.0022029305118465,"Uterine Carcinosarcoma","Primary Tumor"
"4685",0.499519230769231,1,0.00220258864948786,"Uterine Carcinosarcoma","Primary Tumor"
"4686",0.499615384615385,1,0.00220220824776685,"Uterine Carcinosarcoma","Primary Tumor"
"4687",0.500096153846154,1,0.00220210054142966,"Uterine Carcinosarcoma","Primary Tumor"
"4688",0.500192307692308,1,0.00220196360989178,"Uterine Carcinosarcoma","Primary Tumor"
"4689",0.500288461538462,1,0.00220039616595158,"Uterine Carcinosarcoma","Primary Tumor"
"4690",0.500576923076923,1,0.0022000156061156,"Uterine Carcinosarcoma","Primary Tumor"
"4691",0.500673076923077,1,0.00219863946389875,"Uterine Carcinosarcoma","Primary Tumor"
"4692",0.500769230769231,1,0.00219806919737875,"Uterine Carcinosarcoma","Primary Tumor"
"4693",0.500865384615385,1,0.00219801530586317,"Uterine Carcinosarcoma","Primary Tumor"
"4694",0.501057692307692,1,0.00219694952013272,"Uterine Carcinosarcoma","Primary Tumor"
"4695",0.501153846153846,1,0.00219585047207072,"Uterine Carcinosarcoma","Primary Tumor"
"4696",0.501346153846154,1,0.00219571570256027,"Uterine Carcinosarcoma","Primary Tumor"
"4697",0.501442307692308,1,0.00219563391892941,"Uterine Carcinosarcoma","Primary Tumor"
"4698",0.501538461538461,1,0.00219532188262617,"Uterine Carcinosarcoma","Primary Tumor"
"4699",0.501634615384615,1,0.0021942290668987,"Uterine Carcinosarcoma","Primary Tumor"
"4700",0.501730769230769,1,0.00219404755283048,"Uterine Carcinosarcoma","Primary Tumor"
"4701",0.501826923076923,1,0.00219404072862495,"Uterine Carcinosarcoma","Primary Tumor"
"4702",0.501923076923077,1,0.00219102785621339,"Uterine Carcinosarcoma","Primary Tumor"
"4703",0.502019230769231,1,0.00219006323821069,"Uterine Carcinosarcoma","Primary Tumor"
"4704",0.502211538461538,1,0.00219005782491133,"Uterine Carcinosarcoma","Primary Tumor"
"4705",0.502307692307692,1,0.0021892514515085,"Uterine Carcinosarcoma","Primary Tumor"
"4706",0.502403846153846,1,0.00218882688347455,"Uterine Carcinosarcoma","Primary Tumor"
"4707",0.5025,1,0.00218870806787919,"Uterine Carcinosarcoma","Primary Tumor"
"4708",0.502596153846154,1,0.00218823701872106,"Uterine Carcinosarcoma","Primary Tumor"
"4709",0.502692307692308,1,0.00218789037091172,"Uterine Carcinosarcoma","Primary Tumor"
"4710",0.502788461538462,1,0.00218779630393628,"Uterine Carcinosarcoma","Primary Tumor"
"4711",0.502884615384615,1,0.00218735340795007,"Uterine Carcinosarcoma","Primary Tumor"
"4712",0.502980769230769,1,0.002186505265942,"Uterine Carcinosarcoma","Primary Tumor"
"4713",0.503076923076923,1,0.00218630231939199,"Uterine Carcinosarcoma","Primary Tumor"
"4714",0.503173076923077,1,0.0021861957433712,"Uterine Carcinosarcoma","Primary Tumor"
"4715",0.504423076923077,1,0.00218523050200892,"Uterine Carcinosarcoma","Primary Tumor"
"4716",0.504519230769231,1,0.00218502970982692,"Uterine Carcinosarcoma","Primary Tumor"
"4717",0.504615384615385,1,0.00218456249861654,"Uterine Carcinosarcoma","Primary Tumor"
"4718",0.504711538461538,1,0.0021836624915218,"Uterine Carcinosarcoma","Primary Tumor"
"4719",0.504807692307692,1,0.00218298479856971,"Uterine Carcinosarcoma","Primary Tumor"
"4720",0.504903846153846,1,0.00218235622256291,"Uterine Carcinosarcoma","Primary Tumor"
"4721",0.505,1,0.00218208904150208,"Uterine Carcinosarcoma","Primary Tumor"
"4722",0.505096153846154,1,0.00218169061859363,"Uterine Carcinosarcoma","Primary Tumor"
"4723",0.505192307692308,1,0.00218060180638624,"Uterine Carcinosarcoma","Primary Tumor"
"4724",0.505288461538462,1,0.00218000929081774,"Uterine Carcinosarcoma","Primary Tumor"
"4725",0.505384615384615,1,0.00217967455663071,"Uterine Carcinosarcoma","Primary Tumor"
"4726",0.505480769230769,1,0.00217931406925942,"Uterine Carcinosarcoma","Primary Tumor"
"4727",0.505576923076923,1,0.00217890076026972,"Uterine Carcinosarcoma","Primary Tumor"
"4728",0.505673076923077,1,0.00217750639113101,"Uterine Carcinosarcoma","Primary Tumor"
"4729",0.505769230769231,1,0.00217546197740703,"Uterine Carcinosarcoma","Primary Tumor"
"4730",0.505865384615385,1,0.00217488535871313,"Uterine Carcinosarcoma","Primary Tumor"
"4731",0.505961538461538,1,0.0021747138135223,"Uterine Carcinosarcoma","Primary Tumor"
"4732",0.506442307692308,1,0.00217443817348484,"Uterine Carcinosarcoma","Primary Tumor"
"4733",0.506538461538461,1,0.00217428091651006,"Uterine Carcinosarcoma","Primary Tumor"
"4734",0.506923076923077,1,0.00217419559483845,"Uterine Carcinosarcoma","Primary Tumor"
"4735",0.507019230769231,1,0.00217397619071902,"Uterine Carcinosarcoma","Primary Tumor"
"4736",0.507115384615385,1,0.00217390286210917,"Uterine Carcinosarcoma","Primary Tumor"
"4737",0.507211538461538,1,0.00217324807990893,"Uterine Carcinosarcoma","Primary Tumor"
"4738",0.507307692307692,1,0.00217253584549815,"Uterine Carcinosarcoma","Primary Tumor"
"4739",0.507403846153846,1,0.00217242296710474,"Uterine Carcinosarcoma","Primary Tumor"
"4740",0.5075,1,0.0021711156964761,"Uterine Carcinosarcoma","Primary Tumor"
"4741",0.507596153846154,1,0.00216915943160989,"Uterine Carcinosarcoma","Primary Tumor"
"4742",0.507692307692308,1,0.00216908143027683,"Uterine Carcinosarcoma","Primary Tumor"
"4743",0.507980769230769,1,0.00216893951225594,"Uterine Carcinosarcoma","Primary Tumor"
"4744",0.508076923076923,1,0.00216889429871858,"Uterine Carcinosarcoma","Primary Tumor"
"4745",0.508173076923077,1,0.00216867188949788,"Uterine Carcinosarcoma","Primary Tumor"
"4746",0.508269230769231,1,0.00216830458496486,"Uterine Carcinosarcoma","Primary Tumor"
"4747",0.508365384615385,1,0.00216809347499791,"Uterine Carcinosarcoma","Primary Tumor"
"4748",0.508461538461538,1,0.00216773623569999,"Uterine Carcinosarcoma","Primary Tumor"
"4749",0.508557692307692,1,0.00216723838670752,"Uterine Carcinosarcoma","Primary Tumor"
"4750",0.50875,1,0.00216630102267967,"Uterine Carcinosarcoma","Primary Tumor"
"4751",0.508846153846154,1,0.00216601861871712,"Uterine Carcinosarcoma","Primary Tumor"
"4752",0.508942307692308,1,0.00216484066780587,"Uterine Carcinosarcoma","Primary Tumor"
"4753",0.509038461538462,1,0.00216472961811132,"Uterine Carcinosarcoma","Primary Tumor"
"4754",0.509134615384615,1,0.00216357021466962,"Uterine Carcinosarcoma","Primary Tumor"
"4755",0.509230769230769,1,0.00216322301406924,"Uterine Carcinosarcoma","Primary Tumor"
"4756",0.509326923076923,1,0.00216313213120856,"Uterine Carcinosarcoma","Primary Tumor"
"4757",0.509423076923077,1,0.0021630088892417,"Uterine Carcinosarcoma","Primary Tumor"
"4758",0.509519230769231,1,0.00216217153281695,"Uterine Carcinosarcoma","Primary Tumor"
"4759",0.509615384615385,1,0.00216205653293666,"Uterine Carcinosarcoma","Primary Tumor"
"4760",0.509711538461538,1,0.00216171026341871,"Uterine Carcinosarcoma","Primary Tumor"
"4761",0.509807692307692,1,0.00216164600110724,"Uterine Carcinosarcoma","Primary Tumor"
"4762",0.509903846153846,1,0.00215818881456187,"Uterine Carcinosarcoma","Primary Tumor"
"4763",0.51,1,0.00215536823258944,"Uterine Carcinosarcoma","Primary Tumor"
"4764",0.510096153846154,1,0.00215526407704458,"Uterine Carcinosarcoma","Primary Tumor"
"4765",0.510192307692308,1,0.00215430725917742,"Uterine Carcinosarcoma","Primary Tumor"
"4766",0.510288461538462,1,0.00215397616941682,"Uterine Carcinosarcoma","Primary Tumor"
"4767",0.510384615384615,1,0.00215397450659061,"Uterine Carcinosarcoma","Primary Tumor"
"4768",0.510480769230769,1,0.00215356264104571,"Uterine Carcinosarcoma","Primary Tumor"
"4769",0.51125,1,0.00215338798490106,"Uterine Carcinosarcoma","Primary Tumor"
"4770",0.511346153846154,1,0.0021533421051394,"Uterine Carcinosarcoma","Primary Tumor"
"4771",0.511442307692308,1,0.0021531433917733,"Uterine Carcinosarcoma","Primary Tumor"
"4772",0.511538461538461,1,0.00215250187439398,"Uterine Carcinosarcoma","Primary Tumor"
"4773",0.513076923076923,1,0.00215217184844274,"Uterine Carcinosarcoma","Primary Tumor"
"4774",0.513173076923077,1,0.00215201202806981,"Uterine Carcinosarcoma","Primary Tumor"
"4775",0.513269230769231,1,0.00215174060091672,"Uterine Carcinosarcoma","Primary Tumor"
"4776",0.513365384615385,1,0.00215110440213917,"Uterine Carcinosarcoma","Primary Tumor"
"4777",0.513461538461538,1,0.00215103171121633,"Uterine Carcinosarcoma","Primary Tumor"
"4778",0.513557692307692,1,0.00214938793029162,"Uterine Carcinosarcoma","Primary Tumor"
"4779",0.513653846153846,1,0.00214924370164205,"Uterine Carcinosarcoma","Primary Tumor"
"4780",0.51375,1,0.00214897915735823,"Uterine Carcinosarcoma","Primary Tumor"
"4781",0.513846153846154,1,0.00214834965399713,"Uterine Carcinosarcoma","Primary Tumor"
"4782",0.513942307692308,1,0.00214825189268097,"Uterine Carcinosarcoma","Primary Tumor"
"4783",0.514038461538462,1,0.00214743790299055,"Uterine Carcinosarcoma","Primary Tumor"
"4784",0.514134615384615,1,0.00214643903312683,"Uterine Carcinosarcoma","Primary Tumor"
"4785",0.514230769230769,1,0.00214560839100109,"Uterine Carcinosarcoma","Primary Tumor"
"4786",0.514326923076923,1,0.0021445910091108,"Uterine Carcinosarcoma","Primary Tumor"
"4787",0.514423076923077,1,0.00214403826324849,"Uterine Carcinosarcoma","Primary Tumor"
"4788",0.514519230769231,1,0.00214312484213597,"Uterine Carcinosarcoma","Primary Tumor"
"4789",0.514711538461538,1,0.0021428327351366,"Uterine Carcinosarcoma","Primary Tumor"
"4790",0.514807692307692,1,0.0021411036290212,"Uterine Carcinosarcoma","Primary Tumor"
"4791",0.514903846153846,1,0.00214079920687615,"Uterine Carcinosarcoma","Primary Tumor"
"4792",0.515,1,0.00214069183354748,"Uterine Carcinosarcoma","Primary Tumor"
"4793",0.515096153846154,1,0.00214017516597464,"Uterine Carcinosarcoma","Primary Tumor"
"4794",0.515192307692308,1,0.00213999300814982,"Uterine Carcinosarcoma","Primary Tumor"
"4795",0.515288461538462,1,0.00213861986060149,"Uterine Carcinosarcoma","Primary Tumor"
"4796",0.515384615384615,1,0.0021386153587315,"Uterine Carcinosarcoma","Primary Tumor"
"4797",0.515480769230769,1,0.00213824173169408,"Uterine Carcinosarcoma","Primary Tumor"
"4798",0.515576923076923,1,0.00213788522610814,"Uterine Carcinosarcoma","Primary Tumor"
"4799",0.515673076923077,1,0.00213773611833157,"Uterine Carcinosarcoma","Primary Tumor"
"4800",0.515769230769231,1,0.00213730749201091,"Uterine Carcinosarcoma","Primary Tumor"
"4801",0.515865384615385,1,0.00213550453769484,"Uterine Carcinosarcoma","Primary Tumor"
"4802",0.515961538461538,1,0.00213498048236838,"Uterine Carcinosarcoma","Primary Tumor"
"4803",0.516057692307692,1,0.00213495243152384,"Uterine Carcinosarcoma","Primary Tumor"
"4804",0.516153846153846,1,0.00213457127146588,"Uterine Carcinosarcoma","Primary Tumor"
"4805",0.51625,1,0.00213413247529637,"Uterine Carcinosarcoma","Primary Tumor"
"4806",0.516346153846154,1,0.00213307003963781,"Uterine Carcinosarcoma","Primary Tumor"
"4807",0.516442307692308,1,0.00213304511160683,"Uterine Carcinosarcoma","Primary Tumor"
"4808",0.516538461538462,1,0.00213172805351347,"Uterine Carcinosarcoma","Primary Tumor"
"4809",0.516634615384615,1,0.00213167324718788,"Uterine Carcinosarcoma","Primary Tumor"
"4810",0.516730769230769,1,0.00213128234634696,"Uterine Carcinosarcoma","Primary Tumor"
"4811",0.516826923076923,1,0.002130409287596,"Uterine Carcinosarcoma","Primary Tumor"
"4812",0.516923076923077,1,0.00213013262471173,"Uterine Carcinosarcoma","Primary Tumor"
"4813",0.517019230769231,1,0.00212978607466741,"Uterine Carcinosarcoma","Primary Tumor"
"4814",0.517115384615385,1,0.00212867777450754,"Uterine Carcinosarcoma","Primary Tumor"
"4815",0.517211538461538,1,0.00212834969292808,"Uterine Carcinosarcoma","Primary Tumor"
"4816",0.517307692307692,1,0.00212829195485587,"Uterine Carcinosarcoma","Primary Tumor"
"4817",0.517403846153846,1,0.00212769934684665,"Uterine Carcinosarcoma","Primary Tumor"
"4818",0.5175,1,0.0021264936929114,"Uterine Carcinosarcoma","Primary Tumor"
"4819",0.517596153846154,1,0.00212636510379516,"Uterine Carcinosarcoma","Primary Tumor"
"4820",0.517692307692308,1,0.00212600481594705,"Uterine Carcinosarcoma","Primary Tumor"
"4821",0.517788461538462,1,0.00212551344647505,"Uterine Carcinosarcoma","Primary Tumor"
"4822",0.518365384615385,1,0.00212395206363136,"Uterine Carcinosarcoma","Primary Tumor"
"4823",0.518461538461538,1,0.00212393319252391,"Uterine Carcinosarcoma","Primary Tumor"
"4824",0.518557692307692,1,0.00212311984201008,"Uterine Carcinosarcoma","Primary Tumor"
"4825",0.518653846153846,1,0.00212291953722532,"Uterine Carcinosarcoma","Primary Tumor"
"4826",0.521538461538462,1,0.00212168822947356,"Uterine Carcinosarcoma","Primary Tumor"
"4827",0.521634615384615,1,0.00212130920946374,"Uterine Carcinosarcoma","Primary Tumor"
"4828",0.521730769230769,1,0.00212019552891185,"Uterine Carcinosarcoma","Primary Tumor"
"4829",0.521826923076923,1,0.00212009659223977,"Uterine Carcinosarcoma","Primary Tumor"
"4830",0.521923076923077,1,0.0021190892026679,"Uterine Carcinosarcoma","Primary Tumor"
"4831",0.522019230769231,1,0.00211854041485315,"Uterine Carcinosarcoma","Primary Tumor"
"4832",0.522115384615385,1,0.00211835047983089,"Uterine Carcinosarcoma","Primary Tumor"
"4833",0.522884615384615,1,0.00211815928403336,"Uterine Carcinosarcoma","Primary Tumor"
"4834",0.522980769230769,1,0.00211696095182168,"Uterine Carcinosarcoma","Primary Tumor"
"4835",0.523076923076923,1,0.00211609981137839,"Uterine Carcinosarcoma","Primary Tumor"
"4836",0.523173076923077,1,0.00211575487824067,"Uterine Carcinosarcoma","Primary Tumor"
"4837",0.523653846153846,1,0.00211555423625809,"Uterine Carcinosarcoma","Primary Tumor"
"4838",0.52375,1,0.00211488653725989,"Uterine Carcinosarcoma","Primary Tumor"
"4839",0.523846153846154,1,0.00211351332325571,"Uterine Carcinosarcoma","Primary Tumor"
"4840",0.523942307692308,1,0.00211319219231054,"Uterine Carcinosarcoma","Primary Tumor"
"4841",0.524038461538462,1,0.00211256200271959,"Uterine Carcinosarcoma","Primary Tumor"
"4842",0.524134615384615,1,0.0021125147836516,"Uterine Carcinosarcoma","Primary Tumor"
"4843",0.524230769230769,1,0.00211203956512096,"Uterine Carcinosarcoma","Primary Tumor"
"4844",0.524326923076923,1,0.00211137901288472,"Uterine Carcinosarcoma","Primary Tumor"
"4845",0.524423076923077,1,0.00211125752467467,"Uterine Carcinosarcoma","Primary Tumor"
"4846",0.524519230769231,1,0.00210764913845762,"Uterine Carcinosarcoma","Primary Tumor"
"4847",0.524615384615385,1,0.0021062243498039,"Uterine Carcinosarcoma","Primary Tumor"
"4848",0.524711538461539,1,0.00210605752341941,"Uterine Carcinosarcoma","Primary Tumor"
"4849",0.524807692307692,1,0.00210405030967042,"Uterine Carcinosarcoma","Primary Tumor"
"4850",0.524903846153846,1,0.00210398559672131,"Uterine Carcinosarcoma","Primary Tumor"
"4851",0.525,1,0.00210388993165889,"Uterine Carcinosarcoma","Primary Tumor"
"4852",0.525096153846154,1,0.00210303021962455,"Uterine Carcinosarcoma","Primary Tumor"
"4853",0.525192307692308,1,0.00210196454182798,"Uterine Carcinosarcoma","Primary Tumor"
"4854",0.525288461538462,1,0.00210144964408976,"Uterine Carcinosarcoma","Primary Tumor"
"4855",0.525384615384615,1,0.00210100406306957,"Uterine Carcinosarcoma","Primary Tumor"
"4856",0.525480769230769,1,0.00210092553025099,"Uterine Carcinosarcoma","Primary Tumor"
"4857",0.525576923076923,1,0.00210032396045678,"Uterine Carcinosarcoma","Primary Tumor"
"4858",0.525673076923077,1,0.00210000078304384,"Uterine Carcinosarcoma","Primary Tumor"
"4859",0.525769230769231,1,0.00209990787950809,"Uterine Carcinosarcoma","Primary Tumor"
"4860",0.525865384615385,1,0.00209919630252053,"Uterine Carcinosarcoma","Primary Tumor"
"4861",0.525961538461538,1,0.00209879596626439,"Uterine Carcinosarcoma","Primary Tumor"
"4862",0.526057692307692,1,0.00209829525335559,"Uterine Carcinosarcoma","Primary Tumor"
"4863",0.526153846153846,1,0.0020981582580587,"Uterine Carcinosarcoma","Primary Tumor"
"4864",0.52625,1,0.00209751283059223,"Uterine Carcinosarcoma","Primary Tumor"
"4865",0.526346153846154,1,0.00209566540395467,"Uterine Carcinosarcoma","Primary Tumor"
"4866",0.527019230769231,1,0.00209496592208736,"Uterine Carcinosarcoma","Primary Tumor"
"4867",0.527211538461538,1,0.00209488783638578,"Uterine Carcinosarcoma","Primary Tumor"
"4868",0.527307692307692,1,0.00209458490517933,"Uterine Carcinosarcoma","Primary Tumor"
"4869",0.527403846153846,1,0.00209409552182971,"Uterine Carcinosarcoma","Primary Tumor"
"4870",0.528173076923077,1,0.00209400002798132,"Uterine Carcinosarcoma","Primary Tumor"
"4871",0.528269230769231,1,0.00209362455809681,"Uterine Carcinosarcoma","Primary Tumor"
"4872",0.528365384615385,1,0.00209352878831959,"Uterine Carcinosarcoma","Primary Tumor"
"4873",0.528461538461538,1,0.00209345617230927,"Uterine Carcinosarcoma","Primary Tumor"
"4874",0.528557692307692,1,0.00209326400731713,"Uterine Carcinosarcoma","Primary Tumor"
"4875",0.528653846153846,1,0.00209319672679975,"Uterine Carcinosarcoma","Primary Tumor"
"4876",0.52875,1,0.00209311195594797,"Uterine Carcinosarcoma","Primary Tumor"
"4877",0.528846153846154,1,0.00209291428702929,"Uterine Carcinosarcoma","Primary Tumor"
"4878",0.528942307692308,1,0.00209207843287162,"Uterine Carcinosarcoma","Primary Tumor"
"4879",0.529038461538462,1,0.00209158417873756,"Uterine Carcinosarcoma","Primary Tumor"
"4880",0.529134615384615,1,0.00209130412361347,"Uterine Carcinosarcoma","Primary Tumor"
"4881",0.529230769230769,1,0.00209059402545231,"Uterine Carcinosarcoma","Primary Tumor"
"4882",0.529326923076923,1,0.00208805615291285,"Uterine Carcinosarcoma","Primary Tumor"
"4883",0.529423076923077,1,0.00208799622902422,"Uterine Carcinosarcoma","Primary Tumor"
"4884",0.529519230769231,1,0.00208756300947399,"Uterine Carcinosarcoma","Primary Tumor"
"4885",0.529615384615385,1,0.00208737402863657,"Uterine Carcinosarcoma","Primary Tumor"
"4886",0.529711538461539,1,0.00208520928690248,"Uterine Carcinosarcoma","Primary Tumor"
"4887",0.529807692307692,1,0.00208485456705931,"Uterine Carcinosarcoma","Primary Tumor"
"4888",0.529903846153846,1,0.00208401047344697,"Uterine Carcinosarcoma","Primary Tumor"
"4889",0.53,1,0.00208389835760558,"Uterine Carcinosarcoma","Primary Tumor"
"4890",0.530096153846154,1,0.00208321972994252,"Uterine Carcinosarcoma","Primary Tumor"
"4891",0.530192307692308,1,0.00208288269897172,"Uterine Carcinosarcoma","Primary Tumor"
"4892",0.530288461538462,1,0.0020811933033229,"Uterine Carcinosarcoma","Primary Tumor"
"4893",0.530384615384615,1,0.00208118369599519,"Uterine Carcinosarcoma","Primary Tumor"
"4894",0.530480769230769,1,0.00208015575340226,"Uterine Carcinosarcoma","Primary Tumor"
"4895",0.530576923076923,1,0.00207999120323721,"Uterine Carcinosarcoma","Primary Tumor"
"4896",0.531153846153846,1,0.00207991254926276,"Uterine Carcinosarcoma","Primary Tumor"
"4897",0.53125,1,0.00207972365799791,"Uterine Carcinosarcoma","Primary Tumor"
"4898",0.531346153846154,1,0.00207934307560487,"Uterine Carcinosarcoma","Primary Tumor"
"4899",0.531442307692308,1,0.00207892876335192,"Uterine Carcinosarcoma","Primary Tumor"
"4900",0.531538461538462,1,0.00207850630318918,"Uterine Carcinosarcoma","Primary Tumor"
"4901",0.531634615384615,1,0.0020779063670473,"Uterine Carcinosarcoma","Primary Tumor"
"4902",0.531730769230769,1,0.00207755774565666,"Uterine Carcinosarcoma","Primary Tumor"
"4903",0.531826923076923,1,0.0020775232057334,"Uterine Carcinosarcoma","Primary Tumor"
"4904",0.531923076923077,1,0.00207675513804584,"Uterine Carcinosarcoma","Primary Tumor"
"4905",0.532019230769231,1,0.00207488030849845,"Uterine Carcinosarcoma","Primary Tumor"
"4906",0.532115384615385,1,0.00207365183269426,"Uterine Carcinosarcoma","Primary Tumor"
"4907",0.532211538461538,1,0.00207271974591017,"Uterine Carcinosarcoma","Primary Tumor"
"4908",0.532307692307692,1,0.00207235443754972,"Uterine Carcinosarcoma","Primary Tumor"
"4909",0.532403846153846,1,0.00207217609082488,"Uterine Carcinosarcoma","Primary Tumor"
"4910",0.5325,1,0.00207101066199333,"Uterine Carcinosarcoma","Primary Tumor"
"4911",0.532596153846154,1,0.0020707163299184,"Uterine Carcinosarcoma","Primary Tumor"
"4912",0.532884615384615,1,0.00207060214886634,"Uterine Carcinosarcoma","Primary Tumor"
"4913",0.532980769230769,1,0.00207036221496748,"Uterine Carcinosarcoma","Primary Tumor"
"4914",0.533076923076923,1,0.00206997230466233,"Uterine Carcinosarcoma","Primary Tumor"
"4915",0.533173076923077,1,0.00206922227304485,"Uterine Carcinosarcoma","Primary Tumor"
"4916",0.533269230769231,1,0.00206858957913736,"Uterine Carcinosarcoma","Primary Tumor"
"4917",0.533365384615385,1,0.00206853503758908,"Uterine Carcinosarcoma","Primary Tumor"
"4918",0.533461538461538,1,0.00206847960163659,"Uterine Carcinosarcoma","Primary Tumor"
"4919",0.533557692307692,1,0.0020684648229623,"Uterine Carcinosarcoma","Primary Tumor"
"4920",0.533653846153846,1,0.00206844784541604,"Uterine Carcinosarcoma","Primary Tumor"
"4921",0.53375,1,0.0020681403282079,"Uterine Carcinosarcoma","Primary Tumor"
"4922",0.533846153846154,1,0.00206795990554742,"Uterine Carcinosarcoma","Primary Tumor"
"4923",0.533942307692308,1,0.00206486880473,"Uterine Carcinosarcoma","Primary Tumor"
"4924",0.534038461538462,1,0.00206483116463163,"Uterine Carcinosarcoma","Primary Tumor"
"4925",0.534134615384615,1,0.00206414176540259,"Uterine Carcinosarcoma","Primary Tumor"
"4926",0.534230769230769,1,0.00206404412998795,"Uterine Carcinosarcoma","Primary Tumor"
"4927",0.534326923076923,1,0.00206392029079494,"Uterine Carcinosarcoma","Primary Tumor"
"4928",0.534423076923077,1,0.00206380185355948,"Uterine Carcinosarcoma","Primary Tumor"
"4929",0.534519230769231,1,0.00206295698872416,"Uterine Carcinosarcoma","Primary Tumor"
"4930",0.534615384615385,1,0.0020625298729825,"Uterine Carcinosarcoma","Primary Tumor"
"4931",0.534711538461539,1,0.00206064035360276,"Uterine Carcinosarcoma","Primary Tumor"
"4932",0.534807692307692,1,0.00206057205654697,"Uterine Carcinosarcoma","Primary Tumor"
"4933",0.534903846153846,1,0.00206027824136112,"Uterine Carcinosarcoma","Primary Tumor"
"4934",0.535,1,0.00205998134256757,"Uterine Carcinosarcoma","Primary Tumor"
"4935",0.535096153846154,1,0.00205943879519244,"Uterine Carcinosarcoma","Primary Tumor"
"4936",0.535192307692308,1,0.00205896557871155,"Uterine Carcinosarcoma","Primary Tumor"
"4937",0.535288461538462,1,0.00205895697331127,"Uterine Carcinosarcoma","Primary Tumor"
"4938",0.535384615384615,1,0.00205724585901113,"Uterine Carcinosarcoma","Primary Tumor"
"4939",0.535576923076923,1,0.00205640417364761,"Uterine Carcinosarcoma","Primary Tumor"
"4940",0.535673076923077,1,0.00205609998067635,"Uterine Carcinosarcoma","Primary Tumor"
"4941",0.535769230769231,1,0.0020560896024292,"Uterine Carcinosarcoma","Primary Tumor"
"4942",0.535961538461538,1,0.00205562875708809,"Uterine Carcinosarcoma","Primary Tumor"
"4943",0.536057692307692,1,0.00205556570421983,"Uterine Carcinosarcoma","Primary Tumor"
"4944",0.536153846153846,1,0.00205536756416813,"Uterine Carcinosarcoma","Primary Tumor"
"4945",0.53625,1,0.00205518001328131,"Uterine Carcinosarcoma","Primary Tumor"
"4946",0.536346153846154,1,0.00205456589914466,"Uterine Carcinosarcoma","Primary Tumor"
"4947",0.536442307692308,1,0.00205401219592805,"Uterine Carcinosarcoma","Primary Tumor"
"4948",0.536538461538462,1,0.00205324533352247,"Uterine Carcinosarcoma","Primary Tumor"
"4949",0.536634615384615,1,0.0020526557503282,"Uterine Carcinosarcoma","Primary Tumor"
"4950",0.536730769230769,1,0.00205165635045956,"Uterine Carcinosarcoma","Primary Tumor"
"4951",0.536826923076923,1,0.00205164677707093,"Uterine Carcinosarcoma","Primary Tumor"
"4952",0.536923076923077,1,0.0020513310272009,"Uterine Carcinosarcoma","Primary Tumor"
"4953",0.537019230769231,1,0.00205122999877394,"Uterine Carcinosarcoma","Primary Tumor"
"4954",0.537115384615385,1,0.00205077097004114,"Uterine Carcinosarcoma","Primary Tumor"
"4955",0.537211538461538,1,0.00205075947450195,"Uterine Carcinosarcoma","Primary Tumor"
"4956",0.537307692307692,1,0.00205072430738207,"Uterine Carcinosarcoma","Primary Tumor"
"4957",0.537403846153846,1,0.00205021454242416,"Uterine Carcinosarcoma","Primary Tumor"
"4958",0.537692307692308,1,0.00205020175102588,"Uterine Carcinosarcoma","Primary Tumor"
"4959",0.537788461538461,1,0.00204961396435888,"Uterine Carcinosarcoma","Primary Tumor"
"4960",0.537884615384615,1,0.00204897228056011,"Uterine Carcinosarcoma","Primary Tumor"
"4961",0.538076923076923,1,0.00204773865408026,"Uterine Carcinosarcoma","Primary Tumor"
"4962",0.538173076923077,1,0.00204728233738705,"Uterine Carcinosarcoma","Primary Tumor"
"4963",0.538269230769231,1,0.00204697195226777,"Uterine Carcinosarcoma","Primary Tumor"
"4964",0.538365384615385,1,0.00204605263207969,"Uterine Carcinosarcoma","Primary Tumor"
"4965",0.538461538461538,1,0.0020452991545038,"Uterine Carcinosarcoma","Primary Tumor"
"4966",0.538557692307692,1,0.00204318432923101,"Uterine Carcinosarcoma","Primary Tumor"
"4967",0.538653846153846,1,0.00204312621936287,"Uterine Carcinosarcoma","Primary Tumor"
"4968",0.53875,1,0.00204312376478211,"Uterine Carcinosarcoma","Primary Tumor"
"4969",0.538846153846154,1,0.00204238514074118,"Uterine Carcinosarcoma","Primary Tumor"
"4970",0.541442307692308,1,0.0020418179273517,"Uterine Carcinosarcoma","Primary Tumor"
"4971",0.541538461538462,1,0.00204171842442702,"Uterine Carcinosarcoma","Primary Tumor"
"4972",0.541634615384615,1,0.00204131524273443,"Uterine Carcinosarcoma","Primary Tumor"
"4973",0.541730769230769,1,0.00204111177619237,"Uterine Carcinosarcoma","Primary Tumor"
"4974",0.541826923076923,1,0.00204018093156577,"Uterine Carcinosarcoma","Primary Tumor"
"4975",0.541923076923077,1,0.00203978392782334,"Uterine Carcinosarcoma","Primary Tumor"
"4976",0.542019230769231,1,0.00203951806368696,"Uterine Carcinosarcoma","Primary Tumor"
"4977",0.542115384615385,1,0.00203917192132996,"Uterine Carcinosarcoma","Primary Tumor"
"4978",0.542211538461538,1,0.00203857215568071,"Uterine Carcinosarcoma","Primary Tumor"
"4979",0.542307692307692,1,0.00203852651935865,"Uterine Carcinosarcoma","Primary Tumor"
"4980",0.542403846153846,1,0.00203852119505066,"Uterine Carcinosarcoma","Primary Tumor"
"4981",0.5425,1,0.00203808634155234,"Uterine Carcinosarcoma","Primary Tumor"
"4982",0.542596153846154,1,0.00203777398655502,"Uterine Carcinosarcoma","Primary Tumor"
"4983",0.542692307692308,1,0.00203773785918782,"Uterine Carcinosarcoma","Primary Tumor"
"4984",0.542788461538461,1,0.00203707913129703,"Uterine Carcinosarcoma","Primary Tumor"
"4985",0.542884615384615,1,0.00203679740200857,"Uterine Carcinosarcoma","Primary Tumor"
"4986",0.542980769230769,1,0.00203613922284185,"Uterine Carcinosarcoma","Primary Tumor"
"4987",0.543076923076923,1,0.00203540781771938,"Uterine Carcinosarcoma","Primary Tumor"
"4988",0.543173076923077,1,0.00203529729391028,"Uterine Carcinosarcoma","Primary Tumor"
"4989",0.543269230769231,1,0.00203506274425191,"Uterine Carcinosarcoma","Primary Tumor"
"4990",0.543461538461538,1,0.00203489082037966,"Uterine Carcinosarcoma","Primary Tumor"
"4991",0.543557692307692,1,0.00203428513574588,"Uterine Carcinosarcoma","Primary Tumor"
"4992",0.543653846153846,1,0.00203392596531127,"Uterine Carcinosarcoma","Primary Tumor"
"4993",0.54375,1,0.00203382398523932,"Uterine Carcinosarcoma","Primary Tumor"
"4994",0.543846153846154,1,0.00203276100890437,"Uterine Carcinosarcoma","Primary Tumor"
"4995",0.543942307692308,1,0.00203234994881307,"Uterine Carcinosarcoma","Primary Tumor"
"4996",0.544038461538462,1,0.002032190975085,"Uterine Carcinosarcoma","Primary Tumor"
"4997",0.544134615384615,1,0.00203213560446658,"Uterine Carcinosarcoma","Primary Tumor"
"4998",0.544230769230769,1,0.00203194203222168,"Uterine Carcinosarcoma","Primary Tumor"
"4999",0.544326923076923,1,0.00203163156670727,"Uterine Carcinosarcoma","Primary Tumor"
"5000",0.544423076923077,1,0.00203064697617861,"Uterine Carcinosarcoma","Primary Tumor"
"5001",0.544519230769231,1,0.00203059388495186,"Uterine Carcinosarcoma","Primary Tumor"
"5002",0.544615384615385,1,0.00202999859577657,"Uterine Carcinosarcoma","Primary Tumor"
"5003",0.544711538461538,1,0.0020296801504579,"Uterine Carcinosarcoma","Primary Tumor"
"5004",0.544807692307692,1,0.00202887458555645,"Uterine Carcinosarcoma","Primary Tumor"
"5005",0.544903846153846,1,0.00202783626135516,"Uterine Carcinosarcoma","Primary Tumor"
"5006",0.545384615384615,1,0.00202771664025114,"Uterine Carcinosarcoma","Primary Tumor"
"5007",0.545480769230769,1,0.00202681091718659,"Uterine Carcinosarcoma","Primary Tumor"
"5008",0.545576923076923,1,0.00202644969238941,"Uterine Carcinosarcoma","Primary Tumor"
"5009",0.545673076923077,1,0.00202630059285192,"Uterine Carcinosarcoma","Primary Tumor"
"5010",0.545769230769231,1,0.00202623788042278,"Uterine Carcinosarcoma","Primary Tumor"
"5011",0.545865384615385,1,0.0020255285899925,"Uterine Carcinosarcoma","Primary Tumor"
"5012",0.545961538461538,1,0.00202489480208545,"Uterine Carcinosarcoma","Primary Tumor"
"5013",0.546057692307692,1,0.00202478741730949,"Uterine Carcinosarcoma","Primary Tumor"
"5014",0.546153846153846,1,0.00202454099581617,"Uterine Carcinosarcoma","Primary Tumor"
"5015",0.54625,1,0.00202372821570584,"Uterine Carcinosarcoma","Primary Tumor"
"5016",0.546346153846154,1,0.00202365453404851,"Uterine Carcinosarcoma","Primary Tumor"
"5017",0.546442307692308,1,0.0020236037932293,"Uterine Carcinosarcoma","Primary Tumor"
"5018",0.546538461538462,1,0.00202223143090585,"Uterine Carcinosarcoma","Primary Tumor"
"5019",0.546634615384615,1,0.00202191461163959,"Uterine Carcinosarcoma","Primary Tumor"
"5020",0.546730769230769,1,0.00202170410263536,"Uterine Carcinosarcoma","Primary Tumor"
"5021",0.547019230769231,1,0.00202044363972453,"Uterine Carcinosarcoma","Primary Tumor"
"5022",0.547115384615385,1,0.00202017191282711,"Uterine Carcinosarcoma","Primary Tumor"
"5023",0.547211538461538,1,0.00202016229719504,"Uterine Carcinosarcoma","Primary Tumor"
"5024",0.547307692307692,1,0.00201945347765631,"Uterine Carcinosarcoma","Primary Tumor"
"5025",0.547403846153846,1,0.00201837340942101,"Uterine Carcinosarcoma","Primary Tumor"
"5026",0.549326923076923,1,0.00201829371621198,"Uterine Carcinosarcoma","Primary Tumor"
"5027",0.549423076923077,1,0.00201752949568557,"Uterine Carcinosarcoma","Primary Tumor"
"5028",0.549807692307692,1,0.00201692042681711,"Uterine Carcinosarcoma","Primary Tumor"
"5029",0.549903846153846,1,0.00201669244088798,"Uterine Carcinosarcoma","Primary Tumor"
"5030",0.55,1,0.00201640390011271,"Uterine Carcinosarcoma","Primary Tumor"
"5031",0.550096153846154,1,0.00201634329978917,"Uterine Carcinosarcoma","Primary Tumor"
"5032",0.550192307692308,1,0.00201597799072772,"Uterine Carcinosarcoma","Primary Tumor"
"5033",0.550288461538462,1,0.00201573394539734,"Uterine Carcinosarcoma","Primary Tumor"
"5034",0.550384615384615,1,0.00201525990777429,"Uterine Carcinosarcoma","Primary Tumor"
"5035",0.550480769230769,1,0.00201483766049537,"Uterine Carcinosarcoma","Primary Tumor"
"5036",0.550576923076923,1,0.00201462558857557,"Uterine Carcinosarcoma","Primary Tumor"
"5037",0.550673076923077,1,0.0020142462001459,"Uterine Carcinosarcoma","Primary Tumor"
"5038",0.550769230769231,1,0.00201420595966006,"Uterine Carcinosarcoma","Primary Tumor"
"5039",0.550865384615385,1,0.00201403682909029,"Uterine Carcinosarcoma","Primary Tumor"
"5040",0.550961538461539,1,0.00201398288654575,"Uterine Carcinosarcoma","Primary Tumor"
"5041",0.55125,1,0.0020138816030465,"Uterine Carcinosarcoma","Primary Tumor"
"5042",0.551346153846154,1,0.00201366989376117,"Uterine Carcinosarcoma","Primary Tumor"
"5043",0.551442307692308,1,0.00201350522374832,"Uterine Carcinosarcoma","Primary Tumor"
"5044",0.551538461538462,1,0.00201338485863667,"Uterine Carcinosarcoma","Primary Tumor"
"5045",0.551634615384615,1,0.00201320139645556,"Uterine Carcinosarcoma","Primary Tumor"
"5046",0.551730769230769,1,0.00201268308292868,"Uterine Carcinosarcoma","Primary Tumor"
"5047",0.551826923076923,1,0.00201254408211249,"Uterine Carcinosarcoma","Primary Tumor"
"5048",0.551923076923077,1,0.00201233414749302,"Uterine Carcinosarcoma","Primary Tumor"
"5049",0.552211538461538,1,0.0020120812406399,"Uterine Carcinosarcoma","Primary Tumor"
"5050",0.5525,1,0.00201197921201379,"Uterine Carcinosarcoma","Primary Tumor"
"5051",0.552596153846154,1,0.00201029448025947,"Uterine Carcinosarcoma","Primary Tumor"
"5052",0.552692307692308,1,0.00200994277087585,"Uterine Carcinosarcoma","Primary Tumor"
"5053",0.552788461538462,1,0.00200946593301632,"Uterine Carcinosarcoma","Primary Tumor"
"5054",0.552980769230769,1,0.00200904064392371,"Uterine Carcinosarcoma","Primary Tumor"
"5055",0.553076923076923,1,0.00200893035585603,"Uterine Carcinosarcoma","Primary Tumor"
"5056",0.553173076923077,1,0.00200885618198465,"Uterine Carcinosarcoma","Primary Tumor"
"5057",0.553269230769231,1,0.0020088277567194,"Uterine Carcinosarcoma","Primary Tumor"
"5058",0.553365384615385,1,0.0020081631155443,"Uterine Carcinosarcoma","Primary Tumor"
"5059",0.553461538461538,1,0.00200736934008572,"Uterine Carcinosarcoma","Primary Tumor"
"5060",0.557307692307692,1,0.00200729353337536,"Uterine Carcinosarcoma","Primary Tumor"
"5061",0.557403846153846,1,0.00200647017867406,"Uterine Carcinosarcoma","Primary Tumor"
"5062",0.5575,1,0.00200638924556917,"Uterine Carcinosarcoma","Primary Tumor"
"5063",0.557596153846154,1,0.00200632804885992,"Uterine Carcinosarcoma","Primary Tumor"
"5064",0.557692307692308,1,0.00200616685710764,"Uterine Carcinosarcoma","Primary Tumor"
"5065",0.557788461538462,1,0.00200498784378633,"Uterine Carcinosarcoma","Primary Tumor"
"5066",0.557884615384615,1,0.00200443907249592,"Uterine Carcinosarcoma","Primary Tumor"
"5067",0.557980769230769,1,0.00200422731790462,"Uterine Carcinosarcoma","Primary Tumor"
"5068",0.558076923076923,1,0.00200380685289747,"Uterine Carcinosarcoma","Primary Tumor"
"5069",0.558173076923077,1,0.00200324893749493,"Uterine Carcinosarcoma","Primary Tumor"
"5070",0.558269230769231,1,0.00200320268170684,"Uterine Carcinosarcoma","Primary Tumor"
"5071",0.558365384615385,1,0.00200229919216111,"Uterine Carcinosarcoma","Primary Tumor"
"5072",0.558557692307692,1,0.00200178125379546,"Uterine Carcinosarcoma","Primary Tumor"
"5073",0.558653846153846,1,0.00200150398198584,"Uterine Carcinosarcoma","Primary Tumor"
"5074",0.55875,1,0.00200128959602852,"Uterine Carcinosarcoma","Primary Tumor"
"5075",0.558846153846154,1,0.00199983327583741,"Uterine Carcinosarcoma","Primary Tumor"
"5076",0.558942307692308,1,0.00199899422914285,"Uterine Carcinosarcoma","Primary Tumor"
"5077",0.559038461538461,1,0.00199877771337409,"Uterine Carcinosarcoma","Primary Tumor"
"5078",0.559134615384615,1,0.00199874122990329,"Uterine Carcinosarcoma","Primary Tumor"
"5079",0.559230769230769,1,0.00199857395696112,"Uterine Carcinosarcoma","Primary Tumor"
"5080",0.559326923076923,1,0.0019978223333259,"Uterine Carcinosarcoma","Primary Tumor"
"5081",0.559423076923077,1,0.00199682648634869,"Uterine Carcinosarcoma","Primary Tumor"
"5082",0.559519230769231,1,0.00199633055882431,"Uterine Carcinosarcoma","Primary Tumor"
"5083",0.559615384615385,1,0.00199617638870897,"Uterine Carcinosarcoma","Primary Tumor"
"5084",0.559711538461538,1,0.00199613181433378,"Uterine Carcinosarcoma","Primary Tumor"
"5085",0.559807692307692,1,0.00199585640804545,"Uterine Carcinosarcoma","Primary Tumor"
"5086",0.559903846153846,1,0.00199534581788241,"Uterine Carcinosarcoma","Primary Tumor"
"5087",0.56,1,0.00199403892876671,"Uterine Carcinosarcoma","Primary Tumor"
"5088",0.560192307692308,1,0.00199351809546078,"Uterine Carcinosarcoma","Primary Tumor"
"5089",0.560288461538462,1,0.00199350147114929,"Uterine Carcinosarcoma","Primary Tumor"
"5090",0.560384615384615,1,0.00199336499662162,"Uterine Carcinosarcoma","Primary Tumor"
"5091",0.560480769230769,1,0.00199289903179445,"Uterine Carcinosarcoma","Primary Tumor"
"5092",0.560576923076923,1,0.00199237977742273,"Uterine Carcinosarcoma","Primary Tumor"
"5093",0.560673076923077,1,0.00199220630371577,"Uterine Carcinosarcoma","Primary Tumor"
"5094",0.560769230769231,1,0.00199149382584318,"Uterine Carcinosarcoma","Primary Tumor"
"5095",0.560865384615385,1,0.00199131619782733,"Uterine Carcinosarcoma","Primary Tumor"
"5096",0.560961538461539,1,0.00199064401682025,"Uterine Carcinosarcoma","Primary Tumor"
"5097",0.561057692307692,1,0.00198948423119893,"Uterine Carcinosarcoma","Primary Tumor"
"5098",0.561153846153846,1,0.00198942035445981,"Uterine Carcinosarcoma","Primary Tumor"
"5099",0.56125,1,0.00198892520712357,"Uterine Carcinosarcoma","Primary Tumor"
"5100",0.561346153846154,1,0.00198890802716523,"Uterine Carcinosarcoma","Primary Tumor"
"5101",0.561442307692308,1,0.00198853213214067,"Uterine Carcinosarcoma","Primary Tumor"
"5102",0.561538461538462,1,0.00198699989860252,"Uterine Carcinosarcoma","Primary Tumor"
"5103",0.565288461538462,1,0.00198663386341624,"Uterine Carcinosarcoma","Primary Tumor"
"5104",0.565384615384615,1,0.00198591938526793,"Uterine Carcinosarcoma","Primary Tumor"
"5105",0.565480769230769,1,0.00198563370387816,"Uterine Carcinosarcoma","Primary Tumor"
"5106",0.565576923076923,1,0.00198498046312312,"Uterine Carcinosarcoma","Primary Tumor"
"5107",0.565673076923077,1,0.00198488570627553,"Uterine Carcinosarcoma","Primary Tumor"
"5108",0.565769230769231,1,0.00198387783399601,"Uterine Carcinosarcoma","Primary Tumor"
"5109",0.565865384615385,1,0.00198118169532158,"Uterine Carcinosarcoma","Primary Tumor"
"5110",0.565961538461539,1,0.00198104841488866,"Uterine Carcinosarcoma","Primary Tumor"
"5111",0.566057692307692,1,0.00198029921813303,"Uterine Carcinosarcoma","Primary Tumor"
"5112",0.566153846153846,1,0.00198020768513141,"Uterine Carcinosarcoma","Primary Tumor"
"5113",0.56625,1,0.001979882465592,"Uterine Carcinosarcoma","Primary Tumor"
"5114",0.566346153846154,1,0.0019790064760653,"Uterine Carcinosarcoma","Primary Tumor"
"5115",0.566442307692308,1,0.00197867473770097,"Uterine Carcinosarcoma","Primary Tumor"
"5116",0.566538461538462,1,0.00197809844041508,"Uterine Carcinosarcoma","Primary Tumor"
"5117",0.566634615384615,1,0.0019771989504197,"Uterine Carcinosarcoma","Primary Tumor"
"5118",0.566730769230769,1,0.0019762970999857,"Uterine Carcinosarcoma","Primary Tumor"
"5119",0.566826923076923,1,0.00197571457298129,"Uterine Carcinosarcoma","Primary Tumor"
"5120",0.566923076923077,1,0.00197515220812261,"Uterine Carcinosarcoma","Primary Tumor"
"5121",0.567019230769231,1,0.00197430843638291,"Uterine Carcinosarcoma","Primary Tumor"
"5122",0.567115384615385,1,0.00197382181358585,"Uterine Carcinosarcoma","Primary Tumor"
"5123",0.567211538461538,1,0.00197338512044076,"Uterine Carcinosarcoma","Primary Tumor"
"5124",0.567307692307692,1,0.00197307496965049,"Uterine Carcinosarcoma","Primary Tumor"
"5125",0.567403846153846,1,0.00197299121820593,"Uterine Carcinosarcoma","Primary Tumor"
"5126",0.5675,1,0.00197293502895601,"Uterine Carcinosarcoma","Primary Tumor"
"5127",0.567692307692308,1,0.00197277961924824,"Uterine Carcinosarcoma","Primary Tumor"
"5128",0.567788461538462,1,0.00197266883243608,"Uterine Carcinosarcoma","Primary Tumor"
"5129",0.567884615384615,1,0.00197242888276927,"Uterine Carcinosarcoma","Primary Tumor"
"5130",0.567980769230769,1,0.00197188593232167,"Uterine Carcinosarcoma","Primary Tumor"
"5131",0.568269230769231,1,0.00197145906322604,"Uterine Carcinosarcoma","Primary Tumor"
"5132",0.568365384615385,1,0.00197009023809847,"Uterine Carcinosarcoma","Primary Tumor"
"5133",0.568461538461538,1,0.00196987777800506,"Uterine Carcinosarcoma","Primary Tumor"
"5134",0.568557692307692,1,0.00196964306903336,"Uterine Carcinosarcoma","Primary Tumor"
"5135",0.568653846153846,1,0.00196905100887679,"Uterine Carcinosarcoma","Primary Tumor"
"5136",0.56875,1,0.00196788881308629,"Uterine Carcinosarcoma","Primary Tumor"
"5137",0.568846153846154,1,0.00196744471765986,"Uterine Carcinosarcoma","Primary Tumor"
"5138",0.568942307692308,1,0.00196657276505985,"Uterine Carcinosarcoma","Primary Tumor"
"5139",0.569038461538461,1,0.00196614161943143,"Uterine Carcinosarcoma","Primary Tumor"
"5140",0.569134615384615,1,0.0019657833796406,"Uterine Carcinosarcoma","Primary Tumor"
"5141",0.569230769230769,1,0.00196514303132622,"Uterine Carcinosarcoma","Primary Tumor"
"5142",0.570288461538462,1,0.00196481770616275,"Uterine Carcinosarcoma","Primary Tumor"
"5143",0.570384615384615,1,0.00196462632926986,"Uterine Carcinosarcoma","Primary Tumor"
"5144",0.570480769230769,1,0.00196390905332278,"Uterine Carcinosarcoma","Primary Tumor"
"5145",0.570576923076923,1,0.00196339400662993,"Uterine Carcinosarcoma","Primary Tumor"
"5146",0.570673076923077,1,0.00196335346543353,"Uterine Carcinosarcoma","Primary Tumor"
"5147",0.57125,1,0.00196325096592243,"Uterine Carcinosarcoma","Primary Tumor"
"5148",0.571346153846154,1,0.00196284483609599,"Uterine Carcinosarcoma","Primary Tumor"
"5149",0.571442307692308,1,0.00196221663715768,"Uterine Carcinosarcoma","Primary Tumor"
"5150",0.571538461538462,1,0.00196188521831886,"Uterine Carcinosarcoma","Primary Tumor"
"5151",0.571634615384615,1,0.00196120131243693,"Uterine Carcinosarcoma","Primary Tumor"
"5152",0.571730769230769,1,0.00196048292877049,"Uterine Carcinosarcoma","Primary Tumor"
"5153",0.571826923076923,1,0.001960235944373,"Uterine Carcinosarcoma","Primary Tumor"
"5154",0.571923076923077,1,0.00195785179283436,"Uterine Carcinosarcoma","Primary Tumor"
"5155",0.572019230769231,1,0.00195713750188742,"Uterine Carcinosarcoma","Primary Tumor"
"5156",0.572115384615385,1,0.00195690983525898,"Uterine Carcinosarcoma","Primary Tumor"
"5157",0.572211538461538,1,0.00195614027669677,"Uterine Carcinosarcoma","Primary Tumor"
"5158",0.572307692307692,1,0.00195485726791222,"Uterine Carcinosarcoma","Primary Tumor"
"5159",0.572403846153846,1,0.0019545545105748,"Uterine Carcinosarcoma","Primary Tumor"
"5160",0.5725,1,0.00195450537905861,"Uterine Carcinosarcoma","Primary Tumor"
"5161",0.572692307692308,1,0.00195394702228147,"Uterine Carcinosarcoma","Primary Tumor"
"5162",0.572788461538462,1,0.0019535654484637,"Uterine Carcinosarcoma","Primary Tumor"
"5163",0.572884615384615,1,0.00195304103424299,"Uterine Carcinosarcoma","Primary Tumor"
"5164",0.572980769230769,1,0.00195205844750668,"Uterine Carcinosarcoma","Primary Tumor"
"5165",0.573076923076923,1,0.00195133629639765,"Uterine Carcinosarcoma","Primary Tumor"
"5166",0.573173076923077,1,0.00195122756725807,"Uterine Carcinosarcoma","Primary Tumor"
"5167",0.573269230769231,1,0.00195107152112339,"Uterine Carcinosarcoma","Primary Tumor"
"5168",0.573365384615385,1,0.00194866052406317,"Uterine Carcinosarcoma","Primary Tumor"
"5169",0.573461538461538,1,0.00194859110819845,"Uterine Carcinosarcoma","Primary Tumor"
"5170",0.573557692307692,1,0.00194845422928425,"Uterine Carcinosarcoma","Primary Tumor"
"5171",0.573653846153846,1,0.00194817108477463,"Uterine Carcinosarcoma","Primary Tumor"
"5172",0.57375,1,0.00194776544675113,"Uterine Carcinosarcoma","Primary Tumor"
"5173",0.573846153846154,1,0.00194755105524747,"Uterine Carcinosarcoma","Primary Tumor"
"5174",0.573942307692308,1,0.00194680750450793,"Uterine Carcinosarcoma","Primary Tumor"
"5175",0.574038461538461,1,0.00194650122950124,"Uterine Carcinosarcoma","Primary Tumor"
"5176",0.574230769230769,1,0.00194610375224702,"Uterine Carcinosarcoma","Primary Tumor"
"5177",0.574326923076923,1,0.00194534149559589,"Uterine Carcinosarcoma","Primary Tumor"
"5178",0.574423076923077,1,0.0019450588284512,"Uterine Carcinosarcoma","Primary Tumor"
"5179",0.574519230769231,1,0.00194490285742499,"Uterine Carcinosarcoma","Primary Tumor"
"5180",0.574711538461538,1,0.00194480238245565,"Uterine Carcinosarcoma","Primary Tumor"
"5181",0.574807692307692,1,0.00194376268398966,"Uterine Carcinosarcoma","Primary Tumor"
"5182",0.574903846153846,1,0.00194187864568407,"Uterine Carcinosarcoma","Primary Tumor"
"5183",0.575,1,0.00194182591212844,"Uterine Carcinosarcoma","Primary Tumor"
"5184",0.575096153846154,1,0.00194168045557896,"Uterine Carcinosarcoma","Primary Tumor"
"5185",0.575192307692308,1,0.00194137171642494,"Uterine Carcinosarcoma","Primary Tumor"
"5186",0.575288461538462,1,0.00194065852570979,"Uterine Carcinosarcoma","Primary Tumor"
"5187",0.575384615384615,1,0.00194056988704061,"Uterine Carcinosarcoma","Primary Tumor"
"5188",0.575480769230769,1,0.00194050846765292,"Uterine Carcinosarcoma","Primary Tumor"
"5189",0.575576923076923,1,0.00193956276517426,"Uterine Carcinosarcoma","Primary Tumor"
"5190",0.575673076923077,1,0.00193823643754842,"Uterine Carcinosarcoma","Primary Tumor"
"5191",0.575865384615385,1,0.00193733592346046,"Uterine Carcinosarcoma","Primary Tumor"
"5192",0.575961538461538,1,0.00193673239442105,"Uterine Carcinosarcoma","Primary Tumor"
"5193",0.576057692307692,1,0.001936110492885,"Uterine Carcinosarcoma","Primary Tumor"
"5194",0.576153846153846,1,0.00193593277024628,"Uterine Carcinosarcoma","Primary Tumor"
"5195",0.57625,1,0.00193584618197995,"Uterine Carcinosarcoma","Primary Tumor"
"5196",0.576346153846154,1,0.00193568910801356,"Uterine Carcinosarcoma","Primary Tumor"
"5197",0.576442307692308,1,0.0019351497618173,"Uterine Carcinosarcoma","Primary Tumor"
"5198",0.576538461538462,1,0.00193498399525849,"Uterine Carcinosarcoma","Primary Tumor"
"5199",0.576634615384615,1,0.0019347095218295,"Uterine Carcinosarcoma","Primary Tumor"
"5200",0.576730769230769,1,0.00193424213180426,"Uterine Carcinosarcoma","Primary Tumor"
"5201",0.576826923076923,1,0.00193372860018681,"Uterine Carcinosarcoma","Primary Tumor"
"5202",0.576923076923077,1,0.00193328944153448,"Uterine Carcinosarcoma","Primary Tumor"
"5203",0.577019230769231,1,0.00193232476597771,"Uterine Carcinosarcoma","Primary Tumor"
"5204",0.577115384615385,1,0.0019315953055109,"Uterine Carcinosarcoma","Primary Tumor"
"5205",0.577211538461538,1,0.0019310920886817,"Uterine Carcinosarcoma","Primary Tumor"
"5206",0.577307692307692,1,0.00193097087607264,"Uterine Carcinosarcoma","Primary Tumor"
"5207",0.577403846153846,1,0.0019306071737738,"Uterine Carcinosarcoma","Primary Tumor"
"5208",0.5775,1,0.00192980869204407,"Uterine Carcinosarcoma","Primary Tumor"
"5209",0.577596153846154,1,0.00192932665710133,"Uterine Carcinosarcoma","Primary Tumor"
"5210",0.577692307692308,1,0.00192907717623714,"Uterine Carcinosarcoma","Primary Tumor"
"5211",0.577788461538462,1,0.00192868032715354,"Uterine Carcinosarcoma","Primary Tumor"
"5212",0.577884615384615,1,0.00192840933050487,"Uterine Carcinosarcoma","Primary Tumor"
"5213",0.577980769230769,1,0.0019277546398625,"Uterine Carcinosarcoma","Primary Tumor"
"5214",0.578076923076923,1,0.00192760265273684,"Uterine Carcinosarcoma","Primary Tumor"
"5215",0.578269230769231,1,0.00192748239144591,"Uterine Carcinosarcoma","Primary Tumor"
"5216",0.578365384615385,1,0.00192717910970319,"Uterine Carcinosarcoma","Primary Tumor"
"5217",0.578461538461538,1,0.00192702295429747,"Uterine Carcinosarcoma","Primary Tumor"
"5218",0.578557692307692,1,0.00192629775884967,"Uterine Carcinosarcoma","Primary Tumor"
"5219",0.578653846153846,1,0.00192595554939212,"Uterine Carcinosarcoma","Primary Tumor"
"5220",0.57875,1,0.00192587997964577,"Uterine Carcinosarcoma","Primary Tumor"
"5221",0.578846153846154,1,0.00192584136815566,"Uterine Carcinosarcoma","Primary Tumor"
"5222",0.578942307692308,1,0.0019254833111626,"Uterine Carcinosarcoma","Primary Tumor"
"5223",0.579038461538462,1,0.00192497950097537,"Uterine Carcinosarcoma","Primary Tumor"
"5224",0.579134615384615,1,0.00192456570068555,"Uterine Carcinosarcoma","Primary Tumor"
"5225",0.579230769230769,1,0.00192402366631439,"Uterine Carcinosarcoma","Primary Tumor"
"5226",0.579326923076923,1,0.00192352441651256,"Uterine Carcinosarcoma","Primary Tumor"
"5227",0.579423076923077,1,0.00192308502756189,"Uterine Carcinosarcoma","Primary Tumor"
"5228",0.579519230769231,1,0.00192280794199184,"Uterine Carcinosarcoma","Primary Tumor"
"5229",0.579615384615385,1,0.00192257169148524,"Uterine Carcinosarcoma","Primary Tumor"
"5230",0.579711538461538,1,0.00192254846001594,"Uterine Carcinosarcoma","Primary Tumor"
"5231",0.579807692307692,1,0.00192150882878828,"Uterine Carcinosarcoma","Primary Tumor"
"5232",0.579903846153846,1,0.00192059073793793,"Uterine Carcinosarcoma","Primary Tumor"
"5233",0.58,1,0.0019175465259953,"Uterine Carcinosarcoma","Primary Tumor"
"5234",0.580096153846154,1,0.00191740337205315,"Uterine Carcinosarcoma","Primary Tumor"
"5235",0.580192307692308,1,0.00191722827745333,"Uterine Carcinosarcoma","Primary Tumor"
"5236",0.580288461538462,1,0.00191692507339558,"Uterine Carcinosarcoma","Primary Tumor"
"5237",0.580384615384615,1,0.00191645532062923,"Uterine Carcinosarcoma","Primary Tumor"
"5238",0.580480769230769,1,0.00191628560854651,"Uterine Carcinosarcoma","Primary Tumor"
"5239",0.580576923076923,1,0.00191623154957354,"Uterine Carcinosarcoma","Primary Tumor"
"5240",0.580673076923077,1,0.00191567319411479,"Uterine Carcinosarcoma","Primary Tumor"
"5241",0.580769230769231,1,0.00191516524936219,"Uterine Carcinosarcoma","Primary Tumor"
"5242",0.580865384615385,1,0.00191510326278233,"Uterine Carcinosarcoma","Primary Tumor"
"5243",0.580961538461538,1,0.00191484586968238,"Uterine Carcinosarcoma","Primary Tumor"
"5244",0.581057692307692,1,0.00191438494023843,"Uterine Carcinosarcoma","Primary Tumor"
"5245",0.581153846153846,1,0.00191420334474135,"Uterine Carcinosarcoma","Primary Tumor"
"5246",0.58125,1,0.00191411006985631,"Uterine Carcinosarcoma","Primary Tumor"
"5247",0.581730769230769,1,0.00191375245726966,"Uterine Carcinosarcoma","Primary Tumor"
"5248",0.581826923076923,1,0.0019135502430454,"Uterine Carcinosarcoma","Primary Tumor"
"5249",0.581923076923077,1,0.00191353802613137,"Uterine Carcinosarcoma","Primary Tumor"
"5250",0.582019230769231,1,0.00191334478872918,"Uterine Carcinosarcoma","Primary Tumor"
"5251",0.582115384615385,1,0.00191115403222819,"Uterine Carcinosarcoma","Primary Tumor"
"5252",0.582307692307692,1,0.00191089673983713,"Uterine Carcinosarcoma","Primary Tumor"
"5253",0.582403846153846,1,0.00191085952394077,"Uterine Carcinosarcoma","Primary Tumor"
"5254",0.5825,1,0.00191038362963891,"Uterine Carcinosarcoma","Primary Tumor"
"5255",0.582596153846154,1,0.00191007422830525,"Uterine Carcinosarcoma","Primary Tumor"
"5256",0.582692307692308,1,0.00190871919082369,"Uterine Carcinosarcoma","Primary Tumor"
"5257",0.582788461538462,1,0.00190861816486032,"Uterine Carcinosarcoma","Primary Tumor"
"5258",0.582884615384615,1,0.00190852290319665,"Uterine Carcinosarcoma","Primary Tumor"
"5259",0.582980769230769,1,0.00190843393254092,"Uterine Carcinosarcoma","Primary Tumor"
"5260",0.583076923076923,1,0.00190835418707924,"Uterine Carcinosarcoma","Primary Tumor"
"5261",0.583173076923077,1,0.00190727462350981,"Uterine Carcinosarcoma","Primary Tumor"
"5262",0.583269230769231,1,0.00190678335370265,"Uterine Carcinosarcoma","Primary Tumor"
"5263",0.583365384615385,1,0.00190656253073929,"Uterine Carcinosarcoma","Primary Tumor"
"5264",0.583461538461538,1,0.00190652972770833,"Uterine Carcinosarcoma","Primary Tumor"
"5265",0.583557692307692,1,0.00190583245768872,"Uterine Carcinosarcoma","Primary Tumor"
"5266",0.58375,1,0.00190508618893837,"Uterine Carcinosarcoma","Primary Tumor"
"5267",0.583846153846154,1,0.00190451740900821,"Uterine Carcinosarcoma","Primary Tumor"
"5268",0.583942307692308,1,0.0019039174665314,"Uterine Carcinosarcoma","Primary Tumor"
"5269",0.584038461538462,1,0.00190356718083162,"Uterine Carcinosarcoma","Primary Tumor"
"5270",0.584134615384615,1,0.00190347670391655,"Uterine Carcinosarcoma","Primary Tumor"
"5271",0.584230769230769,1,0.00190312585491448,"Uterine Carcinosarcoma","Primary Tumor"
"5272",0.584519230769231,1,0.00190289766202512,"Uterine Carcinosarcoma","Primary Tumor"
"5273",0.584615384615385,1,0.00190261788384782,"Uterine Carcinosarcoma","Primary Tumor"
"5274",0.584807692307692,1,0.0019015730819254,"Uterine Carcinosarcoma","Primary Tumor"
"5275",0.584903846153846,1,0.00190141290689039,"Uterine Carcinosarcoma","Primary Tumor"
"5276",0.585,1,0.00189980509213949,"Uterine Carcinosarcoma","Primary Tumor"
"5277",0.585096153846154,1,0.00189893609453795,"Uterine Carcinosarcoma","Primary Tumor"
"5278",0.585192307692308,1,0.00189774068764437,"Uterine Carcinosarcoma","Primary Tumor"
"5279",0.585288461538462,1,0.00189767771009264,"Uterine Carcinosarcoma","Primary Tumor"
"5280",0.585384615384615,1,0.00189762854737419,"Uterine Carcinosarcoma","Primary Tumor"
"5281",0.585480769230769,1,0.00189658500985412,"Uterine Carcinosarcoma","Primary Tumor"
"5282",0.585576923076923,1,0.00189655665472199,"Uterine Carcinosarcoma","Primary Tumor"
"5283",0.585673076923077,1,0.00189650525503016,"Uterine Carcinosarcoma","Primary Tumor"
"5284",0.585769230769231,1,0.00189563952760163,"Uterine Carcinosarcoma","Primary Tumor"
"5285",0.585865384615385,1,0.00189537097593118,"Uterine Carcinosarcoma","Primary Tumor"
"5286",0.585961538461538,1,0.00189507997761806,"Uterine Carcinosarcoma","Primary Tumor"
"5287",0.586057692307692,1,0.00189478832914991,"Uterine Carcinosarcoma","Primary Tumor"
"5288",0.58625,1,0.00189456503067453,"Uterine Carcinosarcoma","Primary Tumor"
"5289",0.586346153846154,1,0.00189444468270328,"Uterine Carcinosarcoma","Primary Tumor"
"5290",0.586442307692308,1,0.00189411952541496,"Uterine Carcinosarcoma","Primary Tumor"
"5291",0.586538461538462,1,0.00189293717724703,"Uterine Carcinosarcoma","Primary Tumor"
"5292",0.586634615384615,1,0.00189168046323129,"Uterine Carcinosarcoma","Primary Tumor"
"5293",0.586730769230769,1,0.00189035091906431,"Uterine Carcinosarcoma","Primary Tumor"
"5294",0.586826923076923,1,0.00189033383071469,"Uterine Carcinosarcoma","Primary Tumor"
"5295",0.586923076923077,1,0.00189014266603715,"Uterine Carcinosarcoma","Primary Tumor"
"5296",0.587019230769231,1,0.00188990548437606,"Uterine Carcinosarcoma","Primary Tumor"
"5297",0.587115384615385,1,0.00188859954983256,"Uterine Carcinosarcoma","Primary Tumor"
"5298",0.587211538461539,1,0.00188808967080978,"Uterine Carcinosarcoma","Primary Tumor"
"5299",0.587307692307692,1,0.00188783288600225,"Uterine Carcinosarcoma","Primary Tumor"
"5300",0.587403846153846,1,0.00188751210851468,"Uterine Carcinosarcoma","Primary Tumor"
"5301",0.5875,1,0.00188704691269825,"Uterine Carcinosarcoma","Primary Tumor"
"5302",0.587596153846154,1,0.00188698403129473,"Uterine Carcinosarcoma","Primary Tumor"
"5303",0.587692307692308,1,0.0018864608054705,"Uterine Carcinosarcoma","Primary Tumor"
"5304",0.587980769230769,1,0.00188625723912417,"Uterine Carcinosarcoma","Primary Tumor"
"5305",0.588076923076923,1,0.00188601271047428,"Uterine Carcinosarcoma","Primary Tumor"
"5306",0.588365384615385,1,0.0018856330132917,"Uterine Carcinosarcoma","Primary Tumor"
"5307",0.588653846153846,1,0.00188557584982485,"Uterine Carcinosarcoma","Primary Tumor"
"5308",0.58875,1,0.00188530960658517,"Uterine Carcinosarcoma","Primary Tumor"
"5309",0.588846153846154,1,0.00188484568018521,"Uterine Carcinosarcoma","Primary Tumor"
"5310",0.588942307692308,1,0.00188479580221246,"Uterine Carcinosarcoma","Primary Tumor"
"5311",0.589038461538462,1,0.00188440635165821,"Uterine Carcinosarcoma","Primary Tumor"
"5312",0.589134615384615,1,0.00188386764048254,"Uterine Carcinosarcoma","Primary Tumor"
"5313",0.589230769230769,1,0.00188350224805367,"Uterine Carcinosarcoma","Primary Tumor"
"5314",0.589326923076923,1,0.00188314852366755,"Uterine Carcinosarcoma","Primary Tumor"
"5315",0.590384615384615,1,0.00188208637659326,"Uterine Carcinosarcoma","Primary Tumor"
"5316",0.590480769230769,1,0.00188202001436089,"Uterine Carcinosarcoma","Primary Tumor"
"5317",0.590576923076923,1,0.00188197602291529,"Uterine Carcinosarcoma","Primary Tumor"
"5318",0.590673076923077,1,0.00188125253289917,"Uterine Carcinosarcoma","Primary Tumor"
"5319",0.590769230769231,1,0.00188107355698885,"Uterine Carcinosarcoma","Primary Tumor"
"5320",0.590865384615385,1,0.00188048315528233,"Uterine Carcinosarcoma","Primary Tumor"
"5321",0.590961538461538,1,0.00188039097092796,"Uterine Carcinosarcoma","Primary Tumor"
"5322",0.591057692307692,1,0.00188025832262761,"Uterine Carcinosarcoma","Primary Tumor"
"5323",0.591153846153846,1,0.00187951613591097,"Uterine Carcinosarcoma","Primary Tumor"
"5324",0.59125,1,0.00187865712737556,"Uterine Carcinosarcoma","Primary Tumor"
"5325",0.591346153846154,1,0.00187795905198274,"Uterine Carcinosarcoma","Primary Tumor"
"5326",0.591442307692308,1,0.0018772784678619,"Uterine Carcinosarcoma","Primary Tumor"
"5327",0.591538461538462,1,0.00187726304209979,"Uterine Carcinosarcoma","Primary Tumor"
"5328",0.591634615384615,1,0.00187688885571802,"Uterine Carcinosarcoma","Primary Tumor"
"5329",0.591730769230769,1,0.00187605594933571,"Uterine Carcinosarcoma","Primary Tumor"
"5330",0.591826923076923,1,0.00187597833199438,"Uterine Carcinosarcoma","Primary Tumor"
"5331",0.591923076923077,1,0.00187596837560655,"Uterine Carcinosarcoma","Primary Tumor"
"5332",0.592019230769231,1,0.0018756023480484,"Uterine Carcinosarcoma","Primary Tumor"
"5333",0.592307692307692,1,0.00187453915923119,"Uterine Carcinosarcoma","Primary Tumor"
"5334",0.592403846153846,1,0.00187332998579204,"Uterine Carcinosarcoma","Primary Tumor"
"5335",0.5925,1,0.00187332808766438,"Uterine Carcinosarcoma","Primary Tumor"
"5336",0.592596153846154,1,0.00187231879163663,"Uterine Carcinosarcoma","Primary Tumor"
"5337",0.592692307692308,1,0.00187105381864361,"Uterine Carcinosarcoma","Primary Tumor"
"5338",0.592788461538462,1,0.00187091342242285,"Uterine Carcinosarcoma","Primary Tumor"
"5339",0.592884615384615,1,0.00186980130808601,"Uterine Carcinosarcoma","Primary Tumor"
"5340",0.592980769230769,1,0.00186960879357301,"Uterine Carcinosarcoma","Primary Tumor"
"5341",0.593076923076923,1,0.00186913572469549,"Uterine Carcinosarcoma","Primary Tumor"
"5342",0.593173076923077,1,0.001867901442686,"Uterine Carcinosarcoma","Primary Tumor"
"5343",0.593269230769231,1,0.00186788932143134,"Uterine Carcinosarcoma","Primary Tumor"
"5344",0.593365384615385,1,0.00186751953843434,"Uterine Carcinosarcoma","Primary Tumor"
"5345",0.593461538461538,1,0.00186740376308869,"Uterine Carcinosarcoma","Primary Tumor"
"5346",0.593557692307692,1,0.00186661873470517,"Uterine Carcinosarcoma","Primary Tumor"
"5347",0.593653846153846,1,0.00186661393825327,"Uterine Carcinosarcoma","Primary Tumor"
"5348",0.59375,1,0.00186488005218877,"Uterine Carcinosarcoma","Primary Tumor"
"5349",0.593846153846154,1,0.00186387675800892,"Uterine Carcinosarcoma","Primary Tumor"
"5350",0.593942307692308,1,0.0018636186025438,"Uterine Carcinosarcoma","Primary Tumor"
"5351",0.594038461538462,1,0.00186345900843898,"Uterine Carcinosarcoma","Primary Tumor"
"5352",0.594134615384615,1,0.00186286575243111,"Uterine Carcinosarcoma","Primary Tumor"
"5353",0.594230769230769,1,0.00186275279116888,"Uterine Carcinosarcoma","Primary Tumor"
"5354",0.595865384615385,1,0.00186262184331121,"Uterine Carcinosarcoma","Primary Tumor"
"5355",0.595961538461538,1,0.00186199709705404,"Uterine Carcinosarcoma","Primary Tumor"
"5356",0.596057692307692,1,0.00186131681229884,"Uterine Carcinosarcoma","Primary Tumor"
"5357",0.596153846153846,1,0.00186129498741539,"Uterine Carcinosarcoma","Primary Tumor"
"5358",0.59625,1,0.00186120600081041,"Uterine Carcinosarcoma","Primary Tumor"
"5359",0.596442307692308,1,0.0018608426298915,"Uterine Carcinosarcoma","Primary Tumor"
"5360",0.596538461538462,1,0.00185912347999995,"Uterine Carcinosarcoma","Primary Tumor"
"5361",0.596634615384615,1,0.00185752877695833,"Uterine Carcinosarcoma","Primary Tumor"
"5362",0.596730769230769,1,0.00185740932678569,"Uterine Carcinosarcoma","Primary Tumor"
"5363",0.596826923076923,1,0.00185711821069956,"Uterine Carcinosarcoma","Primary Tumor"
"5364",0.596923076923077,1,0.00185695348569404,"Uterine Carcinosarcoma","Primary Tumor"
"5365",0.597019230769231,1,0.001856748022948,"Uterine Carcinosarcoma","Primary Tumor"
"5366",0.597115384615385,1,0.00185664946019948,"Uterine Carcinosarcoma","Primary Tumor"
"5367",0.597211538461539,1,0.00185655536124618,"Uterine Carcinosarcoma","Primary Tumor"
"5368",0.597307692307692,1,0.00185631890771421,"Uterine Carcinosarcoma","Primary Tumor"
"5369",0.597403846153846,1,0.00185583127041511,"Uterine Carcinosarcoma","Primary Tumor"
"5370",0.5975,1,0.00185508439315119,"Uterine Carcinosarcoma","Primary Tumor"
"5371",0.597596153846154,1,0.00185429318038732,"Uterine Carcinosarcoma","Primary Tumor"
"5372",0.597692307692308,1,0.00185368919615858,"Uterine Carcinosarcoma","Primary Tumor"
"5373",0.597788461538462,1,0.00185358771744848,"Uterine Carcinosarcoma","Primary Tumor"
"5374",0.597884615384615,1,0.00185343702759844,"Uterine Carcinosarcoma","Primary Tumor"
"5375",0.597980769230769,1,0.00185328793736839,"Uterine Carcinosarcoma","Primary Tumor"
"5376",0.598076923076923,1,0.00185309275598866,"Uterine Carcinosarcoma","Primary Tumor"
"5377",0.598173076923077,1,0.00185231091429106,"Uterine Carcinosarcoma","Primary Tumor"
"5378",0.598269230769231,1,0.00185195588309517,"Uterine Carcinosarcoma","Primary Tumor"
"5379",0.598365384615385,1,0.00185103270216824,"Uterine Carcinosarcoma","Primary Tumor"
"5380",0.598461538461538,1,0.00184980589196249,"Uterine Carcinosarcoma","Primary Tumor"
"5381",0.598557692307692,1,0.0018470841023972,"Uterine Carcinosarcoma","Primary Tumor"
"5382",0.598653846153846,1,0.00184684466752583,"Uterine Carcinosarcoma","Primary Tumor"
"5383",0.59875,1,0.00184647300921126,"Uterine Carcinosarcoma","Primary Tumor"
"5384",0.598846153846154,1,0.00184573018345247,"Uterine Carcinosarcoma","Primary Tumor"
"5385",0.598942307692308,1,0.00184513254862662,"Uterine Carcinosarcoma","Primary Tumor"
"5386",0.599038461538462,1,0.00184472871715979,"Uterine Carcinosarcoma","Primary Tumor"
"5387",0.599134615384615,1,0.00184439783364254,"Uterine Carcinosarcoma","Primary Tumor"
"5388",0.599230769230769,1,0.0018438232305128,"Uterine Carcinosarcoma","Primary Tumor"
"5389",0.599326923076923,1,0.00184365254368435,"Uterine Carcinosarcoma","Primary Tumor"
"5390",0.599423076923077,1,0.00184358862055667,"Uterine Carcinosarcoma","Primary Tumor"
"5391",0.599519230769231,1,0.00184303117000884,"Uterine Carcinosarcoma","Primary Tumor"
"5392",0.599615384615385,1,0.00184232376436633,"Uterine Carcinosarcoma","Primary Tumor"
"5393",0.599711538461538,1,0.00184112209940401,"Uterine Carcinosarcoma","Primary Tumor"
"5394",0.599807692307692,1,0.00184075563804065,"Uterine Carcinosarcoma","Primary Tumor"
"5395",0.599903846153846,1,0.0018404294218255,"Uterine Carcinosarcoma","Primary Tumor"
"5396",0.6,1,0.00184030164527427,"Uterine Carcinosarcoma","Primary Tumor"
"5397",0.600096153846154,1,0.00184001366349063,"Uterine Carcinosarcoma","Primary Tumor"
"5398",0.600192307692308,1,0.00183935895124598,"Uterine Carcinosarcoma","Primary Tumor"
"5399",0.600288461538461,1,0.00183924914185407,"Uterine Carcinosarcoma","Primary Tumor"
"5400",0.600384615384615,1,0.00183790943864914,"Uterine Carcinosarcoma","Primary Tumor"
"5401",0.600480769230769,1,0.00183682223918114,"Uterine Carcinosarcoma","Primary Tumor"
"5402",0.600576923076923,1,0.00183657625077494,"Uterine Carcinosarcoma","Primary Tumor"
"5403",0.600673076923077,1,0.00183639009759717,"Uterine Carcinosarcoma","Primary Tumor"
"5404",0.600769230769231,1,0.00183627147173471,"Uterine Carcinosarcoma","Primary Tumor"
"5405",0.600961538461538,1,0.00183587772518601,"Uterine Carcinosarcoma","Primary Tumor"
"5406",0.601057692307692,1,0.00183570085568052,"Uterine Carcinosarcoma","Primary Tumor"
"5407",0.601153846153846,1,0.00183526913982623,"Uterine Carcinosarcoma","Primary Tumor"
"5408",0.60125,1,0.00183468298379741,"Uterine Carcinosarcoma","Primary Tumor"
"5409",0.601346153846154,1,0.0018346611169574,"Uterine Carcinosarcoma","Primary Tumor"
"5410",0.601442307692308,1,0.00183409585268623,"Uterine Carcinosarcoma","Primary Tumor"
"5411",0.601538461538462,1,0.00183261028448978,"Uterine Carcinosarcoma","Primary Tumor"
"5412",0.601634615384615,1,0.00183221020389435,"Uterine Carcinosarcoma","Primary Tumor"
"5413",0.601730769230769,1,0.00183212167646341,"Uterine Carcinosarcoma","Primary Tumor"
"5414",0.601826923076923,1,0.00183211067050881,"Uterine Carcinosarcoma","Primary Tumor"
"5415",0.601923076923077,1,0.0018315824657803,"Uterine Carcinosarcoma","Primary Tumor"
"5416",0.602019230769231,1,0.0018314385938567,"Uterine Carcinosarcoma","Primary Tumor"
"5417",0.602115384615385,1,0.00183098050048702,"Uterine Carcinosarcoma","Primary Tumor"
"5418",0.602211538461538,1,0.00183087793497527,"Uterine Carcinosarcoma","Primary Tumor"
"5419",0.602307692307692,1,0.00183014928722069,"Uterine Carcinosarcoma","Primary Tumor"
"5420",0.602403846153846,1,0.00182967336537698,"Uterine Carcinosarcoma","Primary Tumor"
"5421",0.6025,1,0.00182954441853933,"Uterine Carcinosarcoma","Primary Tumor"
"5422",0.602596153846154,1,0.00182846048776275,"Uterine Carcinosarcoma","Primary Tumor"
"5423",0.602692307692308,1,0.00182819865447803,"Uterine Carcinosarcoma","Primary Tumor"
"5424",0.602788461538462,1,0.0018281045350016,"Uterine Carcinosarcoma","Primary Tumor"
"5425",0.602884615384615,1,0.00182763106223605,"Uterine Carcinosarcoma","Primary Tumor"
"5426",0.602980769230769,1,0.00182688235582662,"Uterine Carcinosarcoma","Primary Tumor"
"5427",0.603076923076923,1,0.00182666327850156,"Uterine Carcinosarcoma","Primary Tumor"
"5428",0.603173076923077,1,0.00182419371262776,"Uterine Carcinosarcoma","Primary Tumor"
"5429",0.603269230769231,1,0.0018241821589412,"Uterine Carcinosarcoma","Primary Tumor"
"5430",0.603365384615385,1,0.00182386626928421,"Uterine Carcinosarcoma","Primary Tumor"
"5431",0.603461538461538,1,0.00182382136981807,"Uterine Carcinosarcoma","Primary Tumor"
"5432",0.603557692307692,1,0.00182298265206138,"Uterine Carcinosarcoma","Primary Tumor"
"5433",0.603653846153846,1,0.00182210648619041,"Uterine Carcinosarcoma","Primary Tumor"
"5434",0.60375,1,0.00182105959264567,"Uterine Carcinosarcoma","Primary Tumor"
"5435",0.603846153846154,1,0.00182075308608909,"Uterine Carcinosarcoma","Primary Tumor"
"5436",0.603942307692308,1,0.00182072949770662,"Uterine Carcinosarcoma","Primary Tumor"
"5437",0.604038461538462,1,0.00182041877622274,"Uterine Carcinosarcoma","Primary Tumor"
"5438",0.604134615384615,1,0.00181991287721539,"Uterine Carcinosarcoma","Primary Tumor"
"5439",0.604230769230769,1,0.00181958261614279,"Uterine Carcinosarcoma","Primary Tumor"
"5440",0.604326923076923,1,0.00181927120697245,"Uterine Carcinosarcoma","Primary Tumor"
"5441",0.604423076923077,1,0.00181909174298578,"Uterine Carcinosarcoma","Primary Tumor"
"5442",0.604519230769231,1,0.00181877556515397,"Uterine Carcinosarcoma","Primary Tumor"
"5443",0.604711538461538,1,0.0018184679209774,"Uterine Carcinosarcoma","Primary Tumor"
"5444",0.604807692307692,1,0.00181834607163833,"Uterine Carcinosarcoma","Primary Tumor"
"5445",0.604903846153846,1,0.00181814799738933,"Uterine Carcinosarcoma","Primary Tumor"
"5446",0.605,1,0.00181764928020411,"Uterine Carcinosarcoma","Primary Tumor"
"5447",0.605096153846154,1,0.00181743513868471,"Uterine Carcinosarcoma","Primary Tumor"
"5448",0.605288461538461,1,0.00181738766586714,"Uterine Carcinosarcoma","Primary Tumor"
"5449",0.605384615384615,1,0.00181679748696584,"Uterine Carcinosarcoma","Primary Tumor"
"5450",0.605480769230769,1,0.00181672952130252,"Uterine Carcinosarcoma","Primary Tumor"
"5451",0.605673076923077,1,0.00181547016531802,"Uterine Carcinosarcoma","Primary Tumor"
"5452",0.605769230769231,1,0.00181425367670551,"Uterine Carcinosarcoma","Primary Tumor"
"5453",0.605961538461538,1,0.00181180341878184,"Uterine Carcinosarcoma","Primary Tumor"
"5454",0.606057692307692,1,0.00181174781072924,"Uterine Carcinosarcoma","Primary Tumor"
"5455",0.606153846153846,1,0.00181113948740319,"Uterine Carcinosarcoma","Primary Tumor"
"5456",0.60625,1,0.00181090064413048,"Uterine Carcinosarcoma","Primary Tumor"
"5457",0.606442307692308,1,0.0018108973019374,"Uterine Carcinosarcoma","Primary Tumor"
"5458",0.606538461538462,1,0.00181074663241598,"Uterine Carcinosarcoma","Primary Tumor"
"5459",0.606634615384615,1,0.00181053409863996,"Uterine Carcinosarcoma","Primary Tumor"
"5460",0.606923076923077,1,0.00181039860054077,"Uterine Carcinosarcoma","Primary Tumor"
"5461",0.607019230769231,1,0.00181005033979176,"Uterine Carcinosarcoma","Primary Tumor"
"5462",0.607307692307692,1,0.00180934995529469,"Uterine Carcinosarcoma","Primary Tumor"
"5463",0.607403846153846,1,0.00180899814831381,"Uterine Carcinosarcoma","Primary Tumor"
"5464",0.6075,1,0.00180837053303795,"Uterine Carcinosarcoma","Primary Tumor"
"5465",0.607596153846154,1,0.00180777133107723,"Uterine Carcinosarcoma","Primary Tumor"
"5466",0.607692307692308,1,0.00180651387713715,"Uterine Carcinosarcoma","Primary Tumor"
"5467",0.607788461538462,1,0.0018060950016916,"Uterine Carcinosarcoma","Primary Tumor"
"5468",0.607884615384615,1,0.0018059952010836,"Uterine Carcinosarcoma","Primary Tumor"
"5469",0.607980769230769,1,0.00180554293715585,"Uterine Carcinosarcoma","Primary Tumor"
"5470",0.608076923076923,1,0.00180494631278383,"Uterine Carcinosarcoma","Primary Tumor"
"5471",0.608365384615385,1,0.00180477560658798,"Uterine Carcinosarcoma","Primary Tumor"
"5472",0.608461538461538,1,0.00180476217085734,"Uterine Carcinosarcoma","Primary Tumor"
"5473",0.60875,1,0.0018047393614139,"Uterine Carcinosarcoma","Primary Tumor"
"5474",0.608846153846154,1,0.00180432456805124,"Uterine Carcinosarcoma","Primary Tumor"
"5475",0.608942307692308,1,0.00180377958919653,"Uterine Carcinosarcoma","Primary Tumor"
"5476",0.609038461538462,1,0.00180351287563341,"Uterine Carcinosarcoma","Primary Tumor"
"5477",0.609134615384615,1,0.00180347196936825,"Uterine Carcinosarcoma","Primary Tumor"
"5478",0.609230769230769,1,0.0018024356226114,"Uterine Carcinosarcoma","Primary Tumor"
"5479",0.609326923076923,1,0.00180187340139037,"Uterine Carcinosarcoma","Primary Tumor"
"5480",0.609423076923077,1,0.00180182577629706,"Uterine Carcinosarcoma","Primary Tumor"
"5481",0.609519230769231,1,0.00180106291033144,"Uterine Carcinosarcoma","Primary Tumor"
"5482",0.609615384615385,1,0.00180008850253,"Uterine Carcinosarcoma","Primary Tumor"
"5483",0.609903846153846,1,0.0017987756514023,"Uterine Carcinosarcoma","Primary Tumor"
"5484",0.61,1,0.00179801501510091,"Uterine Carcinosarcoma","Primary Tumor"
"5485",0.610096153846154,1,0.00179793598165157,"Uterine Carcinosarcoma","Primary Tumor"
"5486",0.610192307692308,1,0.00179761646065579,"Uterine Carcinosarcoma","Primary Tumor"
"5487",0.610288461538462,1,0.00179749018750286,"Uterine Carcinosarcoma","Primary Tumor"
"5488",0.610384615384615,1,0.0017972016986505,"Uterine Carcinosarcoma","Primary Tumor"
"5489",0.610480769230769,1,0.00179708295309167,"Uterine Carcinosarcoma","Primary Tumor"
"5490",0.610576923076923,1,0.00179684084983678,"Uterine Carcinosarcoma","Primary Tumor"
"5491",0.610673076923077,1,0.00179631219391829,"Uterine Carcinosarcoma","Primary Tumor"
"5492",0.610769230769231,1,0.00179583399827676,"Uterine Carcinosarcoma","Primary Tumor"
"5493",0.610865384615385,1,0.00179554082466649,"Uterine Carcinosarcoma","Primary Tumor"
"5494",0.610961538461538,1,0.0017953116195335,"Uterine Carcinosarcoma","Primary Tumor"
"5495",0.611057692307692,1,0.00179468608116851,"Uterine Carcinosarcoma","Primary Tumor"
"5496",0.611153846153846,1,0.00179400964049048,"Uterine Carcinosarcoma","Primary Tumor"
"5497",0.61125,1,0.00179395768845592,"Uterine Carcinosarcoma","Primary Tumor"
"5498",0.611346153846154,1,0.00179391407995699,"Uterine Carcinosarcoma","Primary Tumor"
"5499",0.611442307692308,1,0.00179389092185234,"Uterine Carcinosarcoma","Primary Tumor"
"5500",0.611538461538462,1,0.00179343807623533,"Uterine Carcinosarcoma","Primary Tumor"
"5501",0.611634615384615,1,0.00179343782160524,"Uterine Carcinosarcoma","Primary Tumor"
"5502",0.611730769230769,1,0.00179315063801389,"Uterine Carcinosarcoma","Primary Tumor"
"5503",0.611826923076923,1,0.00179308742768602,"Uterine Carcinosarcoma","Primary Tumor"
"5504",0.611923076923077,1,0.00179280154327,"Uterine Carcinosarcoma","Primary Tumor"
"5505",0.612019230769231,1,0.00179231661627299,"Uterine Carcinosarcoma","Primary Tumor"
"5506",0.612115384615385,1,0.00179231304901761,"Uterine Carcinosarcoma","Primary Tumor"
"5507",0.612211538461538,1,0.00179189803415725,"Uterine Carcinosarcoma","Primary Tumor"
"5508",0.612307692307692,1,0.00179124691169286,"Uterine Carcinosarcoma","Primary Tumor"
"5509",0.612403846153846,1,0.00179090271638882,"Uterine Carcinosarcoma","Primary Tumor"
"5510",0.6125,1,0.0017906530887567,"Uterine Carcinosarcoma","Primary Tumor"
"5511",0.612596153846154,1,0.00179026453677222,"Uterine Carcinosarcoma","Primary Tumor"
"5512",0.612692307692308,1,0.00178984306764507,"Uterine Carcinosarcoma","Primary Tumor"
"5513",0.612788461538462,1,0.0017890647299551,"Uterine Carcinosarcoma","Primary Tumor"
"5514",0.612884615384615,1,0.00178865434647013,"Uterine Carcinosarcoma","Primary Tumor"
"5515",0.612980769230769,1,0.00178864928139189,"Uterine Carcinosarcoma","Primary Tumor"
"5516",0.613076923076923,1,0.00178820335190988,"Uterine Carcinosarcoma","Primary Tumor"
"5517",0.613173076923077,1,0.00178734671851088,"Uterine Carcinosarcoma","Primary Tumor"
"5518",0.613269230769231,1,0.00178700041459234,"Uterine Carcinosarcoma","Primary Tumor"
"5519",0.613461538461539,1,0.00178657429116702,"Uterine Carcinosarcoma","Primary Tumor"
"5520",0.613557692307692,1,0.00178639231324162,"Uterine Carcinosarcoma","Primary Tumor"
"5521",0.613653846153846,1,0.00178632648477006,"Uterine Carcinosarcoma","Primary Tumor"
"5522",0.61375,1,0.00178612870895811,"Uterine Carcinosarcoma","Primary Tumor"
"5523",0.613846153846154,1,0.00178570210205053,"Uterine Carcinosarcoma","Primary Tumor"
"5524",0.613942307692308,1,0.00178410261599771,"Uterine Carcinosarcoma","Primary Tumor"
"5525",0.614038461538462,1,0.00178333178204415,"Uterine Carcinosarcoma","Primary Tumor"
"5526",0.614134615384615,1,0.00178313243474348,"Uterine Carcinosarcoma","Primary Tumor"
"5527",0.614230769230769,1,0.0017830283871807,"Uterine Carcinosarcoma","Primary Tumor"
"5528",0.614326923076923,1,0.00178256209916416,"Uterine Carcinosarcoma","Primary Tumor"
"5529",0.614423076923077,1,0.00178178929760509,"Uterine Carcinosarcoma","Primary Tumor"
"5530",0.614519230769231,1,0.00178168777655141,"Uterine Carcinosarcoma","Primary Tumor"
"5531",0.614615384615385,1,0.00178140436875029,"Uterine Carcinosarcoma","Primary Tumor"
"5532",0.614711538461538,1,0.00177997889284875,"Uterine Carcinosarcoma","Primary Tumor"
"5533",0.614807692307692,1,0.00177944492850901,"Uterine Carcinosarcoma","Primary Tumor"
"5534",0.614903846153846,1,0.00177889245334861,"Uterine Carcinosarcoma","Primary Tumor"
"5535",0.615,1,0.00177852590130867,"Uterine Carcinosarcoma","Primary Tumor"
"5536",0.615096153846154,1,0.00177722401425362,"Uterine Carcinosarcoma","Primary Tumor"
"5537",0.615192307692308,1,0.00177699967140033,"Uterine Carcinosarcoma","Primary Tumor"
"5538",0.615288461538462,1,0.00177652869822464,"Uterine Carcinosarcoma","Primary Tumor"
"5539",0.615384615384615,1,0.00177607312137029,"Uterine Carcinosarcoma","Primary Tumor"
"5540",0.615480769230769,1,0.00177583188490305,"Uterine Carcinosarcoma","Primary Tumor"
"5541",0.615576923076923,1,0.00177577601808865,"Uterine Carcinosarcoma","Primary Tumor"
"5542",0.615673076923077,1,0.00177479661891289,"Uterine Carcinosarcoma","Primary Tumor"
"5543",0.615769230769231,1,0.00177476846269919,"Uterine Carcinosarcoma","Primary Tumor"
"5544",0.615865384615385,1,0.0017742322498886,"Uterine Carcinosarcoma","Primary Tumor"
"5545",0.615961538461538,1,0.00177337707497183,"Uterine Carcinosarcoma","Primary Tumor"
"5546",0.616057692307692,1,0.00177201314708386,"Uterine Carcinosarcoma","Primary Tumor"
"5547",0.616153846153846,1,0.00177190115792114,"Uterine Carcinosarcoma","Primary Tumor"
"5548",0.61625,1,0.00177180299162794,"Uterine Carcinosarcoma","Primary Tumor"
"5549",0.616346153846154,1,0.00177106394214988,"Uterine Carcinosarcoma","Primary Tumor"
"5550",0.616442307692308,1,0.00177103504512743,"Uterine Carcinosarcoma","Primary Tumor"
"5551",0.616538461538462,1,0.00177098183520885,"Uterine Carcinosarcoma","Primary Tumor"
"5552",0.616634615384615,1,0.0017704044310024,"Uterine Carcinosarcoma","Primary Tumor"
"5553",0.616730769230769,1,0.00177039937979506,"Uterine Carcinosarcoma","Primary Tumor"
"5554",0.616826923076923,1,0.00177027395994267,"Uterine Carcinosarcoma","Primary Tumor"
"5555",0.616923076923077,1,0.00176904079994455,"Uterine Carcinosarcoma","Primary Tumor"
"5556",0.617019230769231,1,0.00176766769809189,"Uterine Carcinosarcoma","Primary Tumor"
"5557",0.617115384615385,1,0.00176731905387795,"Uterine Carcinosarcoma","Primary Tumor"
"5558",0.617211538461538,1,0.00176716677618927,"Uterine Carcinosarcoma","Primary Tumor"
"5559",0.617307692307692,1,0.00176677725228214,"Uterine Carcinosarcoma","Primary Tumor"
"5560",0.617403846153846,1,0.00176617533505885,"Uterine Carcinosarcoma","Primary Tumor"
"5561",0.6175,1,0.00176577253912968,"Uterine Carcinosarcoma","Primary Tumor"
"5562",0.617596153846154,1,0.00176547958138618,"Uterine Carcinosarcoma","Primary Tumor"
"5563",0.617692307692308,1,0.0017654335050955,"Uterine Carcinosarcoma","Primary Tumor"
"5564",0.617788461538462,1,0.00176451308222281,"Uterine Carcinosarcoma","Primary Tumor"
"5565",0.617884615384615,1,0.0017638644041934,"Uterine Carcinosarcoma","Primary Tumor"
"5566",0.617980769230769,1,0.00176376124056055,"Uterine Carcinosarcoma","Primary Tumor"
"5567",0.618076923076923,1,0.00176355304342679,"Uterine Carcinosarcoma","Primary Tumor"
"5568",0.618173076923077,1,0.00176322309980925,"Uterine Carcinosarcoma","Primary Tumor"
"5569",0.618269230769231,1,0.00176310816184977,"Uterine Carcinosarcoma","Primary Tumor"
"5570",0.618365384615385,1,0.00176100175263127,"Uterine Carcinosarcoma","Primary Tumor"
"5571",0.618461538461539,1,0.00176014938827007,"Uterine Carcinosarcoma","Primary Tumor"
"5572",0.618557692307692,1,0.00175955658390137,"Uterine Carcinosarcoma","Primary Tumor"
"5573",0.618846153846154,1,0.00175908297543104,"Uterine Carcinosarcoma","Primary Tumor"
"5574",0.618942307692308,1,0.00175877583217776,"Uterine Carcinosarcoma","Primary Tumor"
"5575",0.619038461538462,1,0.00175638256525668,"Uterine Carcinosarcoma","Primary Tumor"
"5576",0.619134615384615,1,0.00175498611453173,"Uterine Carcinosarcoma","Primary Tumor"
"5577",0.619326923076923,1,0.00175463773452289,"Uterine Carcinosarcoma","Primary Tumor"
"5578",0.619423076923077,1,0.00175459465237793,"Uterine Carcinosarcoma","Primary Tumor"
"5579",0.619519230769231,1,0.00175447639712489,"Uterine Carcinosarcoma","Primary Tumor"
"5580",0.619615384615385,1,0.00175405518569205,"Uterine Carcinosarcoma","Primary Tumor"
"5581",0.619711538461538,1,0.00175393789253298,"Uterine Carcinosarcoma","Primary Tumor"
"5582",0.619807692307692,1,0.00175383923476236,"Uterine Carcinosarcoma","Primary Tumor"
"5583",0.619903846153846,1,0.00175373744778606,"Uterine Carcinosarcoma","Primary Tumor"
"5584",0.62,1,0.00175324874311333,"Uterine Carcinosarcoma","Primary Tumor"
"5585",0.620096153846154,1,0.00175212655473678,"Uterine Carcinosarcoma","Primary Tumor"
"5586",0.620192307692308,1,0.00175164704463548,"Uterine Carcinosarcoma","Primary Tumor"
"5587",0.620288461538462,1,0.001751023649876,"Uterine Carcinosarcoma","Primary Tumor"
"5588",0.620384615384615,1,0.00175094719119806,"Uterine Carcinosarcoma","Primary Tumor"
"5589",0.620480769230769,1,0.00175070402805855,"Uterine Carcinosarcoma","Primary Tumor"
"5590",0.620576923076923,1,0.0017502211051782,"Uterine Carcinosarcoma","Primary Tumor"
"5591",0.620673076923077,1,0.00174926945000142,"Uterine Carcinosarcoma","Primary Tumor"
"5592",0.620769230769231,1,0.00174898360676679,"Uterine Carcinosarcoma","Primary Tumor"
"5593",0.621153846153846,1,0.00174838263394861,"Uterine Carcinosarcoma","Primary Tumor"
"5594",0.62125,1,0.00174807000530786,"Uterine Carcinosarcoma","Primary Tumor"
"5595",0.621346153846154,1,0.00174781558386761,"Uterine Carcinosarcoma","Primary Tumor"
"5596",0.621442307692308,1,0.00174779006871839,"Uterine Carcinosarcoma","Primary Tumor"
"5597",0.621538461538461,1,0.00174774432709268,"Uterine Carcinosarcoma","Primary Tumor"
"5598",0.621730769230769,1,0.00174761777239485,"Uterine Carcinosarcoma","Primary Tumor"
"5599",0.621826923076923,1,0.00174739054273199,"Uterine Carcinosarcoma","Primary Tumor"
"5600",0.622211538461538,1,0.00174679406527145,"Uterine Carcinosarcoma","Primary Tumor"
"5601",0.622307692307692,1,0.00174649205259636,"Uterine Carcinosarcoma","Primary Tumor"
"5602",0.622403846153846,1,0.00174615238988285,"Uterine Carcinosarcoma","Primary Tumor"
"5603",0.6225,1,0.00174614529977801,"Uterine Carcinosarcoma","Primary Tumor"
"5604",0.622596153846154,1,0.0017456571652672,"Uterine Carcinosarcoma","Primary Tumor"
"5605",0.622692307692308,1,0.00174563979365305,"Uterine Carcinosarcoma","Primary Tumor"
"5606",0.622788461538462,1,0.00174560176320315,"Uterine Carcinosarcoma","Primary Tumor"
"5607",0.622884615384615,1,0.00174526773534134,"Uterine Carcinosarcoma","Primary Tumor"
"5608",0.622980769230769,1,0.00174440545535748,"Uterine Carcinosarcoma","Primary Tumor"
"5609",0.623076923076923,1,0.00174312430481516,"Uterine Carcinosarcoma","Primary Tumor"
"5610",0.623173076923077,1,0.00174229750352617,"Uterine Carcinosarcoma","Primary Tumor"
"5611",0.623269230769231,1,0.00174196967065321,"Uterine Carcinosarcoma","Primary Tumor"
"5612",0.623365384615385,1,0.00174149361037079,"Uterine Carcinosarcoma","Primary Tumor"
"5613",0.623461538461539,1,0.00174049130953824,"Uterine Carcinosarcoma","Primary Tumor"
"5614",0.623557692307692,1,0.00173996657165421,"Uterine Carcinosarcoma","Primary Tumor"
"5615",0.623653846153846,1,0.00173976303251877,"Uterine Carcinosarcoma","Primary Tumor"
"5616",0.62375,1,0.00173879800813215,"Uterine Carcinosarcoma","Primary Tumor"
"5617",0.623846153846154,1,0.00173787795236235,"Uterine Carcinosarcoma","Primary Tumor"
"5618",0.623942307692308,1,0.00173761273158357,"Uterine Carcinosarcoma","Primary Tumor"
"5619",0.624038461538462,1,0.00173668902364565,"Uterine Carcinosarcoma","Primary Tumor"
"5620",0.624134615384615,1,0.00173656722113258,"Uterine Carcinosarcoma","Primary Tumor"
"5621",0.624230769230769,1,0.00173638518126984,"Uterine Carcinosarcoma","Primary Tumor"
"5622",0.624711538461538,1,0.0017362205190633,"Uterine Carcinosarcoma","Primary Tumor"
"5623",0.624807692307692,1,0.00173575388053404,"Uterine Carcinosarcoma","Primary Tumor"
"5624",0.624903846153846,1,0.00173507925754279,"Uterine Carcinosarcoma","Primary Tumor"
"5625",0.625,1,0.00173372027232621,"Uterine Carcinosarcoma","Primary Tumor"
"5626",0.625096153846154,1,0.00173370161761821,"Uterine Carcinosarcoma","Primary Tumor"
"5627",0.625192307692308,1,0.00173343247995783,"Uterine Carcinosarcoma","Primary Tumor"
"5628",0.625288461538462,1,0.00173343077755506,"Uterine Carcinosarcoma","Primary Tumor"
"5629",0.625384615384615,1,0.00173328834130693,"Uterine Carcinosarcoma","Primary Tumor"
"5630",0.625480769230769,1,0.00173303712947137,"Uterine Carcinosarcoma","Primary Tumor"
"5631",0.625576923076923,1,0.00173294991362727,"Uterine Carcinosarcoma","Primary Tumor"
"5632",0.625673076923077,1,0.00173287924107857,"Uterine Carcinosarcoma","Primary Tumor"
"5633",0.625769230769231,1,0.00173278896581697,"Uterine Carcinosarcoma","Primary Tumor"
"5634",0.625865384615385,1,0.00173252982579364,"Uterine Carcinosarcoma","Primary Tumor"
"5635",0.625961538461538,1,0.00173212172562409,"Uterine Carcinosarcoma","Primary Tumor"
"5636",0.626057692307692,1,0.0017319668612209,"Uterine Carcinosarcoma","Primary Tumor"
"5637",0.626153846153846,1,0.00173168518200406,"Uterine Carcinosarcoma","Primary Tumor"
"5638",0.62625,1,0.00173154063257597,"Uterine Carcinosarcoma","Primary Tumor"
"5639",0.626346153846154,1,0.00173138541892948,"Uterine Carcinosarcoma","Primary Tumor"
"5640",0.626442307692308,1,0.00173136667570506,"Uterine Carcinosarcoma","Primary Tumor"
"5641",0.626538461538461,1,0.00173118358476287,"Uterine Carcinosarcoma","Primary Tumor"
"5642",0.626634615384615,1,0.00173097237900943,"Uterine Carcinosarcoma","Primary Tumor"
"5643",0.628461538461539,1,0.00173025254322667,"Uterine Carcinosarcoma","Primary Tumor"
"5644",0.628557692307692,1,0.00172958837448356,"Uterine Carcinosarcoma","Primary Tumor"
"5645",0.628653846153846,1,0.0017291614313707,"Uterine Carcinosarcoma","Primary Tumor"
"5646",0.62875,1,0.00172728451698601,"Uterine Carcinosarcoma","Primary Tumor"
"5647",0.628846153846154,1,0.00172726123767475,"Uterine Carcinosarcoma","Primary Tumor"
"5648",0.628942307692308,1,0.00172706737383654,"Uterine Carcinosarcoma","Primary Tumor"
"5649",0.629038461538462,1,0.00172677986438663,"Uterine Carcinosarcoma","Primary Tumor"
"5650",0.629134615384615,1,0.00172676578547681,"Uterine Carcinosarcoma","Primary Tumor"
"5651",0.629230769230769,1,0.00172648367452555,"Uterine Carcinosarcoma","Primary Tumor"
"5652",0.629326923076923,1,0.00172549990147064,"Uterine Carcinosarcoma","Primary Tumor"
"5653",0.629519230769231,1,0.00172495190366162,"Uterine Carcinosarcoma","Primary Tumor"
"5654",0.629615384615385,1,0.00172427330191172,"Uterine Carcinosarcoma","Primary Tumor"
"5655",0.629711538461538,1,0.0017239720637765,"Uterine Carcinosarcoma","Primary Tumor"
"5656",0.629807692307692,1,0.00172354714150913,"Uterine Carcinosarcoma","Primary Tumor"
"5657",0.629903846153846,1,0.00172274462512156,"Uterine Carcinosarcoma","Primary Tumor"
"5658",0.63,1,0.00172268083973037,"Uterine Carcinosarcoma","Primary Tumor"
"5659",0.630096153846154,1,0.00172259949750653,"Uterine Carcinosarcoma","Primary Tumor"
"5660",0.630192307692308,1,0.00172253417324886,"Uterine Carcinosarcoma","Primary Tumor"
"5661",0.630288461538462,1,0.0017222213125897,"Uterine Carcinosarcoma","Primary Tumor"
"5662",0.630384615384615,1,0.00172123680731751,"Uterine Carcinosarcoma","Primary Tumor"
"5663",0.630480769230769,1,0.00172110889006627,"Uterine Carcinosarcoma","Primary Tumor"
"5664",0.630576923076923,1,0.00172108469424903,"Uterine Carcinosarcoma","Primary Tumor"
"5665",0.630673076923077,1,0.00172104204978296,"Uterine Carcinosarcoma","Primary Tumor"
"5666",0.630769230769231,1,0.00172084245711146,"Uterine Carcinosarcoma","Primary Tumor"
"5667",0.632019230769231,1,0.00172070309161754,"Uterine Carcinosarcoma","Primary Tumor"
"5668",0.632115384615385,1,0.00171988982502491,"Uterine Carcinosarcoma","Primary Tumor"
"5669",0.632211538461538,1,0.0017197513493219,"Uterine Carcinosarcoma","Primary Tumor"
"5670",0.632307692307692,1,0.00171927498133373,"Uterine Carcinosarcoma","Primary Tumor"
"5671",0.632884615384615,1,0.00171916695288621,"Uterine Carcinosarcoma","Primary Tumor"
"5672",0.632980769230769,1,0.0017190681577266,"Uterine Carcinosarcoma","Primary Tumor"
"5673",0.633076923076923,1,0.00171856888008504,"Uterine Carcinosarcoma","Primary Tumor"
"5674",0.633173076923077,1,0.00171805725146101,"Uterine Carcinosarcoma","Primary Tumor"
"5675",0.633269230769231,1,0.00171764999416646,"Uterine Carcinosarcoma","Primary Tumor"
"5676",0.633365384615385,1,0.00171693792152994,"Uterine Carcinosarcoma","Primary Tumor"
"5677",0.633461538461538,1,0.00171684550990925,"Uterine Carcinosarcoma","Primary Tumor"
"5678",0.633557692307692,1,0.00171660463244772,"Uterine Carcinosarcoma","Primary Tumor"
"5679",0.633653846153846,1,0.00171624870723319,"Uterine Carcinosarcoma","Primary Tumor"
"5680",0.63375,1,0.00171552815801812,"Uterine Carcinosarcoma","Primary Tumor"
"5681",0.633846153846154,1,0.00171467338037967,"Uterine Carcinosarcoma","Primary Tumor"
"5682",0.633942307692308,1,0.00171452613288126,"Uterine Carcinosarcoma","Primary Tumor"
"5683",0.634038461538462,1,0.00171446275421061,"Uterine Carcinosarcoma","Primary Tumor"
"5684",0.634134615384615,1,0.0017139260600828,"Uterine Carcinosarcoma","Primary Tumor"
"5685",0.634230769230769,1,0.00171346103870162,"Uterine Carcinosarcoma","Primary Tumor"
"5686",0.634326923076923,1,0.00171343571129234,"Uterine Carcinosarcoma","Primary Tumor"
"5687",0.634423076923077,1,0.00171334223615882,"Uterine Carcinosarcoma","Primary Tumor"
"5688",0.634519230769231,1,0.00171333193230827,"Uterine Carcinosarcoma","Primary Tumor"
"5689",0.634615384615385,1,0.00171319923817359,"Uterine Carcinosarcoma","Primary Tumor"
"5690",0.634711538461538,1,0.00171226711322003,"Uterine Carcinosarcoma","Primary Tumor"
"5691",0.634807692307692,1,0.00171163417805076,"Uterine Carcinosarcoma","Primary Tumor"
"5692",0.634903846153846,1,0.00171110041100486,"Uterine Carcinosarcoma","Primary Tumor"
"5693",0.635,1,0.00171105648554593,"Uterine Carcinosarcoma","Primary Tumor"
"5694",0.635096153846154,1,0.00171103680746454,"Uterine Carcinosarcoma","Primary Tumor"
"5695",0.635192307692308,1,0.001711006796284,"Uterine Carcinosarcoma","Primary Tumor"
"5696",0.635288461538462,1,0.00171028849710042,"Uterine Carcinosarcoma","Primary Tumor"
"5697",0.635384615384615,1,0.00170982583084889,"Uterine Carcinosarcoma","Primary Tumor"
"5698",0.635480769230769,1,0.00170940213298199,"Uterine Carcinosarcoma","Primary Tumor"
"5699",0.635576923076923,1,0.00170909743079406,"Uterine Carcinosarcoma","Primary Tumor"
"5700",0.635673076923077,1,0.00170839523984623,"Uterine Carcinosarcoma","Primary Tumor"
"5701",0.635769230769231,1,0.0017076374942856,"Uterine Carcinosarcoma","Primary Tumor"
"5702",0.635865384615385,1,0.00170702116229626,"Uterine Carcinosarcoma","Primary Tumor"
"5703",0.635961538461538,1,0.0017066303080272,"Uterine Carcinosarcoma","Primary Tumor"
"5704",0.636057692307692,1,0.00170644456488445,"Uterine Carcinosarcoma","Primary Tumor"
"5705",0.636153846153846,1,0.00170594304282001,"Uterine Carcinosarcoma","Primary Tumor"
"5706",0.63625,1,0.0017058593387046,"Uterine Carcinosarcoma","Primary Tumor"
"5707",0.636346153846154,1,0.00170583890652465,"Uterine Carcinosarcoma","Primary Tumor"
"5708",0.636442307692308,1,0.00170501076920326,"Uterine Carcinosarcoma","Primary Tumor"
"5709",0.636538461538461,1,0.00170485720022118,"Uterine Carcinosarcoma","Primary Tumor"
"5710",0.636634615384615,1,0.0017037880234092,"Uterine Carcinosarcoma","Primary Tumor"
"5711",0.636730769230769,1,0.00170202312765722,"Uterine Carcinosarcoma","Primary Tumor"
"5712",0.636826923076923,1,0.00170190942598114,"Uterine Carcinosarcoma","Primary Tumor"
"5713",0.638269230769231,1,0.00170055051543561,"Uterine Carcinosarcoma","Primary Tumor"
"5714",0.638365384615385,1,0.00170052550786692,"Uterine Carcinosarcoma","Primary Tumor"
"5715",0.638461538461538,1,0.00170039428483393,"Uterine Carcinosarcoma","Primary Tumor"
"5716",0.638557692307692,1,0.00170038070483058,"Uterine Carcinosarcoma","Primary Tumor"
"5717",0.638653846153846,1,0.00170013627210486,"Uterine Carcinosarcoma","Primary Tumor"
"5718",0.63875,1,0.00169958793000236,"Uterine Carcinosarcoma","Primary Tumor"
"5719",0.638846153846154,1,0.00169949015123227,"Uterine Carcinosarcoma","Primary Tumor"
"5720",0.638942307692308,1,0.00169938593396812,"Uterine Carcinosarcoma","Primary Tumor"
"5721",0.639038461538462,1,0.00169917749483872,"Uterine Carcinosarcoma","Primary Tumor"
"5722",0.639134615384615,1,0.00169901400303785,"Uterine Carcinosarcoma","Primary Tumor"
"5723",0.639230769230769,1,0.00169882769337149,"Uterine Carcinosarcoma","Primary Tumor"
"5724",0.639326923076923,1,0.00169770842942973,"Uterine Carcinosarcoma","Primary Tumor"
"5725",0.639423076923077,1,0.00169726239354606,"Uterine Carcinosarcoma","Primary Tumor"
"5726",0.639519230769231,1,0.00169719288006376,"Uterine Carcinosarcoma","Primary Tumor"
"5727",0.639615384615385,1,0.00169689217630686,"Uterine Carcinosarcoma","Primary Tumor"
"5728",0.639711538461538,1,0.00169681725705473,"Uterine Carcinosarcoma","Primary Tumor"
"5729",0.639807692307692,1,0.00169639138155664,"Uterine Carcinosarcoma","Primary Tumor"
"5730",0.639903846153846,1,0.00169615435693338,"Uterine Carcinosarcoma","Primary Tumor"
"5731",0.64,1,0.0016956785489598,"Uterine Carcinosarcoma","Primary Tumor"
"5732",0.640096153846154,1,0.00169567701882023,"Uterine Carcinosarcoma","Primary Tumor"
"5733",0.640192307692308,1,0.00169558454344554,"Uterine Carcinosarcoma","Primary Tumor"
"5734",0.640288461538462,1,0.00169509746761864,"Uterine Carcinosarcoma","Primary Tumor"
"5735",0.640384615384615,1,0.0016949778459423,"Uterine Carcinosarcoma","Primary Tumor"
"5736",0.640480769230769,1,0.00169390794189284,"Uterine Carcinosarcoma","Primary Tumor"
"5737",0.640576923076923,1,0.00169377654349079,"Uterine Carcinosarcoma","Primary Tumor"
"5738",0.640865384615385,1,0.00169304985992635,"Uterine Carcinosarcoma","Primary Tumor"
"5739",0.640961538461538,1,0.00169258058860688,"Uterine Carcinosarcoma","Primary Tumor"
"5740",0.641057692307692,1,0.00169244578226635,"Uterine Carcinosarcoma","Primary Tumor"
"5741",0.641153846153846,1,0.001692233679639,"Uterine Carcinosarcoma","Primary Tumor"
"5742",0.641346153846154,1,0.00169218073137289,"Uterine Carcinosarcoma","Primary Tumor"
"5743",0.641442307692308,1,0.00169172948655349,"Uterine Carcinosarcoma","Primary Tumor"
"5744",0.641538461538462,1,0.00169103842820884,"Uterine Carcinosarcoma","Primary Tumor"
"5745",0.641634615384615,1,0.00169081845250174,"Uterine Carcinosarcoma","Primary Tumor"
"5746",0.641730769230769,1,0.00168999557205296,"Uterine Carcinosarcoma","Primary Tumor"
"5747",0.641826923076923,1,0.00168940796708905,"Uterine Carcinosarcoma","Primary Tumor"
"5748",0.641923076923077,1,0.0016888435235195,"Uterine Carcinosarcoma","Primary Tumor"
"5749",0.642019230769231,1,0.00168839849241131,"Uterine Carcinosarcoma","Primary Tumor"
"5750",0.642115384615385,1,0.00168802620223629,"Uterine Carcinosarcoma","Primary Tumor"
"5751",0.642211538461538,1,0.00168733427779866,"Uterine Carcinosarcoma","Primary Tumor"
"5752",0.642307692307692,1,0.00168727079123332,"Uterine Carcinosarcoma","Primary Tumor"
"5753",0.642403846153846,1,0.00168706835068322,"Uterine Carcinosarcoma","Primary Tumor"
"5754",0.6425,1,0.00168570741175478,"Uterine Carcinosarcoma","Primary Tumor"
"5755",0.642596153846154,1,0.00168552039135506,"Uterine Carcinosarcoma","Primary Tumor"
"5756",0.642692307692308,1,0.00168366046874779,"Uterine Carcinosarcoma","Primary Tumor"
"5757",0.642788461538462,1,0.00168323294742412,"Uterine Carcinosarcoma","Primary Tumor"
"5758",0.642884615384615,1,0.00168227408931021,"Uterine Carcinosarcoma","Primary Tumor"
"5759",0.642980769230769,1,0.00168200826811371,"Uterine Carcinosarcoma","Primary Tumor"
"5760",0.643076923076923,1,0.00168187250521357,"Uterine Carcinosarcoma","Primary Tumor"
"5761",0.643173076923077,1,0.0016805841034564,"Uterine Carcinosarcoma","Primary Tumor"
"5762",0.643269230769231,1,0.00168039066263537,"Uterine Carcinosarcoma","Primary Tumor"
"5763",0.643365384615385,1,0.00168003218745005,"Uterine Carcinosarcoma","Primary Tumor"
"5764",0.643461538461538,1,0.00167976259233449,"Uterine Carcinosarcoma","Primary Tumor"
"5765",0.643557692307692,1,0.00167964477276028,"Uterine Carcinosarcoma","Primary Tumor"
"5766",0.643653846153846,1,0.00167924177947898,"Uterine Carcinosarcoma","Primary Tumor"
"5767",0.64375,1,0.00167832568500992,"Uterine Carcinosarcoma","Primary Tumor"
"5768",0.643846153846154,1,0.00167830917924294,"Uterine Carcinosarcoma","Primary Tumor"
"5769",0.643942307692308,1,0.00167692667039188,"Uterine Carcinosarcoma","Primary Tumor"
"5770",0.644038461538462,1,0.00167655539491696,"Uterine Carcinosarcoma","Primary Tumor"
"5771",0.644134615384615,1,0.00167655145488954,"Uterine Carcinosarcoma","Primary Tumor"
"5772",0.644230769230769,1,0.00167636666036897,"Uterine Carcinosarcoma","Primary Tumor"
"5773",0.644326923076923,1,0.00167565476602483,"Uterine Carcinosarcoma","Primary Tumor"
"5774",0.644423076923077,1,0.00167424817525375,"Uterine Carcinosarcoma","Primary Tumor"
"5775",0.644519230769231,1,0.00167404275377192,"Uterine Carcinosarcoma","Primary Tumor"
"5776",0.644615384615385,1,0.00167366316915762,"Uterine Carcinosarcoma","Primary Tumor"
"5777",0.644711538461539,1,0.00167206291537003,"Uterine Carcinosarcoma","Primary Tumor"
"5778",0.644807692307692,1,0.00167183147098815,"Uterine Carcinosarcoma","Primary Tumor"
"5779",0.644903846153846,1,0.0016705810108425,"Uterine Carcinosarcoma","Primary Tumor"
"5780",0.645,1,0.00167001674264122,"Uterine Carcinosarcoma","Primary Tumor"
"5781",0.645096153846154,1,0.00166959686515944,"Uterine Carcinosarcoma","Primary Tumor"
"5782",0.645192307692308,1,0.00166872729727086,"Uterine Carcinosarcoma","Primary Tumor"
"5783",0.645288461538462,1,0.00166768372608961,"Uterine Carcinosarcoma","Primary Tumor"
"5784",0.645384615384615,1,0.00166758019317448,"Uterine Carcinosarcoma","Primary Tumor"
"5785",0.645480769230769,1,0.00166754126053026,"Uterine Carcinosarcoma","Primary Tumor"
"5786",0.645576923076923,1,0.00166747929642264,"Uterine Carcinosarcoma","Primary Tumor"
"5787",0.645673076923077,1,0.00166737749335355,"Uterine Carcinosarcoma","Primary Tumor"
"5788",0.645769230769231,1,0.00166709519478114,"Uterine Carcinosarcoma","Primary Tumor"
"5789",0.645865384615385,1,0.00166684288105912,"Uterine Carcinosarcoma","Primary Tumor"
"5790",0.645961538461538,1,0.00166606542270831,"Uterine Carcinosarcoma","Primary Tumor"
"5791",0.646057692307692,1,0.00166572916141772,"Uterine Carcinosarcoma","Primary Tumor"
"5792",0.646153846153846,1,0.0016655832937128,"Uterine Carcinosarcoma","Primary Tumor"
"5793",0.64625,1,0.00166477125957987,"Uterine Carcinosarcoma","Primary Tumor"
"5794",0.646346153846154,1,0.00166422300331126,"Uterine Carcinosarcoma","Primary Tumor"
"5795",0.646442307692308,1,0.00166383746686627,"Uterine Carcinosarcoma","Primary Tumor"
"5796",0.646538461538462,1,0.00166375460333545,"Uterine Carcinosarcoma","Primary Tumor"
"5797",0.646634615384615,1,0.00166375120336171,"Uterine Carcinosarcoma","Primary Tumor"
"5798",0.646730769230769,1,0.00166301710661398,"Uterine Carcinosarcoma","Primary Tumor"
"5799",0.646826923076923,1,0.0016629956106653,"Uterine Carcinosarcoma","Primary Tumor"
"5800",0.646923076923077,1,0.00166220108124437,"Uterine Carcinosarcoma","Primary Tumor"
"5801",0.647019230769231,1,0.00166153540543801,"Uterine Carcinosarcoma","Primary Tumor"
"5802",0.647115384615385,1,0.00166131909884837,"Uterine Carcinosarcoma","Primary Tumor"
"5803",0.647211538461538,1,0.00166084973312208,"Uterine Carcinosarcoma","Primary Tumor"
"5804",0.647307692307692,1,0.00166060501729948,"Uterine Carcinosarcoma","Primary Tumor"
"5805",0.647403846153846,1,0.00166019375762549,"Uterine Carcinosarcoma","Primary Tumor"
"5806",0.6475,1,0.00165955436588472,"Uterine Carcinosarcoma","Primary Tumor"
"5807",0.647596153846154,1,0.00165831726351817,"Uterine Carcinosarcoma","Primary Tumor"
"5808",0.647692307692308,1,0.00165821102550012,"Uterine Carcinosarcoma","Primary Tumor"
"5809",0.647788461538462,1,0.00165809451231291,"Uterine Carcinosarcoma","Primary Tumor"
"5810",0.647884615384615,1,0.00165774953719244,"Uterine Carcinosarcoma","Primary Tumor"
"5811",0.647980769230769,1,0.00165650799732153,"Uterine Carcinosarcoma","Primary Tumor"
"5812",0.648076923076923,1,0.0016562204418642,"Uterine Carcinosarcoma","Primary Tumor"
"5813",0.648173076923077,1,0.00165591920289254,"Uterine Carcinosarcoma","Primary Tumor"
"5814",0.648269230769231,1,0.00165583451743634,"Uterine Carcinosarcoma","Primary Tumor"
"5815",0.648365384615385,1,0.00165416219112058,"Uterine Carcinosarcoma","Primary Tumor"
"5816",0.648461538461538,1,0.0016537010076777,"Uterine Carcinosarcoma","Primary Tumor"
"5817",0.648557692307692,1,0.00165263762574808,"Uterine Carcinosarcoma","Primary Tumor"
"5818",0.648653846153846,1,0.00165238837859116,"Uterine Carcinosarcoma","Primary Tumor"
"5819",0.64875,1,0.0016522770768288,"Uterine Carcinosarcoma","Primary Tumor"
"5820",0.648846153846154,1,0.00165171319882051,"Uterine Carcinosarcoma","Primary Tumor"
"5821",0.648942307692308,1,0.00165103974386527,"Uterine Carcinosarcoma","Primary Tumor"
"5822",0.649038461538462,1,0.00165102002199424,"Uterine Carcinosarcoma","Primary Tumor"
"5823",0.649134615384615,1,0.00165099490186615,"Uterine Carcinosarcoma","Primary Tumor"
"5824",0.649230769230769,1,0.00165096523635411,"Uterine Carcinosarcoma","Primary Tumor"
"5825",0.649326923076923,1,0.00165053383797031,"Uterine Carcinosarcoma","Primary Tumor"
"5826",0.649423076923077,1,0.00165046738571861,"Uterine Carcinosarcoma","Primary Tumor"
"5827",0.649519230769231,1,0.00165025869354352,"Uterine Carcinosarcoma","Primary Tumor"
"5828",0.649711538461539,1,0.00165004295925075,"Uterine Carcinosarcoma","Primary Tumor"
"5829",0.649807692307692,1,0.00164987061085387,"Uterine Carcinosarcoma","Primary Tumor"
"5830",0.649903846153846,1,0.00164968429644907,"Uterine Carcinosarcoma","Primary Tumor"
"5831",0.65,1,0.00164928714878787,"Uterine Carcinosarcoma","Primary Tumor"
"5832",0.650096153846154,1,0.00164921302636989,"Uterine Carcinosarcoma","Primary Tumor"
"5833",0.650192307692308,1,0.00164823976651518,"Uterine Carcinosarcoma","Primary Tumor"
"5834",0.650288461538462,1,0.00164790821831484,"Uterine Carcinosarcoma","Primary Tumor"
"5835",0.650384615384615,1,0.00164692928874322,"Uterine Carcinosarcoma","Primary Tumor"
"5836",0.650480769230769,1,0.00164691009619977,"Uterine Carcinosarcoma","Primary Tumor"
"5837",0.650576923076923,1,0.0016461423478733,"Uterine Carcinosarcoma","Primary Tumor"
"5838",0.650673076923077,1,0.00164601147385257,"Uterine Carcinosarcoma","Primary Tumor"
"5839",0.650769230769231,1,0.00164564245633469,"Uterine Carcinosarcoma","Primary Tumor"
"5840",0.650865384615385,1,0.00164553987600202,"Uterine Carcinosarcoma","Primary Tumor"
"5841",0.650961538461538,1,0.00164507348686671,"Uterine Carcinosarcoma","Primary Tumor"
"5842",0.651057692307692,1,0.00164482591761594,"Uterine Carcinosarcoma","Primary Tumor"
"5843",0.651153846153846,1,0.00164477461942536,"Uterine Carcinosarcoma","Primary Tumor"
"5844",0.65125,1,0.00164447758059516,"Uterine Carcinosarcoma","Primary Tumor"
"5845",0.651346153846154,1,0.00164432926995028,"Uterine Carcinosarcoma","Primary Tumor"
"5846",0.651442307692308,1,0.0016439396486333,"Uterine Carcinosarcoma","Primary Tumor"
"5847",0.651538461538462,1,0.00164383964154635,"Uterine Carcinosarcoma","Primary Tumor"
"5848",0.651730769230769,1,0.00164362789302464,"Uterine Carcinosarcoma","Primary Tumor"
"5849",0.651826923076923,1,0.00164348668031322,"Uterine Carcinosarcoma","Primary Tumor"
"5850",0.651923076923077,1,0.00164310534981837,"Uterine Carcinosarcoma","Primary Tumor"
"5851",0.652019230769231,1,0.00164200174034856,"Uterine Carcinosarcoma","Primary Tumor"
"5852",0.652115384615385,1,0.00164191789646773,"Uterine Carcinosarcoma","Primary Tumor"
"5853",0.652211538461538,1,0.00164191334143271,"Uterine Carcinosarcoma","Primary Tumor"
"5854",0.652307692307692,1,0.0016408845184479,"Uterine Carcinosarcoma","Primary Tumor"
"5855",0.652403846153846,1,0.00164076273339242,"Uterine Carcinosarcoma","Primary Tumor"
"5856",0.6525,1,0.0016404806897039,"Uterine Carcinosarcoma","Primary Tumor"
"5857",0.652596153846154,1,0.00164048039311415,"Uterine Carcinosarcoma","Primary Tumor"
"5858",0.6575,1,0.00164043040601014,"Uterine Carcinosarcoma","Primary Tumor"
"5859",0.657596153846154,1,0.00164042029009515,"Uterine Carcinosarcoma","Primary Tumor"
"5860",0.657692307692308,1,0.00164015478093937,"Uterine Carcinosarcoma","Primary Tumor"
"5861",0.657788461538461,1,0.00164014237226096,"Uterine Carcinosarcoma","Primary Tumor"
"5862",0.657884615384615,1,0.0016401322219034,"Uterine Carcinosarcoma","Primary Tumor"
"5863",0.657980769230769,1,0.00163970652772738,"Uterine Carcinosarcoma","Primary Tumor"
"5864",0.658173076923077,1,0.00163954644125641,"Uterine Carcinosarcoma","Primary Tumor"
"5865",0.658269230769231,1,0.00163948759899601,"Uterine Carcinosarcoma","Primary Tumor"
"5866",0.658365384615385,1,0.00163923167911983,"Uterine Carcinosarcoma","Primary Tumor"
"5867",0.658461538461538,1,0.00163853836191219,"Uterine Carcinosarcoma","Primary Tumor"
"5868",0.658557692307692,1,0.00163806746248785,"Uterine Carcinosarcoma","Primary Tumor"
"5869",0.658653846153846,1,0.00163780768366839,"Uterine Carcinosarcoma","Primary Tumor"
"5870",0.658846153846154,1,0.0016366854839035,"Uterine Carcinosarcoma","Primary Tumor"
"5871",0.658942307692308,1,0.00163659253612669,"Uterine Carcinosarcoma","Primary Tumor"
"5872",0.659038461538462,1,0.00163644649216221,"Uterine Carcinosarcoma","Primary Tumor"
"5873",0.659134615384615,1,0.00163638350264594,"Uterine Carcinosarcoma","Primary Tumor"
"5874",0.659230769230769,1,0.00163626099524217,"Uterine Carcinosarcoma","Primary Tumor"
"5875",0.659326923076923,1,0.00163518838882137,"Uterine Carcinosarcoma","Primary Tumor"
"5876",0.659423076923077,1,0.00163494606583947,"Uterine Carcinosarcoma","Primary Tumor"
"5877",0.659519230769231,1,0.00163483364073025,"Uterine Carcinosarcoma","Primary Tumor"
"5878",0.659615384615385,1,0.00163481815024624,"Uterine Carcinosarcoma","Primary Tumor"
"5879",0.659711538461539,1,0.00163427857328424,"Uterine Carcinosarcoma","Primary Tumor"
"5880",0.659807692307692,1,0.00163275836214016,"Uterine Carcinosarcoma","Primary Tumor"
"5881",0.659903846153846,1,0.00163163005005573,"Uterine Carcinosarcoma","Primary Tumor"
"5882",0.66,1,0.00163104429248362,"Uterine Carcinosarcoma","Primary Tumor"
"5883",0.660096153846154,1,0.00163017331264426,"Uterine Carcinosarcoma","Primary Tumor"
"5884",0.660192307692308,1,0.00162995495369456,"Uterine Carcinosarcoma","Primary Tumor"
"5885",0.660288461538462,1,0.00162993638390052,"Uterine Carcinosarcoma","Primary Tumor"
"5886",0.660384615384615,1,0.0016296450699782,"Uterine Carcinosarcoma","Primary Tumor"
"5887",0.660480769230769,1,0.00162929329161987,"Uterine Carcinosarcoma","Primary Tumor"
"5888",0.660576923076923,1,0.00162824227379954,"Uterine Carcinosarcoma","Primary Tumor"
"5889",0.660673076923077,1,0.00162770339635121,"Uterine Carcinosarcoma","Primary Tumor"
"5890",0.660769230769231,1,0.00162683830914878,"Uterine Carcinosarcoma","Primary Tumor"
"5891",0.660865384615385,1,0.00162677442489101,"Uterine Carcinosarcoma","Primary Tumor"
"5892",0.660961538461538,1,0.00162565181836838,"Uterine Carcinosarcoma","Primary Tumor"
"5893",0.661057692307692,1,0.00162558252526845,"Uterine Carcinosarcoma","Primary Tumor"
"5894",0.661153846153846,1,0.00162549599106743,"Uterine Carcinosarcoma","Primary Tumor"
"5895",0.66125,1,0.00162429013854815,"Uterine Carcinosarcoma","Primary Tumor"
"5896",0.661346153846154,1,0.00162423040600235,"Uterine Carcinosarcoma","Primary Tumor"
"5897",0.661442307692308,1,0.00162314235065919,"Uterine Carcinosarcoma","Primary Tumor"
"5898",0.661538461538462,1,0.00162310156590095,"Uterine Carcinosarcoma","Primary Tumor"
"5899",0.661634615384615,1,0.00162296776914239,"Uterine Carcinosarcoma","Primary Tumor"
"5900",0.661730769230769,1,0.00162261105560635,"Uterine Carcinosarcoma","Primary Tumor"
"5901",0.661826923076923,1,0.00162182819243384,"Uterine Carcinosarcoma","Primary Tumor"
"5902",0.661923076923077,1,0.00162167935389579,"Uterine Carcinosarcoma","Primary Tumor"
"5903",0.662019230769231,1,0.00162119897357493,"Uterine Carcinosarcoma","Primary Tumor"
"5904",0.662115384615385,1,0.00162008156046078,"Uterine Carcinosarcoma","Primary Tumor"
"5905",0.662211538461538,1,0.00161916193762923,"Uterine Carcinosarcoma","Primary Tumor"
"5906",0.662307692307692,1,0.00161871216730936,"Uterine Carcinosarcoma","Primary Tumor"
"5907",0.6625,1,0.00161843400418005,"Uterine Carcinosarcoma","Primary Tumor"
"5908",0.662596153846154,1,0.00161837113798491,"Uterine Carcinosarcoma","Primary Tumor"
"5909",0.662692307692308,1,0.00161723941045044,"Uterine Carcinosarcoma","Primary Tumor"
"5910",0.662788461538461,1,0.00161707575651371,"Uterine Carcinosarcoma","Primary Tumor"
"5911",0.662884615384615,1,0.00161659049111651,"Uterine Carcinosarcoma","Primary Tumor"
"5912",0.662980769230769,1,0.001616524753697,"Uterine Carcinosarcoma","Primary Tumor"
"5913",0.663076923076923,1,0.00161635950142758,"Uterine Carcinosarcoma","Primary Tumor"
"5914",0.663173076923077,1,0.00161620417383945,"Uterine Carcinosarcoma","Primary Tumor"
"5915",0.663269230769231,1,0.00161612489508256,"Uterine Carcinosarcoma","Primary Tumor"
"5916",0.663365384615385,1,0.00161595594564012,"Uterine Carcinosarcoma","Primary Tumor"
"5917",0.663461538461538,1,0.00161576826983434,"Uterine Carcinosarcoma","Primary Tumor"
"5918",0.663557692307692,1,0.00161576106218064,"Uterine Carcinosarcoma","Primary Tumor"
"5919",0.66375,1,0.00161538939101269,"Uterine Carcinosarcoma","Primary Tumor"
"5920",0.663846153846154,1,0.00161440565966764,"Uterine Carcinosarcoma","Primary Tumor"
"5921",0.663942307692308,1,0.00161383870642418,"Uterine Carcinosarcoma","Primary Tumor"
"5922",0.664038461538462,1,0.00161372709081664,"Uterine Carcinosarcoma","Primary Tumor"
"5923",0.664230769230769,1,0.001613296870979,"Uterine Carcinosarcoma","Primary Tumor"
"5924",0.664326923076923,1,0.00161329221255402,"Uterine Carcinosarcoma","Primary Tumor"
"5925",0.664423076923077,1,0.00161317202344613,"Uterine Carcinosarcoma","Primary Tumor"
"5926",0.664519230769231,1,0.00161175297563998,"Uterine Carcinosarcoma","Primary Tumor"
"5927",0.664615384615385,1,0.00161110325790337,"Uterine Carcinosarcoma","Primary Tumor"
"5928",0.664711538461538,1,0.00161103001599971,"Uterine Carcinosarcoma","Primary Tumor"
"5929",0.664807692307692,1,0.00161075665062849,"Uterine Carcinosarcoma","Primary Tumor"
"5930",0.664903846153846,1,0.00161041802069239,"Uterine Carcinosarcoma","Primary Tumor"
"5931",0.665,1,0.00160999698817654,"Uterine Carcinosarcoma","Primary Tumor"
"5932",0.665096153846154,1,0.001609942524882,"Uterine Carcinosarcoma","Primary Tumor"
"5933",0.665192307692308,1,0.00160975919677975,"Uterine Carcinosarcoma","Primary Tumor"
"5934",0.665288461538462,1,0.00160962864728997,"Uterine Carcinosarcoma","Primary Tumor"
"5935",0.665384615384615,1,0.00160853969434793,"Uterine Carcinosarcoma","Primary Tumor"
"5936",0.665480769230769,1,0.0016082423534024,"Uterine Carcinosarcoma","Primary Tumor"
"5937",0.665576923076923,1,0.00160746782390431,"Uterine Carcinosarcoma","Primary Tumor"
"5938",0.665673076923077,1,0.00160746118274846,"Uterine Carcinosarcoma","Primary Tumor"
"5939",0.665769230769231,1,0.0016059634156057,"Uterine Carcinosarcoma","Primary Tumor"
"5940",0.665865384615385,1,0.00160509436772005,"Uterine Carcinosarcoma","Primary Tumor"
"5941",0.665961538461538,1,0.00160488169791251,"Uterine Carcinosarcoma","Primary Tumor"
"5942",0.666057692307692,1,0.00160271058244577,"Uterine Carcinosarcoma","Primary Tumor"
"5943",0.666153846153846,1,0.00160163052214313,"Uterine Carcinosarcoma","Primary Tumor"
"5944",0.66625,1,0.00160139144045679,"Uterine Carcinosarcoma","Primary Tumor"
"5945",0.666346153846154,1,0.00160016089289106,"Uterine Carcinosarcoma","Primary Tumor"
"5946",0.666442307692308,1,0.00159960184045693,"Uterine Carcinosarcoma","Primary Tumor"
"5947",0.666538461538462,1,0.00159881045047794,"Uterine Carcinosarcoma","Primary Tumor"
"5948",0.666634615384615,1,0.00159873058861837,"Uterine Carcinosarcoma","Primary Tumor"
"5949",0.666730769230769,1,0.00159863727811127,"Uterine Carcinosarcoma","Primary Tumor"
"5950",0.666826923076923,1,0.00159731180939926,"Uterine Carcinosarcoma","Primary Tumor"
"5951",0.666923076923077,1,0.00159710835270255,"Uterine Carcinosarcoma","Primary Tumor"
"5952",0.667019230769231,1,0.00159678875533109,"Uterine Carcinosarcoma","Primary Tumor"
"5953",0.667115384615385,1,0.00159671770010039,"Uterine Carcinosarcoma","Primary Tumor"
"5954",0.667211538461538,1,0.00159644980664597,"Uterine Carcinosarcoma","Primary Tumor"
"5955",0.667307692307692,1,0.0015958385698841,"Uterine Carcinosarcoma","Primary Tumor"
"5956",0.667403846153846,1,0.00159551883892495,"Uterine Carcinosarcoma","Primary Tumor"
"5957",0.6675,1,0.00159526109621089,"Uterine Carcinosarcoma","Primary Tumor"
"5958",0.667596153846154,1,0.00159521764124082,"Uterine Carcinosarcoma","Primary Tumor"
"5959",0.667692307692308,1,0.00159519643968387,"Uterine Carcinosarcoma","Primary Tumor"
"5960",0.667788461538461,1,0.00159456968535687,"Uterine Carcinosarcoma","Primary Tumor"
"5961",0.667884615384615,1,0.00159434579507478,"Uterine Carcinosarcoma","Primary Tumor"
"5962",0.667980769230769,1,0.00159369308857027,"Uterine Carcinosarcoma","Primary Tumor"
"5963",0.668076923076923,1,0.00159189915310243,"Uterine Carcinosarcoma","Primary Tumor"
"5964",0.668173076923077,1,0.00159079262193695,"Uterine Carcinosarcoma","Primary Tumor"
"5965",0.668269230769231,1,0.00159046162180476,"Uterine Carcinosarcoma","Primary Tumor"
"5966",0.668365384615385,1,0.00158979754462618,"Uterine Carcinosarcoma","Primary Tumor"
"5967",0.668461538461538,1,0.001589076975686,"Uterine Carcinosarcoma","Primary Tumor"
"5968",0.668557692307692,1,0.00158822612411891,"Uterine Carcinosarcoma","Primary Tumor"
"5969",0.668653846153846,1,0.00158801833977085,"Uterine Carcinosarcoma","Primary Tumor"
"5970",0.66875,1,0.00158795244115517,"Uterine Carcinosarcoma","Primary Tumor"
"5971",0.668846153846154,1,0.00158775621068097,"Uterine Carcinosarcoma","Primary Tumor"
"5972",0.668942307692308,1,0.00158725698430329,"Uterine Carcinosarcoma","Primary Tumor"
"5973",0.669038461538462,1,0.00158686913802164,"Uterine Carcinosarcoma","Primary Tumor"
"5974",0.669423076923077,1,0.00158643595437835,"Uterine Carcinosarcoma","Primary Tumor"
"5975",0.669519230769231,1,0.00158642218700689,"Uterine Carcinosarcoma","Primary Tumor"
"5976",0.669615384615385,1,0.00158616643479059,"Uterine Carcinosarcoma","Primary Tumor"
"5977",0.669711538461538,1,0.00158592927479406,"Uterine Carcinosarcoma","Primary Tumor"
"5978",0.669807692307692,1,0.0015857670178675,"Uterine Carcinosarcoma","Primary Tumor"
"5979",0.669903846153846,1,0.00158542350164825,"Uterine Carcinosarcoma","Primary Tumor"
"5980",0.670096153846154,1,0.0015854142757018,"Uterine Carcinosarcoma","Primary Tumor"
"5981",0.670192307692308,1,0.00158520922289895,"Uterine Carcinosarcoma","Primary Tumor"
"5982",0.670288461538462,1,0.00158472631830597,"Uterine Carcinosarcoma","Primary Tumor"
"5983",0.670384615384615,1,0.00158408941553212,"Uterine Carcinosarcoma","Primary Tumor"
"5984",0.670480769230769,1,0.00158379111360352,"Uterine Carcinosarcoma","Primary Tumor"
"5985",0.670576923076923,1,0.00158361434284304,"Uterine Carcinosarcoma","Primary Tumor"
"5986",0.670673076923077,1,0.00158315967394251,"Uterine Carcinosarcoma","Primary Tumor"
"5987",0.670769230769231,1,0.0015821154600667,"Uterine Carcinosarcoma","Primary Tumor"
"5988",0.670865384615385,1,0.00158143137376543,"Uterine Carcinosarcoma","Primary Tumor"
"5989",0.670961538461538,1,0.00158119132711332,"Uterine Carcinosarcoma","Primary Tumor"
"5990",0.671057692307692,1,0.00158015692228641,"Uterine Carcinosarcoma","Primary Tumor"
"5991",0.671153846153846,1,0.00157993084256469,"Uterine Carcinosarcoma","Primary Tumor"
"5992",0.67125,1,0.00157978590112895,"Uterine Carcinosarcoma","Primary Tumor"
"5993",0.671346153846154,1,0.00157969019496973,"Uterine Carcinosarcoma","Primary Tumor"
"5994",0.671442307692308,1,0.00157911653346876,"Uterine Carcinosarcoma","Primary Tumor"
"5995",0.671538461538462,1,0.00157884311108414,"Uterine Carcinosarcoma","Primary Tumor"
"5996",0.671634615384615,1,0.00157779429837501,"Uterine Carcinosarcoma","Primary Tumor"
"5997",0.671730769230769,1,0.00157699211601214,"Uterine Carcinosarcoma","Primary Tumor"
"5998",0.671826923076923,1,0.00157587266908965,"Uterine Carcinosarcoma","Primary Tumor"
"5999",0.671923076923077,1,0.00157577250148822,"Uterine Carcinosarcoma","Primary Tumor"
"6000",0.672019230769231,1,0.00157536433628047,"Uterine Carcinosarcoma","Primary Tumor"
"6001",0.672115384615385,1,0.00157464057376722,"Uterine Carcinosarcoma","Primary Tumor"
"6002",0.672211538461538,1,0.00157459332102838,"Uterine Carcinosarcoma","Primary Tumor"
"6003",0.672307692307692,1,0.00157328297720805,"Uterine Carcinosarcoma","Primary Tumor"
"6004",0.672403846153846,1,0.00157290639769359,"Uterine Carcinosarcoma","Primary Tumor"
"6005",0.6725,1,0.00157267888071067,"Uterine Carcinosarcoma","Primary Tumor"
"6006",0.672596153846154,1,0.00157082617558291,"Uterine Carcinosarcoma","Primary Tumor"
"6007",0.672692307692308,1,0.00157015902476332,"Uterine Carcinosarcoma","Primary Tumor"
"6008",0.672788461538462,1,0.00157015326133858,"Uterine Carcinosarcoma","Primary Tumor"
"6009",0.672884615384615,1,0.00156920594830545,"Uterine Carcinosarcoma","Primary Tumor"
"6010",0.672980769230769,1,0.00156916361353632,"Uterine Carcinosarcoma","Primary Tumor"
"6011",0.673076923076923,1,0.00156905760154891,"Uterine Carcinosarcoma","Primary Tumor"
"6012",0.673173076923077,1,0.00156856930934501,"Uterine Carcinosarcoma","Primary Tumor"
"6013",0.673269230769231,1,0.00156849281823557,"Uterine Carcinosarcoma","Primary Tumor"
"6014",0.673365384615385,1,0.00156835348458728,"Uterine Carcinosarcoma","Primary Tumor"
"6015",0.673461538461538,1,0.00156794422386108,"Uterine Carcinosarcoma","Primary Tumor"
"6016",0.673557692307692,1,0.00156765878580323,"Uterine Carcinosarcoma","Primary Tumor"
"6017",0.673653846153846,1,0.00156651183168111,"Uterine Carcinosarcoma","Primary Tumor"
"6018",0.67375,1,0.00156635830542029,"Uterine Carcinosarcoma","Primary Tumor"
"6019",0.673846153846154,1,0.00156630253696921,"Uterine Carcinosarcoma","Primary Tumor"
"6020",0.673942307692308,1,0.0015662020643431,"Uterine Carcinosarcoma","Primary Tumor"
"6021",0.674038461538462,1,0.00156608097685518,"Uterine Carcinosarcoma","Primary Tumor"
"6022",0.674134615384615,1,0.00156604273383054,"Uterine Carcinosarcoma","Primary Tumor"
"6023",0.674230769230769,1,0.00156594829404744,"Uterine Carcinosarcoma","Primary Tumor"
"6024",0.674326923076923,1,0.00156551123775572,"Uterine Carcinosarcoma","Primary Tumor"
"6025",0.674423076923077,1,0.00156540820277706,"Uterine Carcinosarcoma","Primary Tumor"
"6026",0.674519230769231,1,0.00156433671654843,"Uterine Carcinosarcoma","Primary Tumor"
"6027",0.674615384615385,1,0.00156386939255115,"Uterine Carcinosarcoma","Primary Tumor"
"6028",0.674711538461538,1,0.0015638412449801,"Uterine Carcinosarcoma","Primary Tumor"
"6029",0.674807692307692,1,0.00156375663426855,"Uterine Carcinosarcoma","Primary Tumor"
"6030",0.674903846153846,1,0.00156235653148806,"Uterine Carcinosarcoma","Primary Tumor"
"6031",0.675,1,0.00156225741777827,"Uterine Carcinosarcoma","Primary Tumor"
"6032",0.675096153846154,1,0.00156175149399806,"Uterine Carcinosarcoma","Primary Tumor"
"6033",0.675192307692308,1,0.00156044492875218,"Uterine Carcinosarcoma","Primary Tumor"
"6034",0.675288461538462,1,0.00156043100186365,"Uterine Carcinosarcoma","Primary Tumor"
"6035",0.675384615384615,1,0.00156015704215373,"Uterine Carcinosarcoma","Primary Tumor"
"6036",0.675480769230769,1,0.00155992959183315,"Uterine Carcinosarcoma","Primary Tumor"
"6037",0.675576923076923,1,0.00155950566099117,"Uterine Carcinosarcoma","Primary Tumor"
"6038",0.675673076923077,1,0.00155817996889651,"Uterine Carcinosarcoma","Primary Tumor"
"6039",0.675769230769231,1,0.00155809985212463,"Uterine Carcinosarcoma","Primary Tumor"
"6040",0.675865384615385,1,0.00155728330486204,"Uterine Carcinosarcoma","Primary Tumor"
"6041",0.675961538461539,1,0.00155653039778503,"Uterine Carcinosarcoma","Primary Tumor"
"6042",0.676057692307692,1,0.00155648877430059,"Uterine Carcinosarcoma","Primary Tumor"
"6043",0.676153846153846,1,0.00155474652536958,"Uterine Carcinosarcoma","Primary Tumor"
"6044",0.67625,1,0.00155450625215492,"Uterine Carcinosarcoma","Primary Tumor"
"6045",0.676346153846154,1,0.00155404471848297,"Uterine Carcinosarcoma","Primary Tumor"
"6046",0.676442307692308,1,0.00155383559656308,"Uterine Carcinosarcoma","Primary Tumor"
"6047",0.676538461538462,1,0.00155348084170803,"Uterine Carcinosarcoma","Primary Tumor"
"6048",0.676634615384615,1,0.00155341706781742,"Uterine Carcinosarcoma","Primary Tumor"
"6049",0.676730769230769,1,0.00155331539918413,"Uterine Carcinosarcoma","Primary Tumor"
"6050",0.676826923076923,1,0.00155325572277309,"Uterine Carcinosarcoma","Primary Tumor"
"6051",0.676923076923077,1,0.00155306866598648,"Uterine Carcinosarcoma","Primary Tumor"
"6052",0.677019230769231,1,0.00155201714871167,"Uterine Carcinosarcoma","Primary Tumor"
"6053",0.677115384615385,1,0.00155193689010014,"Uterine Carcinosarcoma","Primary Tumor"
"6054",0.677211538461538,1,0.00155186105301541,"Uterine Carcinosarcoma","Primary Tumor"
"6055",0.677307692307692,1,0.00155124540118112,"Uterine Carcinosarcoma","Primary Tumor"
"6056",0.677403846153846,1,0.0015503788850797,"Uterine Carcinosarcoma","Primary Tumor"
"6057",0.6775,1,0.00155026598180097,"Uterine Carcinosarcoma","Primary Tumor"
"6058",0.677596153846154,1,0.00154984290373394,"Uterine Carcinosarcoma","Primary Tumor"
"6059",0.677692307692308,1,0.0015496860659352,"Uterine Carcinosarcoma","Primary Tumor"
"6060",0.677788461538462,1,0.00154887560835038,"Uterine Carcinosarcoma","Primary Tumor"
"6061",0.677884615384615,1,0.00154797158838493,"Uterine Carcinosarcoma","Primary Tumor"
"6062",0.677980769230769,1,0.00154769013286149,"Uterine Carcinosarcoma","Primary Tumor"
"6063",0.678076923076923,1,0.0015472852789945,"Uterine Carcinosarcoma","Primary Tumor"
"6064",0.678173076923077,1,0.00154695455946163,"Uterine Carcinosarcoma","Primary Tumor"
"6065",0.678269230769231,1,0.0015462768857275,"Uterine Carcinosarcoma","Primary Tumor"
"6066",0.678365384615385,1,0.00154497115464047,"Uterine Carcinosarcoma","Primary Tumor"
"6067",0.678461538461538,1,0.00154474001709148,"Uterine Carcinosarcoma","Primary Tumor"
"6068",0.678557692307692,1,0.00154439565165621,"Uterine Carcinosarcoma","Primary Tumor"
"6069",0.678653846153846,1,0.00154351046941803,"Uterine Carcinosarcoma","Primary Tumor"
"6070",0.67875,1,0.00154300058991474,"Uterine Carcinosarcoma","Primary Tumor"
"6071",0.678846153846154,1,0.00154157290701118,"Uterine Carcinosarcoma","Primary Tumor"
"6072",0.678942307692308,1,0.00154156363113667,"Uterine Carcinosarcoma","Primary Tumor"
"6073",0.679038461538462,1,0.00154153765698983,"Uterine Carcinosarcoma","Primary Tumor"
"6074",0.679134615384615,1,0.00154034844170714,"Uterine Carcinosarcoma","Primary Tumor"
"6075",0.679230769230769,1,0.00154004800537266,"Uterine Carcinosarcoma","Primary Tumor"
"6076",0.679326923076923,1,0.00153914973441982,"Uterine Carcinosarcoma","Primary Tumor"
"6077",0.679423076923077,1,0.0015387799318155,"Uterine Carcinosarcoma","Primary Tumor"
"6078",0.679519230769231,1,0.00153809533453408,"Uterine Carcinosarcoma","Primary Tumor"
"6079",0.679615384615385,1,0.00153768681765909,"Uterine Carcinosarcoma","Primary Tumor"
"6080",0.679711538461538,1,0.00153752574022814,"Uterine Carcinosarcoma","Primary Tumor"
"6081",0.679807692307692,1,0.00153749478766985,"Uterine Carcinosarcoma","Primary Tumor"
"6082",0.679903846153846,1,0.00153735188300896,"Uterine Carcinosarcoma","Primary Tumor"
"6083",0.68,1,0.00153731442800942,"Uterine Carcinosarcoma","Primary Tumor"
"6084",0.680096153846154,1,0.00153686611543802,"Uterine Carcinosarcoma","Primary Tumor"
"6085",0.680192307692308,1,0.00153665629587385,"Uterine Carcinosarcoma","Primary Tumor"
"6086",0.680288461538462,1,0.00153657382561967,"Uterine Carcinosarcoma","Primary Tumor"
"6087",0.680384615384615,1,0.00153650199492572,"Uterine Carcinosarcoma","Primary Tumor"
"6088",0.680480769230769,1,0.00153636017601688,"Uterine Carcinosarcoma","Primary Tumor"
"6089",0.680576923076923,1,0.00153622509632734,"Uterine Carcinosarcoma","Primary Tumor"
"6090",0.680673076923077,1,0.00153599645504188,"Uterine Carcinosarcoma","Primary Tumor"
"6091",0.680769230769231,1,0.00153592961398996,"Uterine Carcinosarcoma","Primary Tumor"
"6092",0.680865384615385,1,0.00153465779492457,"Uterine Carcinosarcoma","Primary Tumor"
"6093",0.680961538461539,1,0.00153433122247526,"Uterine Carcinosarcoma","Primary Tumor"
"6094",0.681057692307692,1,0.0015328575056246,"Uterine Carcinosarcoma","Primary Tumor"
"6095",0.68125,1,0.00153254214544374,"Uterine Carcinosarcoma","Primary Tumor"
"6096",0.681346153846154,1,0.0015324328047116,"Uterine Carcinosarcoma","Primary Tumor"
"6097",0.681442307692308,1,0.00153229782868647,"Uterine Carcinosarcoma","Primary Tumor"
"6098",0.681538461538462,1,0.00153177318527642,"Uterine Carcinosarcoma","Primary Tumor"
"6099",0.681634615384615,1,0.00153176506819241,"Uterine Carcinosarcoma","Primary Tumor"
"6100",0.681730769230769,1,0.00153151407510543,"Uterine Carcinosarcoma","Primary Tumor"
"6101",0.682115384615385,1,0.00153127385231111,"Uterine Carcinosarcoma","Primary Tumor"
"6102",0.682211538461538,1,0.0015301187898612,"Uterine Carcinosarcoma","Primary Tumor"
"6103",0.6825,1,0.00153011139705483,"Uterine Carcinosarcoma","Primary Tumor"
"6104",0.682596153846154,1,0.00152991239805633,"Uterine Carcinosarcoma","Primary Tumor"
"6105",0.682692307692308,1,0.00152958916431145,"Uterine Carcinosarcoma","Primary Tumor"
"6106",0.682788461538462,1,0.00152919111294325,"Uterine Carcinosarcoma","Primary Tumor"
"6107",0.682884615384615,1,0.00152879122768246,"Uterine Carcinosarcoma","Primary Tumor"
"6108",0.682980769230769,1,0.00152877951188279,"Uterine Carcinosarcoma","Primary Tumor"
"6109",0.683076923076923,1,0.0015286548109319,"Uterine Carcinosarcoma","Primary Tumor"
"6110",0.683173076923077,1,0.00152844702149402,"Uterine Carcinosarcoma","Primary Tumor"
"6111",0.683269230769231,1,0.00152766636532409,"Uterine Carcinosarcoma","Primary Tumor"
"6112",0.683365384615385,1,0.00152724529645343,"Uterine Carcinosarcoma","Primary Tumor"
"6113",0.683461538461538,1,0.0015257962821319,"Uterine Carcinosarcoma","Primary Tumor"
"6114",0.683557692307692,1,0.00152496007172831,"Uterine Carcinosarcoma","Primary Tumor"
"6115",0.683653846153846,1,0.00152479242538905,"Uterine Carcinosarcoma","Primary Tumor"
"6116",0.68375,1,0.00152453637373839,"Uterine Carcinosarcoma","Primary Tumor"
"6117",0.683846153846154,1,0.00152449220592354,"Uterine Carcinosarcoma","Primary Tumor"
"6118",0.683942307692308,1,0.00152423175315386,"Uterine Carcinosarcoma","Primary Tumor"
"6119",0.684038461538461,1,0.00152385296969049,"Uterine Carcinosarcoma","Primary Tumor"
"6120",0.684134615384615,1,0.00152331007301121,"Uterine Carcinosarcoma","Primary Tumor"
"6121",0.684230769230769,1,0.0015231672013486,"Uterine Carcinosarcoma","Primary Tumor"
"6122",0.684423076923077,1,0.00152213878645213,"Uterine Carcinosarcoma","Primary Tumor"
"6123",0.684519230769231,1,0.00152207721144759,"Uterine Carcinosarcoma","Primary Tumor"
"6124",0.684615384615385,1,0.0015214760431107,"Uterine Carcinosarcoma","Primary Tumor"
"6125",0.684711538461538,1,0.00152145104287926,"Uterine Carcinosarcoma","Primary Tumor"
"6126",0.684807692307692,1,0.0015208866715275,"Uterine Carcinosarcoma","Primary Tumor"
"6127",0.684903846153846,1,0.00151837526497445,"Uterine Carcinosarcoma","Primary Tumor"
"6128",0.685,1,0.00151832515263495,"Uterine Carcinosarcoma","Primary Tumor"
"6129",0.685096153846154,1,0.00151807515718738,"Uterine Carcinosarcoma","Primary Tumor"
"6130",0.685192307692308,1,0.00151713727162728,"Uterine Carcinosarcoma","Primary Tumor"
"6131",0.685288461538462,1,0.00151693859479551,"Uterine Carcinosarcoma","Primary Tumor"
"6132",0.685384615384615,1,0.00151595394834325,"Uterine Carcinosarcoma","Primary Tumor"
"6133",0.685480769230769,1,0.00151574260238019,"Uterine Carcinosarcoma","Primary Tumor"
"6134",0.685576923076923,1,0.00151534680119247,"Uterine Carcinosarcoma","Primary Tumor"
"6135",0.685673076923077,1,0.00151470900417006,"Uterine Carcinosarcoma","Primary Tumor"
"6136",0.685769230769231,1,0.00151433735074658,"Uterine Carcinosarcoma","Primary Tumor"
"6137",0.685865384615385,1,0.00151433442479332,"Uterine Carcinosarcoma","Primary Tumor"
"6138",0.685961538461539,1,0.00151394139367433,"Uterine Carcinosarcoma","Primary Tumor"
"6139",0.686057692307692,1,0.00151329494499941,"Uterine Carcinosarcoma","Primary Tumor"
"6140",0.686153846153846,1,0.00151271637957795,"Uterine Carcinosarcoma","Primary Tumor"
"6141",0.68625,1,0.00151173742006316,"Uterine Carcinosarcoma","Primary Tumor"
"6142",0.686346153846154,1,0.00151059217490446,"Uterine Carcinosarcoma","Primary Tumor"
"6143",0.686442307692308,1,0.00151051154495796,"Uterine Carcinosarcoma","Primary Tumor"
"6144",0.686538461538462,1,0.00151023307014209,"Uterine Carcinosarcoma","Primary Tumor"
"6145",0.686634615384615,1,0.00150931237282181,"Uterine Carcinosarcoma","Primary Tumor"
"6146",0.686730769230769,1,0.00150881633390532,"Uterine Carcinosarcoma","Primary Tumor"
"6147",0.686826923076923,1,0.00150720406987048,"Uterine Carcinosarcoma","Primary Tumor"
"6148",0.686923076923077,1,0.00150641195874424,"Uterine Carcinosarcoma","Primary Tumor"
"6149",0.687019230769231,1,0.00150545291532567,"Uterine Carcinosarcoma","Primary Tumor"
"6150",0.687115384615385,1,0.00150356950926911,"Uterine Carcinosarcoma","Primary Tumor"
"6151",0.687211538461538,1,0.00150299918254915,"Uterine Carcinosarcoma","Primary Tumor"
"6152",0.687307692307692,1,0.00150252795881833,"Uterine Carcinosarcoma","Primary Tumor"
"6153",0.687403846153846,1,0.00150182383828468,"Uterine Carcinosarcoma","Primary Tumor"
"6154",0.6875,1,0.00150176605128327,"Uterine Carcinosarcoma","Primary Tumor"
"6155",0.687596153846154,1,0.00150161285766881,"Uterine Carcinosarcoma","Primary Tumor"
"6156",0.687692307692308,1,0.00150018074294889,"Uterine Carcinosarcoma","Primary Tumor"
"6157",0.687788461538462,1,0.00150007455071532,"Uterine Carcinosarcoma","Primary Tumor"
"6158",0.687884615384615,1,0.00149985384022167,"Uterine Carcinosarcoma","Primary Tumor"
"6159",0.687980769230769,1,0.00149980583780973,"Uterine Carcinosarcoma","Primary Tumor"
"6160",0.688076923076923,1,0.00149955849012195,"Uterine Carcinosarcoma","Primary Tumor"
"6161",0.688173076923077,1,0.00149933087047882,"Uterine Carcinosarcoma","Primary Tumor"
"6162",0.688269230769231,1,0.00149911954943416,"Uterine Carcinosarcoma","Primary Tumor"
"6163",0.688365384615385,1,0.00149811080824902,"Uterine Carcinosarcoma","Primary Tumor"
"6164",0.688461538461538,1,0.00149809366193687,"Uterine Carcinosarcoma","Primary Tumor"
"6165",0.68875,1,0.00149806097537597,"Uterine Carcinosarcoma","Primary Tumor"
"6166",0.688846153846154,1,0.00149778576485227,"Uterine Carcinosarcoma","Primary Tumor"
"6167",0.688942307692308,1,0.00149746507445314,"Uterine Carcinosarcoma","Primary Tumor"
"6168",0.689038461538461,1,0.00149714124144051,"Uterine Carcinosarcoma","Primary Tumor"
"6169",0.689134615384615,1,0.00149677385638525,"Uterine Carcinosarcoma","Primary Tumor"
"6170",0.689230769230769,1,0.00149495949830358,"Uterine Carcinosarcoma","Primary Tumor"
"6171",0.689326923076923,1,0.00149469276641734,"Uterine Carcinosarcoma","Primary Tumor"
"6172",0.689423076923077,1,0.00149313341387236,"Uterine Carcinosarcoma","Primary Tumor"
"6173",0.689519230769231,1,0.00149261985032678,"Uterine Carcinosarcoma","Primary Tumor"
"6174",0.689615384615385,1,0.00149237228316668,"Uterine Carcinosarcoma","Primary Tumor"
"6175",0.689711538461538,1,0.0014920811622805,"Uterine Carcinosarcoma","Primary Tumor"
"6176",0.689807692307692,1,0.00149154425762998,"Uterine Carcinosarcoma","Primary Tumor"
"6177",0.689903846153846,1,0.00149146957673441,"Uterine Carcinosarcoma","Primary Tumor"
"6178",0.69,1,0.00149133102694732,"Uterine Carcinosarcoma","Primary Tumor"
"6179",0.690096153846154,1,0.00149094351427737,"Uterine Carcinosarcoma","Primary Tumor"
"6180",0.690192307692308,1,0.00149066362700989,"Uterine Carcinosarcoma","Primary Tumor"
"6181",0.690288461538462,1,0.00148971326055169,"Uterine Carcinosarcoma","Primary Tumor"
"6182",0.690384615384615,1,0.00148945873582607,"Uterine Carcinosarcoma","Primary Tumor"
"6183",0.690480769230769,1,0.00148935047704324,"Uterine Carcinosarcoma","Primary Tumor"
"6184",0.690576923076923,1,0.00148882899042002,"Uterine Carcinosarcoma","Primary Tumor"
"6185",0.690673076923077,1,0.00148763640828276,"Uterine Carcinosarcoma","Primary Tumor"
"6186",0.690769230769231,1,0.00148757910515107,"Uterine Carcinosarcoma","Primary Tumor"
"6187",0.690865384615385,1,0.00148747444452568,"Uterine Carcinosarcoma","Primary Tumor"
"6188",0.690961538461539,1,0.00148717235284057,"Uterine Carcinosarcoma","Primary Tumor"
"6189",0.691057692307692,1,0.00148717097668194,"Uterine Carcinosarcoma","Primary Tumor"
"6190",0.691153846153846,1,0.00148683668010485,"Uterine Carcinosarcoma","Primary Tumor"
"6191",0.69125,1,0.0014862594920948,"Uterine Carcinosarcoma","Primary Tumor"
"6192",0.691346153846154,1,0.00148540006480269,"Uterine Carcinosarcoma","Primary Tumor"
"6193",0.691442307692308,1,0.00148526543494409,"Uterine Carcinosarcoma","Primary Tumor"
"6194",0.691538461538462,1,0.00148480664762829,"Uterine Carcinosarcoma","Primary Tumor"
"6195",0.691634615384615,1,0.00148445768046956,"Uterine Carcinosarcoma","Primary Tumor"
"6196",0.691730769230769,1,0.00148412872937698,"Uterine Carcinosarcoma","Primary Tumor"
"6197",0.691826923076923,1,0.00148377862406579,"Uterine Carcinosarcoma","Primary Tumor"
"6198",0.691923076923077,1,0.00148350473442727,"Uterine Carcinosarcoma","Primary Tumor"
"6199",0.692019230769231,1,0.00148334464746047,"Uterine Carcinosarcoma","Primary Tumor"
"6200",0.692115384615385,1,0.00148307531334935,"Uterine Carcinosarcoma","Primary Tumor"
"6201",0.692211538461538,1,0.00148299292871634,"Uterine Carcinosarcoma","Primary Tumor"
"6202",0.692307692307692,1,0.00148255308361267,"Uterine Carcinosarcoma","Primary Tumor"
"6203",0.692403846153846,1,0.00148197291072727,"Uterine Carcinosarcoma","Primary Tumor"
"6204",0.6925,1,0.00148157744751143,"Uterine Carcinosarcoma","Primary Tumor"
"6205",0.692596153846154,1,0.0014813717640203,"Uterine Carcinosarcoma","Primary Tumor"
"6206",0.692692307692308,1,0.00148052421154365,"Uterine Carcinosarcoma","Primary Tumor"
"6207",0.692788461538462,1,0.00148032006275312,"Uterine Carcinosarcoma","Primary Tumor"
"6208",0.692884615384615,1,0.00148023809982445,"Uterine Carcinosarcoma","Primary Tumor"
"6209",0.692980769230769,1,0.00148001179304114,"Uterine Carcinosarcoma","Primary Tumor"
"6210",0.693076923076923,1,0.00147963354420555,"Uterine Carcinosarcoma","Primary Tumor"
"6211",0.693173076923077,1,0.00147936037120089,"Uterine Carcinosarcoma","Primary Tumor"
"6212",0.693269230769231,1,0.00147936018481465,"Uterine Carcinosarcoma","Primary Tumor"
"6213",0.693365384615385,1,0.00147931559130132,"Uterine Carcinosarcoma","Primary Tumor"
"6214",0.693461538461538,1,0.00147880093746855,"Uterine Carcinosarcoma","Primary Tumor"
"6215",0.693557692307692,1,0.00147853273497545,"Uterine Carcinosarcoma","Primary Tumor"
"6216",0.693653846153846,1,0.00147839139622863,"Uterine Carcinosarcoma","Primary Tumor"
"6217",0.69375,1,0.00147826817283081,"Uterine Carcinosarcoma","Primary Tumor"
"6218",0.693846153846154,1,0.00147779826300309,"Uterine Carcinosarcoma","Primary Tumor"
"6219",0.693942307692308,1,0.00147724361847557,"Uterine Carcinosarcoma","Primary Tumor"
"6220",0.694038461538461,1,0.00147657788895927,"Uterine Carcinosarcoma","Primary Tumor"
"6221",0.694134615384615,1,0.00147640787250203,"Uterine Carcinosarcoma","Primary Tumor"
"6222",0.694230769230769,1,0.0014754997776133,"Uterine Carcinosarcoma","Primary Tumor"
"6223",0.694326923076923,1,0.00147499174961596,"Uterine Carcinosarcoma","Primary Tumor"
"6224",0.694423076923077,1,0.00147489969689896,"Uterine Carcinosarcoma","Primary Tumor"
"6225",0.694519230769231,1,0.00147479135188078,"Uterine Carcinosarcoma","Primary Tumor"
"6226",0.694615384615385,1,0.00147268330873918,"Uterine Carcinosarcoma","Primary Tumor"
"6227",0.694711538461538,1,0.00147195732825633,"Uterine Carcinosarcoma","Primary Tumor"
"6228",0.694807692307692,1,0.00147188381819663,"Uterine Carcinosarcoma","Primary Tumor"
"6229",0.694903846153846,1,0.00147180368775379,"Uterine Carcinosarcoma","Primary Tumor"
"6230",0.695,1,0.00147140086027631,"Uterine Carcinosarcoma","Primary Tumor"
"6231",0.695096153846154,1,0.00147072670959236,"Uterine Carcinosarcoma","Primary Tumor"
"6232",0.695192307692308,1,0.00147025779038235,"Uterine Carcinosarcoma","Primary Tumor"
"6233",0.695288461538462,1,0.00146888399559764,"Uterine Carcinosarcoma","Primary Tumor"
"6234",0.695384615384615,1,0.00146872623656891,"Uterine Carcinosarcoma","Primary Tumor"
"6235",0.695480769230769,1,0.00146866160120696,"Uterine Carcinosarcoma","Primary Tumor"
"6236",0.695576923076923,1,0.00146865852458089,"Uterine Carcinosarcoma","Primary Tumor"
"6237",0.695673076923077,1,0.00146830971401979,"Uterine Carcinosarcoma","Primary Tumor"
"6238",0.695769230769231,1,0.00146783041236775,"Uterine Carcinosarcoma","Primary Tumor"
"6239",0.695865384615385,1,0.001467463577704,"Uterine Carcinosarcoma","Primary Tumor"
"6240",0.695961538461538,1,0.00146707422922121,"Uterine Carcinosarcoma","Primary Tumor"
"6241",0.696057692307692,1,0.00146667448903626,"Uterine Carcinosarcoma","Primary Tumor"
"6242",0.696153846153846,1,0.0014662836183128,"Uterine Carcinosarcoma","Primary Tumor"
"6243",0.69625,1,0.00146586026488749,"Uterine Carcinosarcoma","Primary Tumor"
"6244",0.696346153846154,1,0.00146568235310773,"Uterine Carcinosarcoma","Primary Tumor"
"6245",0.696442307692308,1,0.0014649613708777,"Uterine Carcinosarcoma","Primary Tumor"
"6246",0.696538461538462,1,0.00146473163025229,"Uterine Carcinosarcoma","Primary Tumor"
"6247",0.696634615384615,1,0.00146352196555344,"Uterine Carcinosarcoma","Primary Tumor"
"6248",0.696730769230769,1,0.00146310725047583,"Uterine Carcinosarcoma","Primary Tumor"
"6249",0.696826923076923,1,0.00146247902830288,"Uterine Carcinosarcoma","Primary Tumor"
"6250",0.696923076923077,1,0.00146218637668083,"Uterine Carcinosarcoma","Primary Tumor"
"6251",0.697019230769231,1,0.00146185299017476,"Uterine Carcinosarcoma","Primary Tumor"
"6252",0.697115384615385,1,0.00146184408123673,"Uterine Carcinosarcoma","Primary Tumor"
"6253",0.697211538461538,1,0.00146179810162694,"Uterine Carcinosarcoma","Primary Tumor"
"6254",0.697307692307692,1,0.00146167269354414,"Uterine Carcinosarcoma","Primary Tumor"
"6255",0.697403846153846,1,0.00146136231655991,"Uterine Carcinosarcoma","Primary Tumor"
"6256",0.6975,1,0.00146133955274497,"Uterine Carcinosarcoma","Primary Tumor"
"6257",0.697596153846154,1,0.00146049826056815,"Uterine Carcinosarcoma","Primary Tumor"
"6258",0.697692307692308,1,0.00145997323158553,"Uterine Carcinosarcoma","Primary Tumor"
"6259",0.697788461538462,1,0.00145976244268431,"Uterine Carcinosarcoma","Primary Tumor"
"6260",0.697884615384615,1,0.00145934340287579,"Uterine Carcinosarcoma","Primary Tumor"
"6261",0.697980769230769,1,0.00145845825637603,"Uterine Carcinosarcoma","Primary Tumor"
"6262",0.698076923076923,1,0.00145834568536307,"Uterine Carcinosarcoma","Primary Tumor"
"6263",0.698173076923077,1,0.00145825751441664,"Uterine Carcinosarcoma","Primary Tumor"
"6264",0.698269230769231,1,0.00145788670689795,"Uterine Carcinosarcoma","Primary Tumor"
"6265",0.698365384615385,1,0.00145758807691598,"Uterine Carcinosarcoma","Primary Tumor"
"6266",0.698461538461538,1,0.00145756677543363,"Uterine Carcinosarcoma","Primary Tumor"
"6267",0.698557692307692,1,0.00145748681595603,"Uterine Carcinosarcoma","Primary Tumor"
"6268",0.698653846153846,1,0.00145719315654236,"Uterine Carcinosarcoma","Primary Tumor"
"6269",0.69875,1,0.00145705402719021,"Uterine Carcinosarcoma","Primary Tumor"
"6270",0.698846153846154,1,0.0014569137330589,"Uterine Carcinosarcoma","Primary Tumor"
"6271",0.698942307692308,1,0.00145678215550205,"Uterine Carcinosarcoma","Primary Tumor"
"6272",0.699038461538461,1,0.00145663441440036,"Uterine Carcinosarcoma","Primary Tumor"
"6273",0.699134615384615,1,0.00145650821090015,"Uterine Carcinosarcoma","Primary Tumor"
"6274",0.699230769230769,1,0.0014560278996073,"Uterine Carcinosarcoma","Primary Tumor"
"6275",0.699326923076923,1,0.00145496324531402,"Uterine Carcinosarcoma","Primary Tumor"
"6276",0.699423076923077,1,0.00145487314122306,"Uterine Carcinosarcoma","Primary Tumor"
"6277",0.699519230769231,1,0.00145424744568157,"Uterine Carcinosarcoma","Primary Tumor"
"6278",0.699615384615385,1,0.00145403598003213,"Uterine Carcinosarcoma","Primary Tumor"
"6279",0.699711538461538,1,0.00145366347636589,"Uterine Carcinosarcoma","Primary Tumor"
"6280",0.699807692307692,1,0.00145350563704294,"Uterine Carcinosarcoma","Primary Tumor"
"6281",0.699903846153846,1,0.00145328569046554,"Uterine Carcinosarcoma","Primary Tumor"
"6282",0.7,1,0.00145256634937407,"Uterine Carcinosarcoma","Primary Tumor"
"6283",0.700096153846154,1,0.00145166213866577,"Uterine Carcinosarcoma","Primary Tumor"
"6284",0.700192307692308,1,0.00145029603007274,"Uterine Carcinosarcoma","Primary Tumor"
"6285",0.700288461538462,1,0.00144947877587365,"Uterine Carcinosarcoma","Primary Tumor"
"6286",0.700384615384615,1,0.00144898447226705,"Uterine Carcinosarcoma","Primary Tumor"
"6287",0.700480769230769,1,0.00144793335964288,"Uterine Carcinosarcoma","Primary Tumor"
"6288",0.700576923076923,1,0.00144737038086307,"Uterine Carcinosarcoma","Primary Tumor"
"6289",0.700673076923077,1,0.00144625003146881,"Uterine Carcinosarcoma","Primary Tumor"
"6290",0.700769230769231,1,0.00144621146980672,"Uterine Carcinosarcoma","Primary Tumor"
"6291",0.700865384615385,1,0.00144556395350259,"Uterine Carcinosarcoma","Primary Tumor"
"6292",0.700961538461538,1,0.0014449371726547,"Uterine Carcinosarcoma","Primary Tumor"
"6293",0.701057692307692,1,0.00144433793031973,"Uterine Carcinosarcoma","Primary Tumor"
"6294",0.701153846153846,1,0.00144410852292687,"Uterine Carcinosarcoma","Primary Tumor"
"6295",0.70125,1,0.00144401295008612,"Uterine Carcinosarcoma","Primary Tumor"
"6296",0.701346153846154,1,0.00144316944746381,"Uterine Carcinosarcoma","Primary Tumor"
"6297",0.701442307692308,1,0.00144312981365136,"Uterine Carcinosarcoma","Primary Tumor"
"6298",0.701538461538462,1,0.00144266687046191,"Uterine Carcinosarcoma","Primary Tumor"
"6299",0.701634615384615,1,0.00144252991505167,"Uterine Carcinosarcoma","Primary Tumor"
"6300",0.701730769230769,1,0.00144232365913566,"Uterine Carcinosarcoma","Primary Tumor"
"6301",0.701826923076923,1,0.00144219727021855,"Uterine Carcinosarcoma","Primary Tumor"
"6302",0.701923076923077,1,0.00144179723519178,"Uterine Carcinosarcoma","Primary Tumor"
"6303",0.702019230769231,1,0.00144160159111795,"Uterine Carcinosarcoma","Primary Tumor"
"6304",0.702115384615385,1,0.00144143113200412,"Uterine Carcinosarcoma","Primary Tumor"
"6305",0.702211538461538,1,0.00144115109662402,"Uterine Carcinosarcoma","Primary Tumor"
"6306",0.702307692307692,1,0.00144111969017824,"Uterine Carcinosarcoma","Primary Tumor"
"6307",0.702403846153846,1,0.00144110707410705,"Uterine Carcinosarcoma","Primary Tumor"
"6308",0.7025,1,0.00144087939817616,"Uterine Carcinosarcoma","Primary Tumor"
"6309",0.702596153846154,1,0.0014408581883284,"Uterine Carcinosarcoma","Primary Tumor"
"6310",0.702692307692308,1,0.00144077889176264,"Uterine Carcinosarcoma","Primary Tumor"
"6311",0.702788461538462,1,0.00143986764075799,"Uterine Carcinosarcoma","Primary Tumor"
"6312",0.702884615384615,1,0.00143962404406817,"Uterine Carcinosarcoma","Primary Tumor"
"6313",0.702980769230769,1,0.0014396200756881,"Uterine Carcinosarcoma","Primary Tumor"
"6314",0.703076923076923,1,0.00143894128994349,"Uterine Carcinosarcoma","Primary Tumor"
"6315",0.703173076923077,1,0.00143838674010544,"Uterine Carcinosarcoma","Primary Tumor"
"6316",0.703269230769231,1,0.00143819551766089,"Uterine Carcinosarcoma","Primary Tumor"
"6317",0.703365384615385,1,0.00143739120311792,"Uterine Carcinosarcoma","Primary Tumor"
"6318",0.703461538461538,1,0.00143721924028373,"Uterine Carcinosarcoma","Primary Tumor"
"6319",0.703557692307692,1,0.00143708426617895,"Uterine Carcinosarcoma","Primary Tumor"
"6320",0.703653846153846,1,0.00143662655086263,"Uterine Carcinosarcoma","Primary Tumor"
"6321",0.70375,1,0.00143611036837077,"Uterine Carcinosarcoma","Primary Tumor"
"6322",0.703846153846154,1,0.0014356364079644,"Uterine Carcinosarcoma","Primary Tumor"
"6323",0.703942307692308,1,0.00143508063107922,"Uterine Carcinosarcoma","Primary Tumor"
"6324",0.704038461538462,1,0.00143484836407137,"Uterine Carcinosarcoma","Primary Tumor"
"6325",0.704134615384615,1,0.00143478107887618,"Uterine Carcinosarcoma","Primary Tumor"
"6326",0.704230769230769,1,0.00143441276721745,"Uterine Carcinosarcoma","Primary Tumor"
"6327",0.704326923076923,1,0.00143440118178184,"Uterine Carcinosarcoma","Primary Tumor"
"6328",0.704423076923077,1,0.00143428002375268,"Uterine Carcinosarcoma","Primary Tumor"
"6329",0.704519230769231,1,0.00143366018573998,"Uterine Carcinosarcoma","Primary Tumor"
"6330",0.704615384615385,1,0.00143208128855532,"Uterine Carcinosarcoma","Primary Tumor"
"6331",0.704711538461538,1,0.00143206741355006,"Uterine Carcinosarcoma","Primary Tumor"
"6332",0.704807692307692,1,0.0014320530248052,"Uterine Carcinosarcoma","Primary Tumor"
"6333",0.704903846153846,1,0.0014315803061159,"Uterine Carcinosarcoma","Primary Tumor"
"6334",0.705,1,0.00143138002078225,"Uterine Carcinosarcoma","Primary Tumor"
"6335",0.705096153846154,1,0.00143107349283489,"Uterine Carcinosarcoma","Primary Tumor"
"6336",0.705192307692308,1,0.00143004170795513,"Uterine Carcinosarcoma","Primary Tumor"
"6337",0.705288461538462,1,0.00142980398394177,"Uterine Carcinosarcoma","Primary Tumor"
"6338",0.705384615384615,1,0.00142908586313317,"Uterine Carcinosarcoma","Primary Tumor"
"6339",0.705480769230769,1,0.00142848465252321,"Uterine Carcinosarcoma","Primary Tumor"
"6340",0.705576923076923,1,0.00142825539053026,"Uterine Carcinosarcoma","Primary Tumor"
"6341",0.705673076923077,1,0.00142786664365457,"Uterine Carcinosarcoma","Primary Tumor"
"6342",0.705769230769231,1,0.00142756742638717,"Uterine Carcinosarcoma","Primary Tumor"
"6343",0.705865384615385,1,0.00142740015708454,"Uterine Carcinosarcoma","Primary Tumor"
"6344",0.705961538461538,1,0.00142645190370028,"Uterine Carcinosarcoma","Primary Tumor"
"6345",0.706057692307692,1,0.0014259787457892,"Uterine Carcinosarcoma","Primary Tumor"
"6346",0.706153846153846,1,0.00142590231280071,"Uterine Carcinosarcoma","Primary Tumor"
"6347",0.70625,1,0.00142577379104303,"Uterine Carcinosarcoma","Primary Tumor"
"6348",0.706346153846154,1,0.00142550800349872,"Uterine Carcinosarcoma","Primary Tumor"
"6349",0.706442307692308,1,0.00142535137799127,"Uterine Carcinosarcoma","Primary Tumor"
"6350",0.706538461538462,1,0.00142482202281924,"Uterine Carcinosarcoma","Primary Tumor"
"6351",0.706634615384615,1,0.00142446288622333,"Uterine Carcinosarcoma","Primary Tumor"
"6352",0.706730769230769,1,0.00142324913631431,"Uterine Carcinosarcoma","Primary Tumor"
"6353",0.706826923076923,1,0.00142224476022057,"Uterine Carcinosarcoma","Primary Tumor"
"6354",0.706923076923077,1,0.0014214471910915,"Uterine Carcinosarcoma","Primary Tumor"
"6355",0.707019230769231,1,0.00142143249874394,"Uterine Carcinosarcoma","Primary Tumor"
"6356",0.707115384615385,1,0.00141993876677204,"Uterine Carcinosarcoma","Primary Tumor"
"6357",0.707211538461539,1,0.00141894262443176,"Uterine Carcinosarcoma","Primary Tumor"
"6358",0.707307692307692,1,0.00141887449057043,"Uterine Carcinosarcoma","Primary Tumor"
"6359",0.707403846153846,1,0.00141882045264019,"Uterine Carcinosarcoma","Primary Tumor"
"6360",0.7075,1,0.00141805774600345,"Uterine Carcinosarcoma","Primary Tumor"
"6361",0.707596153846154,1,0.00141793571478943,"Uterine Carcinosarcoma","Primary Tumor"
"6362",0.707692307692308,1,0.00141642268607756,"Uterine Carcinosarcoma","Primary Tumor"
"6363",0.707788461538462,1,0.00141550223040054,"Uterine Carcinosarcoma","Primary Tumor"
"6364",0.707884615384615,1,0.00141520210265511,"Uterine Carcinosarcoma","Primary Tumor"
"6365",0.707980769230769,1,0.0014148239629721,"Uterine Carcinosarcoma","Primary Tumor"
"6366",0.708076923076923,1,0.00141480538046368,"Uterine Carcinosarcoma","Primary Tumor"
"6367",0.708173076923077,1,0.00141465630582871,"Uterine Carcinosarcoma","Primary Tumor"
"6368",0.708365384615385,1,0.00141463072574877,"Uterine Carcinosarcoma","Primary Tumor"
"6369",0.708461538461538,1,0.00141346905895079,"Uterine Carcinosarcoma","Primary Tumor"
"6370",0.708557692307692,1,0.00141314717509133,"Uterine Carcinosarcoma","Primary Tumor"
"6371",0.708653846153846,1,0.00141286802427831,"Uterine Carcinosarcoma","Primary Tumor"
"6372",0.70875,1,0.00141283702644734,"Uterine Carcinosarcoma","Primary Tumor"
"6373",0.708846153846154,1,0.00141279378653236,"Uterine Carcinosarcoma","Primary Tumor"
"6374",0.708942307692308,1,0.00141235489313163,"Uterine Carcinosarcoma","Primary Tumor"
"6375",0.709038461538462,1,0.00141235421375152,"Uterine Carcinosarcoma","Primary Tumor"
"6376",0.709134615384615,1,0.00141220196351299,"Uterine Carcinosarcoma","Primary Tumor"
"6377",0.709230769230769,1,0.00141213297260689,"Uterine Carcinosarcoma","Primary Tumor"
"6378",0.709326923076923,1,0.00141174749682682,"Uterine Carcinosarcoma","Primary Tumor"
"6379",0.709423076923077,1,0.00141156421294697,"Uterine Carcinosarcoma","Primary Tumor"
"6380",0.709519230769231,1,0.00141117093632659,"Uterine Carcinosarcoma","Primary Tumor"
"6381",0.709615384615385,1,0.00140947250814516,"Uterine Carcinosarcoma","Primary Tumor"
"6382",0.709711538461538,1,0.00140943641048785,"Uterine Carcinosarcoma","Primary Tumor"
"6383",0.709807692307692,1,0.00140910074320155,"Uterine Carcinosarcoma","Primary Tumor"
"6384",0.709903846153846,1,0.00140787395893904,"Uterine Carcinosarcoma","Primary Tumor"
"6385",0.71,1,0.00140728930655276,"Uterine Carcinosarcoma","Primary Tumor"
"6386",0.710096153846154,1,0.00140646230412,"Uterine Carcinosarcoma","Primary Tumor"
"6387",0.710192307692308,1,0.00140567843736572,"Uterine Carcinosarcoma","Primary Tumor"
"6388",0.710288461538462,1,0.00140566202535919,"Uterine Carcinosarcoma","Primary Tumor"
"6389",0.710384615384615,1,0.00140535824111787,"Uterine Carcinosarcoma","Primary Tumor"
"6390",0.710480769230769,1,0.00140459633785917,"Uterine Carcinosarcoma","Primary Tumor"
"6391",0.710576923076923,1,0.00140388809928516,"Uterine Carcinosarcoma","Primary Tumor"
"6392",0.710673076923077,1,0.00140371599071165,"Uterine Carcinosarcoma","Primary Tumor"
"6393",0.710769230769231,1,0.00140317218810959,"Uterine Carcinosarcoma","Primary Tumor"
"6394",0.710865384615385,1,0.00140262491819876,"Uterine Carcinosarcoma","Primary Tumor"
"6395",0.710961538461538,1,0.00140242852437178,"Uterine Carcinosarcoma","Primary Tumor"
"6396",0.711057692307692,1,0.00140213448282689,"Uterine Carcinosarcoma","Primary Tumor"
"6397",0.711153846153846,1,0.00140203178719567,"Uterine Carcinosarcoma","Primary Tumor"
"6398",0.71125,1,0.00140057842961916,"Uterine Carcinosarcoma","Primary Tumor"
"6399",0.711346153846154,1,0.00139940533353855,"Uterine Carcinosarcoma","Primary Tumor"
"6400",0.711442307692308,1,0.00139940082310119,"Uterine Carcinosarcoma","Primary Tumor"
"6401",0.711538461538462,1,0.00139873864261464,"Uterine Carcinosarcoma","Primary Tumor"
"6402",0.711634615384615,1,0.0013985232783541,"Uterine Carcinosarcoma","Primary Tumor"
"6403",0.711730769230769,1,0.00139732898556733,"Uterine Carcinosarcoma","Primary Tumor"
"6404",0.711826923076923,1,0.00139703960311754,"Uterine Carcinosarcoma","Primary Tumor"
"6405",0.711923076923077,1,0.00139656123700915,"Uterine Carcinosarcoma","Primary Tumor"
"6406",0.712019230769231,1,0.00139587472596703,"Uterine Carcinosarcoma","Primary Tumor"
"6407",0.712115384615385,1,0.0013950309179106,"Uterine Carcinosarcoma","Primary Tumor"
"6408",0.712211538461539,1,0.0013950221494895,"Uterine Carcinosarcoma","Primary Tumor"
"6409",0.712307692307692,1,0.00139488246861441,"Uterine Carcinosarcoma","Primary Tumor"
"6410",0.712403846153846,1,0.00139440157930115,"Uterine Carcinosarcoma","Primary Tumor"
"6411",0.7125,1,0.00139343387027968,"Uterine Carcinosarcoma","Primary Tumor"
"6412",0.712596153846154,1,0.00139333901885064,"Uterine Carcinosarcoma","Primary Tumor"
"6413",0.712692307692308,1,0.0013922073338648,"Uterine Carcinosarcoma","Primary Tumor"
"6414",0.712788461538462,1,0.00139095896315111,"Uterine Carcinosarcoma","Primary Tumor"
"6415",0.712884615384615,1,0.00139094374782878,"Uterine Carcinosarcoma","Primary Tumor"
"6416",0.712980769230769,1,0.00139053847992432,"Uterine Carcinosarcoma","Primary Tumor"
"6417",0.713076923076923,1,0.00139013882338712,"Uterine Carcinosarcoma","Primary Tumor"
"6418",0.713173076923077,1,0.00138979584373977,"Uterine Carcinosarcoma","Primary Tumor"
"6419",0.713269230769231,1,0.00138969907585362,"Uterine Carcinosarcoma","Primary Tumor"
"6420",0.713365384615385,1,0.00138832203752637,"Uterine Carcinosarcoma","Primary Tumor"
"6421",0.713461538461538,1,0.00138821743432227,"Uterine Carcinosarcoma","Primary Tumor"
"6422",0.713557692307692,1,0.00138764716792095,"Uterine Carcinosarcoma","Primary Tumor"
"6423",0.713653846153846,1,0.00138740035511298,"Uterine Carcinosarcoma","Primary Tumor"
"6424",0.71375,1,0.00138725593833577,"Uterine Carcinosarcoma","Primary Tumor"
"6425",0.713846153846154,1,0.00138558757583751,"Uterine Carcinosarcoma","Primary Tumor"
"6426",0.713942307692308,1,0.00138540527182807,"Uterine Carcinosarcoma","Primary Tumor"
"6427",0.714038461538462,1,0.00138386052465922,"Uterine Carcinosarcoma","Primary Tumor"
"6428",0.714134615384615,1,0.00138338733620724,"Uterine Carcinosarcoma","Primary Tumor"
"6429",0.714230769230769,1,0.00138224975706003,"Uterine Carcinosarcoma","Primary Tumor"
"6430",0.714326923076923,1,0.00138205030417016,"Uterine Carcinosarcoma","Primary Tumor"
"6431",0.714423076923077,1,0.00138165700753323,"Uterine Carcinosarcoma","Primary Tumor"
"6432",0.714519230769231,1,0.00138086172329666,"Uterine Carcinosarcoma","Primary Tumor"
"6433",0.714615384615385,1,0.0013806328194691,"Uterine Carcinosarcoma","Primary Tumor"
"6434",0.714711538461538,1,0.00137908609231518,"Uterine Carcinosarcoma","Primary Tumor"
"6435",0.714807692307692,1,0.00137896843183782,"Uterine Carcinosarcoma","Primary Tumor"
"6436",0.714903846153846,1,0.00137879717938627,"Uterine Carcinosarcoma","Primary Tumor"
"6437",0.715,1,0.00137840049102833,"Uterine Carcinosarcoma","Primary Tumor"
"6438",0.715096153846154,1,0.00137827384124689,"Uterine Carcinosarcoma","Primary Tumor"
"6439",0.715192307692308,1,0.00137826106522043,"Uterine Carcinosarcoma","Primary Tumor"
"6440",0.715288461538461,1,0.00137789037806146,"Uterine Carcinosarcoma","Primary Tumor"
"6441",0.715384615384615,1,0.0013778555079299,"Uterine Carcinosarcoma","Primary Tumor"
"6442",0.715480769230769,1,0.00137776208392271,"Uterine Carcinosarcoma","Primary Tumor"
"6443",0.715576923076923,1,0.00137738280692734,"Uterine Carcinosarcoma","Primary Tumor"
"6444",0.715673076923077,1,0.00137698470748127,"Uterine Carcinosarcoma","Primary Tumor"
"6445",0.715769230769231,1,0.00137672884500639,"Uterine Carcinosarcoma","Primary Tumor"
"6446",0.715865384615385,1,0.00137581216638116,"Uterine Carcinosarcoma","Primary Tumor"
"6447",0.715961538461538,1,0.00137484179356195,"Uterine Carcinosarcoma","Primary Tumor"
"6448",0.716057692307692,1,0.00137373168709132,"Uterine Carcinosarcoma","Primary Tumor"
"6449",0.716153846153846,1,0.00137323772874443,"Uterine Carcinosarcoma","Primary Tumor"
"6450",0.71625,1,0.00137303009294842,"Uterine Carcinosarcoma","Primary Tumor"
"6451",0.716346153846154,1,0.00137269915788352,"Uterine Carcinosarcoma","Primary Tumor"
"6452",0.716442307692308,1,0.00137219301264135,"Uterine Carcinosarcoma","Primary Tumor"
"6453",0.716538461538462,1,0.00137201874324866,"Uterine Carcinosarcoma","Primary Tumor"
"6454",0.716634615384615,1,0.0013718910249193,"Uterine Carcinosarcoma","Primary Tumor"
"6455",0.716730769230769,1,0.00137172369964544,"Uterine Carcinosarcoma","Primary Tumor"
"6456",0.716826923076923,1,0.00137056099660293,"Uterine Carcinosarcoma","Primary Tumor"
"6457",0.716923076923077,1,0.00137046442070676,"Uterine Carcinosarcoma","Primary Tumor"
"6458",0.717115384615385,1,0.00137045501476163,"Uterine Carcinosarcoma","Primary Tumor"
"6459",0.717211538461539,1,0.00137001428783579,"Uterine Carcinosarcoma","Primary Tumor"
"6460",0.717307692307692,1,0.00136978633694029,"Uterine Carcinosarcoma","Primary Tumor"
"6461",0.717403846153846,1,0.00136960921456319,"Uterine Carcinosarcoma","Primary Tumor"
"6462",0.7175,1,0.00136844310736417,"Uterine Carcinosarcoma","Primary Tumor"
"6463",0.717596153846154,1,0.00136843412676746,"Uterine Carcinosarcoma","Primary Tumor"
"6464",0.717692307692308,1,0.0013681817422585,"Uterine Carcinosarcoma","Primary Tumor"
"6465",0.717788461538462,1,0.00136718632469535,"Uterine Carcinosarcoma","Primary Tumor"
"6466",0.717884615384615,1,0.00136666050088685,"Uterine Carcinosarcoma","Primary Tumor"
"6467",0.717980769230769,1,0.00136645268930846,"Uterine Carcinosarcoma","Primary Tumor"
"6468",0.718076923076923,1,0.00136556434801671,"Uterine Carcinosarcoma","Primary Tumor"
"6469",0.718173076923077,1,0.0013647053647714,"Uterine Carcinosarcoma","Primary Tumor"
"6470",0.718269230769231,1,0.00136420145623062,"Uterine Carcinosarcoma","Primary Tumor"
"6471",0.718365384615385,1,0.00136343275772699,"Uterine Carcinosarcoma","Primary Tumor"
"6472",0.718461538461538,1,0.00136146680117621,"Uterine Carcinosarcoma","Primary Tumor"
"6473",0.718557692307692,1,0.00136145321039605,"Uterine Carcinosarcoma","Primary Tumor"
"6474",0.718653846153846,1,0.00136141403730639,"Uterine Carcinosarcoma","Primary Tumor"
"6475",0.71875,1,0.00136055410826141,"Uterine Carcinosarcoma","Primary Tumor"
"6476",0.718846153846154,1,0.00136014705403786,"Uterine Carcinosarcoma","Primary Tumor"
"6477",0.718942307692308,1,0.00135962502640685,"Uterine Carcinosarcoma","Primary Tumor"
"6478",0.719038461538462,1,0.00135858950023637,"Uterine Carcinosarcoma","Primary Tumor"
"6479",0.719134615384615,1,0.00135832593571472,"Uterine Carcinosarcoma","Primary Tumor"
"6480",0.719230769230769,1,0.00135816064114447,"Uterine Carcinosarcoma","Primary Tumor"
"6481",0.719326923076923,1,0.00135777057718212,"Uterine Carcinosarcoma","Primary Tumor"
"6482",0.719423076923077,1,0.0013576275336169,"Uterine Carcinosarcoma","Primary Tumor"
"6483",0.719519230769231,1,0.0013574224665508,"Uterine Carcinosarcoma","Primary Tumor"
"6484",0.719615384615385,1,0.00135712426779755,"Uterine Carcinosarcoma","Primary Tumor"
"6485",0.719711538461538,1,0.00135682303640183,"Uterine Carcinosarcoma","Primary Tumor"
"6486",0.719807692307692,1,0.00135649793846737,"Uterine Carcinosarcoma","Primary Tumor"
"6487",0.719903846153846,1,0.00135554819982542,"Uterine Carcinosarcoma","Primary Tumor"
"6488",0.72,1,0.00135466889124647,"Uterine Carcinosarcoma","Primary Tumor"
"6489",0.720096153846154,1,0.00135401408469671,"Uterine Carcinosarcoma","Primary Tumor"
"6490",0.720192307692308,1,0.00135382209296331,"Uterine Carcinosarcoma","Primary Tumor"
"6491",0.720288461538461,1,0.00135280797733572,"Uterine Carcinosarcoma","Primary Tumor"
"6492",0.720384615384615,1,0.00135181544038554,"Uterine Carcinosarcoma","Primary Tumor"
"6493",0.720480769230769,1,0.0013517841142312,"Uterine Carcinosarcoma","Primary Tumor"
"6494",0.720576923076923,1,0.0013513268383103,"Uterine Carcinosarcoma","Primary Tumor"
"6495",0.720673076923077,1,0.00135121231132773,"Uterine Carcinosarcoma","Primary Tumor"
"6496",0.720769230769231,1,0.00135029173454648,"Uterine Carcinosarcoma","Primary Tumor"
"6497",0.720865384615385,1,0.00135019749467269,"Uterine Carcinosarcoma","Primary Tumor"
"6498",0.720961538461538,1,0.0013497259350731,"Uterine Carcinosarcoma","Primary Tumor"
"6499",0.721057692307692,1,0.00134966968563277,"Uterine Carcinosarcoma","Primary Tumor"
"6500",0.721153846153846,1,0.00134898622287694,"Uterine Carcinosarcoma","Primary Tumor"
"6501",0.72125,1,0.00134799623290549,"Uterine Carcinosarcoma","Primary Tumor"
"6502",0.721346153846154,1,0.00134714541857173,"Uterine Carcinosarcoma","Primary Tumor"
"6503",0.721442307692308,1,0.0013462424399322,"Uterine Carcinosarcoma","Primary Tumor"
"6504",0.721538461538462,1,0.00134606245822533,"Uterine Carcinosarcoma","Primary Tumor"
"6505",0.721634615384615,1,0.00134514338102376,"Uterine Carcinosarcoma","Primary Tumor"
"6506",0.721730769230769,1,0.00134513952361459,"Uterine Carcinosarcoma","Primary Tumor"
"6507",0.721826923076923,1,0.00134439735533654,"Uterine Carcinosarcoma","Primary Tumor"
"6508",0.721923076923077,1,0.00134400586157934,"Uterine Carcinosarcoma","Primary Tumor"
"6509",0.722019230769231,1,0.00134391738642503,"Uterine Carcinosarcoma","Primary Tumor"
"6510",0.722115384615385,1,0.0013438484093572,"Uterine Carcinosarcoma","Primary Tumor"
"6511",0.722211538461539,1,0.0013432096508984,"Uterine Carcinosarcoma","Primary Tumor"
"6512",0.722307692307692,1,0.00134243582453164,"Uterine Carcinosarcoma","Primary Tumor"
"6513",0.722403846153846,1,0.00134055714908032,"Uterine Carcinosarcoma","Primary Tumor"
"6514",0.7225,1,0.00133989853065786,"Uterine Carcinosarcoma","Primary Tumor"
"6515",0.722596153846154,1,0.00133833630781965,"Uterine Carcinosarcoma","Primary Tumor"
"6516",0.722692307692308,1,0.00133817228786803,"Uterine Carcinosarcoma","Primary Tumor"
"6517",0.722788461538462,1,0.00133749719563225,"Uterine Carcinosarcoma","Primary Tumor"
"6518",0.722884615384615,1,0.00133728234894204,"Uterine Carcinosarcoma","Primary Tumor"
"6519",0.722980769230769,1,0.00133620066876605,"Uterine Carcinosarcoma","Primary Tumor"
"6520",0.723076923076923,1,0.00133597667321805,"Uterine Carcinosarcoma","Primary Tumor"
"6521",0.723173076923077,1,0.00133587041740468,"Uterine Carcinosarcoma","Primary Tumor"
"6522",0.723269230769231,1,0.0013340313971838,"Uterine Carcinosarcoma","Primary Tumor"
"6523",0.723365384615385,1,0.00133368138515289,"Uterine Carcinosarcoma","Primary Tumor"
"6524",0.723461538461538,1,0.00133316497998315,"Uterine Carcinosarcoma","Primary Tumor"
"6525",0.723557692307692,1,0.00133296249677606,"Uterine Carcinosarcoma","Primary Tumor"
"6526",0.723653846153846,1,0.00133286895872098,"Uterine Carcinosarcoma","Primary Tumor"
"6527",0.72375,1,0.00133254664061866,"Uterine Carcinosarcoma","Primary Tumor"
"6528",0.723846153846154,1,0.00133253776256059,"Uterine Carcinosarcoma","Primary Tumor"
"6529",0.723942307692308,1,0.0013323183306434,"Uterine Carcinosarcoma","Primary Tumor"
"6530",0.724038461538462,1,0.00133214651129099,"Uterine Carcinosarcoma","Primary Tumor"
"6531",0.724134615384615,1,0.00133124397704454,"Uterine Carcinosarcoma","Primary Tumor"
"6532",0.724230769230769,1,0.0013307473851466,"Uterine Carcinosarcoma","Primary Tumor"
"6533",0.724326923076923,1,0.0013306872708635,"Uterine Carcinosarcoma","Primary Tumor"
"6534",0.724423076923077,1,0.00132998056588074,"Uterine Carcinosarcoma","Primary Tumor"
"6535",0.724519230769231,1,0.00132862545745982,"Uterine Carcinosarcoma","Primary Tumor"
"6536",0.724615384615385,1,0.00132816021425974,"Uterine Carcinosarcoma","Primary Tumor"
"6537",0.724711538461538,1,0.00132748202298094,"Uterine Carcinosarcoma","Primary Tumor"
"6538",0.724807692307692,1,0.00132742979912281,"Uterine Carcinosarcoma","Primary Tumor"
"6539",0.724903846153846,1,0.00132684530658467,"Uterine Carcinosarcoma","Primary Tumor"
"6540",0.725,1,0.00132673281516971,"Uterine Carcinosarcoma","Primary Tumor"
"6541",0.725096153846154,1,0.00132666243676427,"Uterine Carcinosarcoma","Primary Tumor"
"6542",0.725192307692308,1,0.0013262760745405,"Uterine Carcinosarcoma","Primary Tumor"
"6543",0.725288461538461,1,0.0013261812982226,"Uterine Carcinosarcoma","Primary Tumor"
"6544",0.725384615384615,1,0.00132605182644741,"Uterine Carcinosarcoma","Primary Tumor"
"6545",0.725480769230769,1,0.00132438876709906,"Uterine Carcinosarcoma","Primary Tumor"
"6546",0.725576923076923,1,0.00132404907143269,"Uterine Carcinosarcoma","Primary Tumor"
"6547",0.725673076923077,1,0.0013234084519439,"Uterine Carcinosarcoma","Primary Tumor"
"6548",0.725769230769231,1,0.00132279017771531,"Uterine Carcinosarcoma","Primary Tumor"
"6549",0.725865384615385,1,0.00132277189655594,"Uterine Carcinosarcoma","Primary Tumor"
"6550",0.725961538461538,1,0.00132237836248694,"Uterine Carcinosarcoma","Primary Tumor"
"6551",0.726057692307692,1,0.00132210227868246,"Uterine Carcinosarcoma","Primary Tumor"
"6552",0.726153846153846,1,0.00132174215982728,"Uterine Carcinosarcoma","Primary Tumor"
"6553",0.72625,1,0.00132153128307078,"Uterine Carcinosarcoma","Primary Tumor"
"6554",0.726346153846154,1,0.00132111920945499,"Uterine Carcinosarcoma","Primary Tumor"
"6555",0.726442307692308,1,0.00131997390765048,"Uterine Carcinosarcoma","Primary Tumor"
"6556",0.726538461538462,1,0.00131930595909946,"Uterine Carcinosarcoma","Primary Tumor"
"6557",0.726634615384615,1,0.00131902952588681,"Uterine Carcinosarcoma","Primary Tumor"
"6558",0.726730769230769,1,0.00131901473914831,"Uterine Carcinosarcoma","Primary Tumor"
"6559",0.726826923076923,1,0.00131818843091935,"Uterine Carcinosarcoma","Primary Tumor"
"6560",0.726923076923077,1,0.00131685997046804,"Uterine Carcinosarcoma","Primary Tumor"
"6561",0.727019230769231,1,0.00131676817352577,"Uterine Carcinosarcoma","Primary Tumor"
"6562",0.727115384615385,1,0.00131648462383416,"Uterine Carcinosarcoma","Primary Tumor"
"6563",0.727211538461538,1,0.0013159985151362,"Uterine Carcinosarcoma","Primary Tumor"
"6564",0.727307692307692,1,0.0013159061651975,"Uterine Carcinosarcoma","Primary Tumor"
"6565",0.727403846153846,1,0.00131588690694973,"Uterine Carcinosarcoma","Primary Tumor"
"6566",0.7275,1,0.00131459742665008,"Uterine Carcinosarcoma","Primary Tumor"
"6567",0.727596153846154,1,0.00131434341135428,"Uterine Carcinosarcoma","Primary Tumor"
"6568",0.727692307692308,1,0.00131432737485515,"Uterine Carcinosarcoma","Primary Tumor"
"6569",0.727788461538462,1,0.00131370426808974,"Uterine Carcinosarcoma","Primary Tumor"
"6570",0.727884615384615,1,0.00131310171952981,"Uterine Carcinosarcoma","Primary Tumor"
"6571",0.727980769230769,1,0.00131300582628402,"Uterine Carcinosarcoma","Primary Tumor"
"6572",0.728076923076923,1,0.00131265059860253,"Uterine Carcinosarcoma","Primary Tumor"
"6573",0.728173076923077,1,0.00131139411923453,"Uterine Carcinosarcoma","Primary Tumor"
"6574",0.728269230769231,1,0.00131104454226605,"Uterine Carcinosarcoma","Primary Tumor"
"6575",0.728365384615385,1,0.00131065646172568,"Uterine Carcinosarcoma","Primary Tumor"
"6576",0.728461538461538,1,0.0013105094912832,"Uterine Carcinosarcoma","Primary Tumor"
"6577",0.728557692307692,1,0.00130954800800942,"Uterine Carcinosarcoma","Primary Tumor"
"6578",0.728653846153846,1,0.00130919816444786,"Uterine Carcinosarcoma","Primary Tumor"
"6579",0.72875,1,0.00130873197236059,"Uterine Carcinosarcoma","Primary Tumor"
"6580",0.728846153846154,1,0.00130794839421133,"Uterine Carcinosarcoma","Primary Tumor"
"6581",0.728942307692308,1,0.00130708008475355,"Uterine Carcinosarcoma","Primary Tumor"
"6582",0.729038461538462,1,0.00130701662482235,"Uterine Carcinosarcoma","Primary Tumor"
"6583",0.729134615384615,1,0.0013069492863288,"Uterine Carcinosarcoma","Primary Tumor"
"6584",0.729230769230769,1,0.00130692514626529,"Uterine Carcinosarcoma","Primary Tumor"
"6585",0.729326923076923,1,0.001306647749865,"Uterine Carcinosarcoma","Primary Tumor"
"6586",0.729423076923077,1,0.001306087964417,"Uterine Carcinosarcoma","Primary Tumor"
"6587",0.729519230769231,1,0.00130577716923508,"Uterine Carcinosarcoma","Primary Tumor"
"6588",0.729615384615385,1,0.00130576867053278,"Uterine Carcinosarcoma","Primary Tumor"
"6589",0.729711538461538,1,0.00130529378404098,"Uterine Carcinosarcoma","Primary Tumor"
"6590",0.729807692307692,1,0.00130514614924337,"Uterine Carcinosarcoma","Primary Tumor"
"6591",0.729903846153846,1,0.00130497765739834,"Uterine Carcinosarcoma","Primary Tumor"
"6592",0.73,1,0.00130494213881938,"Uterine Carcinosarcoma","Primary Tumor"
"6593",0.730096153846154,1,0.00130455114106576,"Uterine Carcinosarcoma","Primary Tumor"
"6594",0.730192307692308,1,0.00130433970930466,"Uterine Carcinosarcoma","Primary Tumor"
"6595",0.730288461538461,1,0.00130407518092335,"Uterine Carcinosarcoma","Primary Tumor"
"6596",0.730384615384615,1,0.00130404332755041,"Uterine Carcinosarcoma","Primary Tumor"
"6597",0.730480769230769,1,0.0013033002373789,"Uterine Carcinosarcoma","Primary Tumor"
"6598",0.730576923076923,1,0.00130319268677592,"Uterine Carcinosarcoma","Primary Tumor"
"6599",0.730673076923077,1,0.00130266893609021,"Uterine Carcinosarcoma","Primary Tumor"
"6600",0.730769230769231,1,0.00130142437804548,"Uterine Carcinosarcoma","Primary Tumor"
"6601",0.730865384615385,1,0.0013013088892776,"Uterine Carcinosarcoma","Primary Tumor"
"6602",0.730961538461538,1,0.00130070738133015,"Uterine Carcinosarcoma","Primary Tumor"
"6603",0.731057692307692,1,0.00129984532945138,"Uterine Carcinosarcoma","Primary Tumor"
"6604",0.731153846153846,1,0.00129973059845634,"Uterine Carcinosarcoma","Primary Tumor"
"6605",0.73125,1,0.00129925393576102,"Uterine Carcinosarcoma","Primary Tumor"
"6606",0.731346153846154,1,0.00129895573246974,"Uterine Carcinosarcoma","Primary Tumor"
"6607",0.731442307692308,1,0.00129894280240128,"Uterine Carcinosarcoma","Primary Tumor"
"6608",0.731538461538462,1,0.00129891914230607,"Uterine Carcinosarcoma","Primary Tumor"
"6609",0.731634615384615,1,0.0012987945935713,"Uterine Carcinosarcoma","Primary Tumor"
"6610",0.731730769230769,1,0.00129848096884788,"Uterine Carcinosarcoma","Primary Tumor"
"6611",0.731826923076923,1,0.00129721651744219,"Uterine Carcinosarcoma","Primary Tumor"
"6612",0.731923076923077,1,0.00129653848450406,"Uterine Carcinosarcoma","Primary Tumor"
"6613",0.732019230769231,1,0.00129611896588644,"Uterine Carcinosarcoma","Primary Tumor"
"6614",0.732115384615385,1,0.00129611795801077,"Uterine Carcinosarcoma","Primary Tumor"
"6615",0.732211538461538,1,0.00129579498592203,"Uterine Carcinosarcoma","Primary Tumor"
"6616",0.732307692307692,1,0.00129560791576733,"Uterine Carcinosarcoma","Primary Tumor"
"6617",0.732403846153846,1,0.00129504242070055,"Uterine Carcinosarcoma","Primary Tumor"
"6618",0.7325,1,0.00129427680021788,"Uterine Carcinosarcoma","Primary Tumor"
"6619",0.732596153846154,1,0.00129380502575138,"Uterine Carcinosarcoma","Primary Tumor"
"6620",0.732692307692308,1,0.00129373737254734,"Uterine Carcinosarcoma","Primary Tumor"
"6621",0.732788461538462,1,0.00129304658785379,"Uterine Carcinosarcoma","Primary Tumor"
"6622",0.732884615384615,1,0.00129276426347391,"Uterine Carcinosarcoma","Primary Tumor"
"6623",0.732980769230769,1,0.00129273632047944,"Uterine Carcinosarcoma","Primary Tumor"
"6624",0.733076923076923,1,0.00129225810204725,"Uterine Carcinosarcoma","Primary Tumor"
"6625",0.733173076923077,1,0.00129165177127877,"Uterine Carcinosarcoma","Primary Tumor"
"6626",0.733269230769231,1,0.0012899234686391,"Uterine Carcinosarcoma","Primary Tumor"
"6627",0.733365384615385,1,0.00128862061177615,"Uterine Carcinosarcoma","Primary Tumor"
"6628",0.733461538461538,1,0.00128845006670708,"Uterine Carcinosarcoma","Primary Tumor"
"6629",0.733557692307692,1,0.00128843200876649,"Uterine Carcinosarcoma","Primary Tumor"
"6630",0.733653846153846,1,0.00128655370183661,"Uterine Carcinosarcoma","Primary Tumor"
"6631",0.73375,1,0.00128639221479887,"Uterine Carcinosarcoma","Primary Tumor"
"6632",0.733846153846154,1,0.00128628787652141,"Uterine Carcinosarcoma","Primary Tumor"
"6633",0.733942307692308,1,0.00128402075267009,"Uterine Carcinosarcoma","Primary Tumor"
"6634",0.734038461538462,1,0.00128367983678801,"Uterine Carcinosarcoma","Primary Tumor"
"6635",0.734134615384615,1,0.001282800958463,"Uterine Carcinosarcoma","Primary Tumor"
"6636",0.734230769230769,1,0.00128273657682321,"Uterine Carcinosarcoma","Primary Tumor"
"6637",0.734326923076923,1,0.00128227113212098,"Uterine Carcinosarcoma","Primary Tumor"
"6638",0.734423076923077,1,0.00128187659284107,"Uterine Carcinosarcoma","Primary Tumor"
"6639",0.734519230769231,1,0.00128078155767153,"Uterine Carcinosarcoma","Primary Tumor"
"6640",0.734615384615385,1,0.00128056504954754,"Uterine Carcinosarcoma","Primary Tumor"
"6641",0.734711538461538,1,0.00127955481344699,"Uterine Carcinosarcoma","Primary Tumor"
"6642",0.734807692307692,1,0.00127949971428731,"Uterine Carcinosarcoma","Primary Tumor"
"6643",0.734903846153846,1,0.00127821928238081,"Uterine Carcinosarcoma","Primary Tumor"
"6644",0.735,1,0.00127690113236212,"Uterine Carcinosarcoma","Primary Tumor"
"6645",0.735096153846154,1,0.00127651481010116,"Uterine Carcinosarcoma","Primary Tumor"
"6646",0.735192307692308,1,0.00127550277641797,"Uterine Carcinosarcoma","Primary Tumor"
"6647",0.735288461538462,1,0.00127545664561002,"Uterine Carcinosarcoma","Primary Tumor"
"6648",0.735384615384615,1,0.00127398553117763,"Uterine Carcinosarcoma","Primary Tumor"
"6649",0.735480769230769,1,0.00127384994018376,"Uterine Carcinosarcoma","Primary Tumor"
"6650",0.735576923076923,1,0.00127230671911827,"Uterine Carcinosarcoma","Primary Tumor"
"6651",0.735673076923077,1,0.00127206041816308,"Uterine Carcinosarcoma","Primary Tumor"
"6652",0.735769230769231,1,0.00127140171363671,"Uterine Carcinosarcoma","Primary Tumor"
"6653",0.735865384615385,1,0.0012713116338644,"Uterine Carcinosarcoma","Primary Tumor"
"6654",0.735961538461538,1,0.00127041021511665,"Uterine Carcinosarcoma","Primary Tumor"
"6655",0.736057692307692,1,0.00126995433153954,"Uterine Carcinosarcoma","Primary Tumor"
"6656",0.736153846153846,1,0.00126978369260777,"Uterine Carcinosarcoma","Primary Tumor"
"6657",0.73625,1,0.00126966646852988,"Uterine Carcinosarcoma","Primary Tumor"
"6658",0.736346153846154,1,0.00126939108607516,"Uterine Carcinosarcoma","Primary Tumor"
"6659",0.736442307692308,1,0.00126930006741688,"Uterine Carcinosarcoma","Primary Tumor"
"6660",0.736538461538462,1,0.00126890036518224,"Uterine Carcinosarcoma","Primary Tumor"
"6661",0.736634615384615,1,0.00126878895879923,"Uterine Carcinosarcoma","Primary Tumor"
"6662",0.736730769230769,1,0.00126868808211889,"Uterine Carcinosarcoma","Primary Tumor"
"6663",0.736826923076923,1,0.00126840624072222,"Uterine Carcinosarcoma","Primary Tumor"
"6664",0.736923076923077,1,0.00126833918966762,"Uterine Carcinosarcoma","Primary Tumor"
"6665",0.737019230769231,1,0.00126828242723243,"Uterine Carcinosarcoma","Primary Tumor"
"6666",0.737115384615385,1,0.00126814901067329,"Uterine Carcinosarcoma","Primary Tumor"
"6667",0.737211538461538,1,0.00126797389898348,"Uterine Carcinosarcoma","Primary Tumor"
"6668",0.737307692307692,1,0.00126681260057737,"Uterine Carcinosarcoma","Primary Tumor"
"6669",0.737403846153846,1,0.00126651188189231,"Uterine Carcinosarcoma","Primary Tumor"
"6670",0.7375,1,0.0012662444103908,"Uterine Carcinosarcoma","Primary Tumor"
"6671",0.737596153846154,1,0.00126562375067907,"Uterine Carcinosarcoma","Primary Tumor"
"6672",0.737692307692308,1,0.00126511230925175,"Uterine Carcinosarcoma","Primary Tumor"
"6673",0.737788461538462,1,0.00126384029778526,"Uterine Carcinosarcoma","Primary Tumor"
"6674",0.737884615384615,1,0.00126355826189706,"Uterine Carcinosarcoma","Primary Tumor"
"6675",0.737980769230769,1,0.00126270176283028,"Uterine Carcinosarcoma","Primary Tumor"
"6676",0.738076923076923,1,0.00126264091248707,"Uterine Carcinosarcoma","Primary Tumor"
"6677",0.738173076923077,1,0.00126238675458046,"Uterine Carcinosarcoma","Primary Tumor"
"6678",0.738269230769231,1,0.00126198468946281,"Uterine Carcinosarcoma","Primary Tumor"
"6679",0.738365384615385,1,0.0012618816419746,"Uterine Carcinosarcoma","Primary Tumor"
"6680",0.738461538461539,1,0.00126177899142466,"Uterine Carcinosarcoma","Primary Tumor"
"6681",0.738557692307692,1,0.00126146614235201,"Uterine Carcinosarcoma","Primary Tumor"
"6682",0.738653846153846,1,0.00126045470720626,"Uterine Carcinosarcoma","Primary Tumor"
"6683",0.73875,1,0.00126030377013919,"Uterine Carcinosarcoma","Primary Tumor"
"6684",0.738846153846154,1,0.00126025205686509,"Uterine Carcinosarcoma","Primary Tumor"
"6685",0.738942307692308,1,0.001260164712786,"Uterine Carcinosarcoma","Primary Tumor"
"6686",0.739038461538462,1,0.00125967395795767,"Uterine Carcinosarcoma","Primary Tumor"
"6687",0.739134615384615,1,0.0012596557265141,"Uterine Carcinosarcoma","Primary Tumor"
"6688",0.739230769230769,1,0.00125938061512043,"Uterine Carcinosarcoma","Primary Tumor"
"6689",0.739326923076923,1,0.00125893763766605,"Uterine Carcinosarcoma","Primary Tumor"
"6690",0.739423076923077,1,0.00125842189685998,"Uterine Carcinosarcoma","Primary Tumor"
"6691",0.739519230769231,1,0.0012571928406423,"Uterine Carcinosarcoma","Primary Tumor"
"6692",0.739615384615385,1,0.00125629031787433,"Uterine Carcinosarcoma","Primary Tumor"
"6693",0.739711538461538,1,0.00125586503525843,"Uterine Carcinosarcoma","Primary Tumor"
"6694",0.739807692307692,1,0.00125548971928491,"Uterine Carcinosarcoma","Primary Tumor"
"6695",0.739903846153846,1,0.0012553109532093,"Uterine Carcinosarcoma","Primary Tumor"
"6696",0.74,1,0.00125516560732786,"Uterine Carcinosarcoma","Primary Tumor"
"6697",0.740096153846154,1,0.00125491006966705,"Uterine Carcinosarcoma","Primary Tumor"
"6698",0.740192307692308,1,0.00125286317571449,"Uterine Carcinosarcoma","Primary Tumor"
"6699",0.740288461538462,1,0.00125246873368201,"Uterine Carcinosarcoma","Primary Tumor"
"6700",0.740384615384615,1,0.00125223377208328,"Uterine Carcinosarcoma","Primary Tumor"
"6701",0.740480769230769,1,0.00125217057927218,"Uterine Carcinosarcoma","Primary Tumor"
"6702",0.740576923076923,1,0.00125176804423166,"Uterine Carcinosarcoma","Primary Tumor"
"6703",0.740673076923077,1,0.00125155744165195,"Uterine Carcinosarcoma","Primary Tumor"
"6704",0.740769230769231,1,0.00125136388603342,"Uterine Carcinosarcoma","Primary Tumor"
"6705",0.740865384615385,1,0.00125136136424786,"Uterine Carcinosarcoma","Primary Tumor"
"6706",0.740961538461538,1,0.00124977816436367,"Uterine Carcinosarcoma","Primary Tumor"
"6707",0.741057692307692,1,0.00124968803881087,"Uterine Carcinosarcoma","Primary Tumor"
"6708",0.741153846153846,1,0.00124968340538734,"Uterine Carcinosarcoma","Primary Tumor"
"6709",0.74125,1,0.00124942798105465,"Uterine Carcinosarcoma","Primary Tumor"
"6710",0.741346153846154,1,0.00124912474655448,"Uterine Carcinosarcoma","Primary Tumor"
"6711",0.741442307692308,1,0.0012485749818405,"Uterine Carcinosarcoma","Primary Tumor"
"6712",0.741538461538462,1,0.00124804669538747,"Uterine Carcinosarcoma","Primary Tumor"
"6713",0.741634615384615,1,0.0012477621445024,"Uterine Carcinosarcoma","Primary Tumor"
"6714",0.741730769230769,1,0.0012445671881407,"Uterine Carcinosarcoma","Primary Tumor"
"6715",0.741826923076923,1,0.00124396078125411,"Uterine Carcinosarcoma","Primary Tumor"
"6716",0.741923076923077,1,0.00124391202169372,"Uterine Carcinosarcoma","Primary Tumor"
"6717",0.742019230769231,1,0.00124381757526804,"Uterine Carcinosarcoma","Primary Tumor"
"6718",0.742115384615385,1,0.00124271165671874,"Uterine Carcinosarcoma","Primary Tumor"
"6719",0.742211538461538,1,0.00124041038842249,"Uterine Carcinosarcoma","Primary Tumor"
"6720",0.742307692307692,1,0.00124007874073184,"Uterine Carcinosarcoma","Primary Tumor"
"6721",0.742403846153846,1,0.00123979474723646,"Uterine Carcinosarcoma","Primary Tumor"
"6722",0.7425,1,0.00123926267512542,"Uterine Carcinosarcoma","Primary Tumor"
"6723",0.742596153846154,1,0.00123897048363641,"Uterine Carcinosarcoma","Primary Tumor"
"6724",0.742692307692308,1,0.00123830005679548,"Uterine Carcinosarcoma","Primary Tumor"
"6725",0.742788461538462,1,0.00123821260305834,"Uterine Carcinosarcoma","Primary Tumor"
"6726",0.742884615384615,1,0.00123783614952255,"Uterine Carcinosarcoma","Primary Tumor"
"6727",0.742980769230769,1,0.00123731169664032,"Uterine Carcinosarcoma","Primary Tumor"
"6728",0.743076923076923,1,0.00123727562808418,"Uterine Carcinosarcoma","Primary Tumor"
"6729",0.743173076923077,1,0.00123703591178403,"Uterine Carcinosarcoma","Primary Tumor"
"6730",0.743269230769231,1,0.0012365736853468,"Uterine Carcinosarcoma","Primary Tumor"
"6731",0.743365384615385,1,0.00123651849148931,"Uterine Carcinosarcoma","Primary Tumor"
"6732",0.743461538461539,1,0.00123638943417892,"Uterine Carcinosarcoma","Primary Tumor"
"6733",0.743557692307692,1,0.00123612650190397,"Uterine Carcinosarcoma","Primary Tumor"
"6734",0.743653846153846,1,0.00123552041020281,"Uterine Carcinosarcoma","Primary Tumor"
"6735",0.74375,1,0.00123536342665598,"Uterine Carcinosarcoma","Primary Tumor"
"6736",0.743846153846154,1,0.00123495679719898,"Uterine Carcinosarcoma","Primary Tumor"
"6737",0.743942307692308,1,0.00123440437545563,"Uterine Carcinosarcoma","Primary Tumor"
"6738",0.744038461538462,1,0.00123386099866707,"Uterine Carcinosarcoma","Primary Tumor"
"6739",0.744134615384615,1,0.00123346692819659,"Uterine Carcinosarcoma","Primary Tumor"
"6740",0.744230769230769,1,0.00123252305817878,"Uterine Carcinosarcoma","Primary Tumor"
"6741",0.744326923076923,1,0.00123194965330331,"Uterine Carcinosarcoma","Primary Tumor"
"6742",0.744423076923077,1,0.00123056247530073,"Uterine Carcinosarcoma","Primary Tumor"
"6743",0.744519230769231,1,0.00122962862609421,"Uterine Carcinosarcoma","Primary Tumor"
"6744",0.744615384615385,1,0.00122961257464449,"Uterine Carcinosarcoma","Primary Tumor"
"6745",0.744711538461538,1,0.00122897948060841,"Uterine Carcinosarcoma","Primary Tumor"
"6746",0.744807692307692,1,0.00122862838297755,"Uterine Carcinosarcoma","Primary Tumor"
"6747",0.744903846153846,1,0.00122845386416837,"Uterine Carcinosarcoma","Primary Tumor"
"6748",0.745,1,0.00122819508849914,"Uterine Carcinosarcoma","Primary Tumor"
"6749",0.745096153846154,1,0.00122801971567843,"Uterine Carcinosarcoma","Primary Tumor"
"6750",0.745192307692308,1,0.00122771613983619,"Uterine Carcinosarcoma","Primary Tumor"
"6751",0.745288461538462,1,0.00122747439836279,"Uterine Carcinosarcoma","Primary Tumor"
"6752",0.745384615384615,1,0.00122739196511856,"Uterine Carcinosarcoma","Primary Tumor"
"6753",0.745480769230769,1,0.00122681033884542,"Uterine Carcinosarcoma","Primary Tumor"
"6754",0.745576923076923,1,0.00122537167996173,"Uterine Carcinosarcoma","Primary Tumor"
"6755",0.745673076923077,1,0.00122399411387919,"Uterine Carcinosarcoma","Primary Tumor"
"6756",0.745769230769231,1,0.00122377216609371,"Uterine Carcinosarcoma","Primary Tumor"
"6757",0.745865384615385,1,0.00122319990126363,"Uterine Carcinosarcoma","Primary Tumor"
"6758",0.745961538461538,1,0.00122312855566875,"Uterine Carcinosarcoma","Primary Tumor"
"6759",0.746057692307692,1,0.00122310081690613,"Uterine Carcinosarcoma","Primary Tumor"
"6760",0.746153846153846,1,0.00122309764114303,"Uterine Carcinosarcoma","Primary Tumor"
"6761",0.74625,1,0.00122286174473363,"Uterine Carcinosarcoma","Primary Tumor"
"6762",0.746346153846154,1,0.00122281147197723,"Uterine Carcinosarcoma","Primary Tumor"
"6763",0.746442307692308,1,0.00122156580869581,"Uterine Carcinosarcoma","Primary Tumor"
"6764",0.746538461538461,1,0.00122045499530565,"Uterine Carcinosarcoma","Primary Tumor"
"6765",0.746634615384615,1,0.00122018075379404,"Uterine Carcinosarcoma","Primary Tumor"
"6766",0.746730769230769,1,0.0012200620427254,"Uterine Carcinosarcoma","Primary Tumor"
"6767",0.746826923076923,1,0.00121960111291863,"Uterine Carcinosarcoma","Primary Tumor"
"6768",0.746923076923077,1,0.00121935241708238,"Uterine Carcinosarcoma","Primary Tumor"
"6769",0.747019230769231,1,0.00121854536055432,"Uterine Carcinosarcoma","Primary Tumor"
"6770",0.747115384615385,1,0.00121811070815292,"Uterine Carcinosarcoma","Primary Tumor"
"6771",0.747211538461538,1,0.0012179269315985,"Uterine Carcinosarcoma","Primary Tumor"
"6772",0.747307692307692,1,0.00121782488553157,"Uterine Carcinosarcoma","Primary Tumor"
"6773",0.747403846153846,1,0.0012177923180865,"Uterine Carcinosarcoma","Primary Tumor"
"6774",0.7475,1,0.00121765404056329,"Uterine Carcinosarcoma","Primary Tumor"
"6775",0.747596153846154,1,0.00121756981888665,"Uterine Carcinosarcoma","Primary Tumor"
"6776",0.747692307692308,1,0.00121752418023524,"Uterine Carcinosarcoma","Primary Tumor"
"6777",0.747788461538462,1,0.00121748704482638,"Uterine Carcinosarcoma","Primary Tumor"
"6778",0.747884615384615,1,0.00121711272542813,"Uterine Carcinosarcoma","Primary Tumor"
"6779",0.747980769230769,1,0.00121696720345155,"Uterine Carcinosarcoma","Primary Tumor"
"6780",0.748076923076923,1,0.00121655582687308,"Uterine Carcinosarcoma","Primary Tumor"
"6781",0.748173076923077,1,0.00121613448216573,"Uterine Carcinosarcoma","Primary Tumor"
"6782",0.748269230769231,1,0.00121596380792433,"Uterine Carcinosarcoma","Primary Tumor"
"6783",0.748365384615385,1,0.00121578886517337,"Uterine Carcinosarcoma","Primary Tumor"
"6784",0.748461538461539,1,0.00121565808954993,"Uterine Carcinosarcoma","Primary Tumor"
"6785",0.748557692307692,1,0.00121462161629771,"Uterine Carcinosarcoma","Primary Tumor"
"6786",0.748653846153846,1,0.00121432711074099,"Uterine Carcinosarcoma","Primary Tumor"
"6787",0.74875,1,0.00121379972142677,"Uterine Carcinosarcoma","Primary Tumor"
"6788",0.748846153846154,1,0.00121373615832332,"Uterine Carcinosarcoma","Primary Tumor"
"6789",0.748942307692308,1,0.00121325485920698,"Uterine Carcinosarcoma","Primary Tumor"
"6790",0.749038461538462,1,0.00121308209458493,"Uterine Carcinosarcoma","Primary Tumor"
"6791",0.749134615384615,1,0.00121208558659935,"Uterine Carcinosarcoma","Primary Tumor"
"6792",0.749230769230769,1,0.00121179309312325,"Uterine Carcinosarcoma","Primary Tumor"
"6793",0.749326923076923,1,0.00121097909551404,"Uterine Carcinosarcoma","Primary Tumor"
"6794",0.749423076923077,1,0.00121016292442111,"Uterine Carcinosarcoma","Primary Tumor"
"6795",0.749519230769231,1,0.00120906207833338,"Uterine Carcinosarcoma","Primary Tumor"
"6796",0.749615384615385,1,0.00120881096187675,"Uterine Carcinosarcoma","Primary Tumor"
"6797",0.749711538461538,1,0.00120834409616655,"Uterine Carcinosarcoma","Primary Tumor"
"6798",0.749807692307692,1,0.0012081778975529,"Uterine Carcinosarcoma","Primary Tumor"
"6799",0.749903846153846,1,0.0012080104979717,"Uterine Carcinosarcoma","Primary Tumor"
"6800",0.75,1,0.00120794774614974,"Uterine Carcinosarcoma","Primary Tumor"
"6801",0.750096153846154,1,0.00120788802611516,"Uterine Carcinosarcoma","Primary Tumor"
"6802",0.750192307692308,1,0.0012071360914,"Uterine Carcinosarcoma","Primary Tumor"
"6803",0.750288461538462,1,0.00120682222148327,"Uterine Carcinosarcoma","Primary Tumor"
"6804",0.750384615384615,1,0.00120648575800752,"Uterine Carcinosarcoma","Primary Tumor"
"6805",0.750480769230769,1,0.00120646800407753,"Uterine Carcinosarcoma","Primary Tumor"
"6806",0.750576923076923,1,0.00120604034476735,"Uterine Carcinosarcoma","Primary Tumor"
"6807",0.750673076923077,1,0.00120521006204555,"Uterine Carcinosarcoma","Primary Tumor"
"6808",0.750769230769231,1,0.00120487942430014,"Uterine Carcinosarcoma","Primary Tumor"
"6809",0.750865384615385,1,0.00120374735163409,"Uterine Carcinosarcoma","Primary Tumor"
"6810",0.750961538461538,1,0.00120366450572673,"Uterine Carcinosarcoma","Primary Tumor"
"6811",0.751057692307692,1,0.00120298896711957,"Uterine Carcinosarcoma","Primary Tumor"
"6812",0.751153846153846,1,0.0012024874853066,"Uterine Carcinosarcoma","Primary Tumor"
"6813",0.75125,1,0.00120227150265095,"Uterine Carcinosarcoma","Primary Tumor"
"6814",0.751346153846154,1,0.00120210605378357,"Uterine Carcinosarcoma","Primary Tumor"
"6815",0.751442307692308,1,0.0012020079816808,"Uterine Carcinosarcoma","Primary Tumor"
"6816",0.751538461538461,1,0.00120172223228387,"Uterine Carcinosarcoma","Primary Tumor"
"6817",0.751634615384615,1,0.00120136737829879,"Uterine Carcinosarcoma","Primary Tumor"
"6818",0.751730769230769,1,0.00120048685202501,"Uterine Carcinosarcoma","Primary Tumor"
"6819",0.751826923076923,1,0.00120043666315905,"Uterine Carcinosarcoma","Primary Tumor"
"6820",0.751923076923077,1,0.00120032096494493,"Uterine Carcinosarcoma","Primary Tumor"
"6821",0.752019230769231,1,0.00119870891003959,"Uterine Carcinosarcoma","Primary Tumor"
"6822",0.752115384615385,1,0.00119805137036488,"Uterine Carcinosarcoma","Primary Tumor"
"6823",0.752211538461538,1,0.00119711644611464,"Uterine Carcinosarcoma","Primary Tumor"
"6824",0.752307692307692,1,0.00119707319600093,"Uterine Carcinosarcoma","Primary Tumor"
"6825",0.752403846153846,1,0.00119705916598811,"Uterine Carcinosarcoma","Primary Tumor"
"6826",0.7525,1,0.00119634046781747,"Uterine Carcinosarcoma","Primary Tumor"
"6827",0.752596153846154,1,0.0011960889439977,"Uterine Carcinosarcoma","Primary Tumor"
"6828",0.752692307692308,1,0.00119592476510599,"Uterine Carcinosarcoma","Primary Tumor"
"6829",0.752788461538462,1,0.00119467803811979,"Uterine Carcinosarcoma","Primary Tumor"
"6830",0.752884615384615,1,0.00119378327417385,"Uterine Carcinosarcoma","Primary Tumor"
"6831",0.752980769230769,1,0.00119364947662248,"Uterine Carcinosarcoma","Primary Tumor"
"6832",0.753076923076923,1,0.00119336265326397,"Uterine Carcinosarcoma","Primary Tumor"
"6833",0.753173076923077,1,0.0011930880539498,"Uterine Carcinosarcoma","Primary Tumor"
"6834",0.753269230769231,1,0.00119259601269295,"Uterine Carcinosarcoma","Primary Tumor"
"6835",0.753365384615385,1,0.00119094348022264,"Uterine Carcinosarcoma","Primary Tumor"
"6836",0.753461538461539,1,0.00119064253310985,"Uterine Carcinosarcoma","Primary Tumor"
"6837",0.753557692307692,1,0.00118916578678963,"Uterine Carcinosarcoma","Primary Tumor"
"6838",0.753653846153846,1,0.00118879708845365,"Uterine Carcinosarcoma","Primary Tumor"
"6839",0.75375,1,0.00118836212782902,"Uterine Carcinosarcoma","Primary Tumor"
"6840",0.753846153846154,1,0.0011881059039659,"Uterine Carcinosarcoma","Primary Tumor"
"6841",0.753942307692308,1,0.00118782363962211,"Uterine Carcinosarcoma","Primary Tumor"
"6842",0.754038461538462,1,0.00118692001082354,"Uterine Carcinosarcoma","Primary Tumor"
"6843",0.754134615384615,1,0.00118653777299982,"Uterine Carcinosarcoma","Primary Tumor"
"6844",0.754230769230769,1,0.00118586189391579,"Uterine Carcinosarcoma","Primary Tumor"
"6845",0.754326923076923,1,0.00118514887062815,"Uterine Carcinosarcoma","Primary Tumor"
"6846",0.754423076923077,1,0.00118506884453606,"Uterine Carcinosarcoma","Primary Tumor"
"6847",0.754519230769231,1,0.00118500141155053,"Uterine Carcinosarcoma","Primary Tumor"
"6848",0.754615384615385,1,0.00118480112918851,"Uterine Carcinosarcoma","Primary Tumor"
"6849",0.754711538461538,1,0.00118394148436185,"Uterine Carcinosarcoma","Primary Tumor"
"6850",0.754807692307692,1,0.00118362490236579,"Uterine Carcinosarcoma","Primary Tumor"
"6851",0.754903846153846,1,0.00118349442478616,"Uterine Carcinosarcoma","Primary Tumor"
"6852",0.755,1,0.00118286008369706,"Uterine Carcinosarcoma","Primary Tumor"
"6853",0.755096153846154,1,0.0011826706073772,"Uterine Carcinosarcoma","Primary Tumor"
"6854",0.755192307692308,1,0.00118249648184976,"Uterine Carcinosarcoma","Primary Tumor"
"6855",0.755288461538462,1,0.00118230148228726,"Uterine Carcinosarcoma","Primary Tumor"
"6856",0.755384615384615,1,0.0011821857961436,"Uterine Carcinosarcoma","Primary Tumor"
"6857",0.755480769230769,1,0.00118174119118408,"Uterine Carcinosarcoma","Primary Tumor"
"6858",0.755576923076923,1,0.00118089668563204,"Uterine Carcinosarcoma","Primary Tumor"
"6859",0.755673076923077,1,0.00118083301024974,"Uterine Carcinosarcoma","Primary Tumor"
"6860",0.755769230769231,1,0.00118078734985183,"Uterine Carcinosarcoma","Primary Tumor"
"6861",0.755865384615385,1,0.00118033660515682,"Uterine Carcinosarcoma","Primary Tumor"
"6862",0.755961538461538,1,0.00118032352374631,"Uterine Carcinosarcoma","Primary Tumor"
"6863",0.756057692307692,1,0.00118025651887887,"Uterine Carcinosarcoma","Primary Tumor"
"6864",0.756153846153846,1,0.0011802493261116,"Uterine Carcinosarcoma","Primary Tumor"
"6865",0.75625,1,0.00117975309773888,"Uterine Carcinosarcoma","Primary Tumor"
"6866",0.756346153846154,1,0.00117964119116143,"Uterine Carcinosarcoma","Primary Tumor"
"6867",0.756442307692308,1,0.0011793920313703,"Uterine Carcinosarcoma","Primary Tumor"
"6868",0.756538461538461,1,0.00117905626050763,"Uterine Carcinosarcoma","Primary Tumor"
"6869",0.756634615384615,1,0.00117799335622037,"Uterine Carcinosarcoma","Primary Tumor"
"6870",0.756730769230769,1,0.00117574033868872,"Uterine Carcinosarcoma","Primary Tumor"
"6871",0.756826923076923,1,0.00117558126474104,"Uterine Carcinosarcoma","Primary Tumor"
"6872",0.756923076923077,1,0.00117558094343817,"Uterine Carcinosarcoma","Primary Tumor"
"6873",0.757019230769231,1,0.00117543230787898,"Uterine Carcinosarcoma","Primary Tumor"
"6874",0.757115384615385,1,0.00117419120571927,"Uterine Carcinosarcoma","Primary Tumor"
"6875",0.757211538461538,1,0.00117408823858234,"Uterine Carcinosarcoma","Primary Tumor"
"6876",0.757307692307692,1,0.00117338174702808,"Uterine Carcinosarcoma","Primary Tumor"
"6877",0.757403846153846,1,0.00117289368705142,"Uterine Carcinosarcoma","Primary Tumor"
"6878",0.7575,1,0.00117283121817757,"Uterine Carcinosarcoma","Primary Tumor"
"6879",0.757596153846154,1,0.00117237246492607,"Uterine Carcinosarcoma","Primary Tumor"
"6880",0.757692307692308,1,0.00117234621148909,"Uterine Carcinosarcoma","Primary Tumor"
"6881",0.757788461538462,1,0.00117127360698688,"Uterine Carcinosarcoma","Primary Tumor"
"6882",0.757884615384615,1,0.00117041607667534,"Uterine Carcinosarcoma","Primary Tumor"
"6883",0.757980769230769,1,0.00116977726713885,"Uterine Carcinosarcoma","Primary Tumor"
"6884",0.758076923076923,1,0.00116940069016058,"Uterine Carcinosarcoma","Primary Tumor"
"6885",0.758173076923077,1,0.00116929361959273,"Uterine Carcinosarcoma","Primary Tumor"
"6886",0.758269230769231,1,0.00116843083956175,"Uterine Carcinosarcoma","Primary Tumor"
"6887",0.758365384615385,1,0.00116834067008054,"Uterine Carcinosarcoma","Primary Tumor"
"6888",0.758461538461538,1,0.0011682823262783,"Uterine Carcinosarcoma","Primary Tumor"
"6889",0.758557692307692,1,0.00116812895753815,"Uterine Carcinosarcoma","Primary Tumor"
"6890",0.758653846153846,1,0.00116738394898086,"Uterine Carcinosarcoma","Primary Tumor"
"6891",0.75875,1,0.00116733710355243,"Uterine Carcinosarcoma","Primary Tumor"
"6892",0.758846153846154,1,0.00116724247028432,"Uterine Carcinosarcoma","Primary Tumor"
"6893",0.758942307692308,1,0.00116717999089699,"Uterine Carcinosarcoma","Primary Tumor"
"6894",0.759038461538462,1,0.0011655495480184,"Uterine Carcinosarcoma","Primary Tumor"
"6895",0.759134615384615,1,0.001165376754102,"Uterine Carcinosarcoma","Primary Tumor"
"6896",0.759230769230769,1,0.00116476402977528,"Uterine Carcinosarcoma","Primary Tumor"
"6897",0.759326923076923,1,0.00116436575005086,"Uterine Carcinosarcoma","Primary Tumor"
"6898",0.759423076923077,1,0.0011642731404029,"Uterine Carcinosarcoma","Primary Tumor"
"6899",0.759519230769231,1,0.00116424579096697,"Uterine Carcinosarcoma","Primary Tumor"
"6900",0.759615384615385,1,0.00116408555921632,"Uterine Carcinosarcoma","Primary Tumor"
"6901",0.759711538461538,1,0.00116402215294931,"Uterine Carcinosarcoma","Primary Tumor"
"6902",0.759807692307692,1,0.00116401945825251,"Uterine Carcinosarcoma","Primary Tumor"
"6903",0.759903846153846,1,0.00116401655321563,"Uterine Carcinosarcoma","Primary Tumor"
"6904",0.76,1,0.00116401020981816,"Uterine Carcinosarcoma","Primary Tumor"
"6905",0.760096153846154,1,0.00116391668683713,"Uterine Carcinosarcoma","Primary Tumor"
"6906",0.760192307692308,1,0.00116322337487529,"Uterine Carcinosarcoma","Primary Tumor"
"6907",0.760288461538462,1,0.00116275650349196,"Uterine Carcinosarcoma","Primary Tumor"
"6908",0.760384615384615,1,0.00116219918289584,"Uterine Carcinosarcoma","Primary Tumor"
"6909",0.760480769230769,1,0.00116185726381079,"Uterine Carcinosarcoma","Primary Tumor"
"6910",0.760576923076923,1,0.00116101390184808,"Uterine Carcinosarcoma","Primary Tumor"
"6911",0.760673076923077,1,0.00116078282079668,"Uterine Carcinosarcoma","Primary Tumor"
"6912",0.760769230769231,1,0.00116066343627297,"Uterine Carcinosarcoma","Primary Tumor"
"6913",0.760865384615385,1,0.00115996802358109,"Uterine Carcinosarcoma","Primary Tumor"
"6914",0.760961538461538,1,0.00115970468072912,"Uterine Carcinosarcoma","Primary Tumor"
"6915",0.761057692307692,1,0.00115967199930644,"Uterine Carcinosarcoma","Primary Tumor"
"6916",0.761153846153846,1,0.00115870566508014,"Uterine Carcinosarcoma","Primary Tumor"
"6917",0.76125,1,0.00115861897469927,"Uterine Carcinosarcoma","Primary Tumor"
"6918",0.761346153846154,1,0.00115828751442726,"Uterine Carcinosarcoma","Primary Tumor"
"6919",0.761442307692308,1,0.00115707701363688,"Uterine Carcinosarcoma","Primary Tumor"
"6920",0.761538461538461,1,0.00115670347327379,"Uterine Carcinosarcoma","Primary Tumor"
"6921",0.761634615384615,1,0.00115654648699393,"Uterine Carcinosarcoma","Primary Tumor"
"6922",0.761730769230769,1,0.00115628779096,"Uterine Carcinosarcoma","Primary Tumor"
"6923",0.761826923076923,1,0.00115620538789629,"Uterine Carcinosarcoma","Primary Tumor"
"6924",0.761923076923077,1,0.00115616864946122,"Uterine Carcinosarcoma","Primary Tumor"
"6925",0.762019230769231,1,0.00115603106152118,"Uterine Carcinosarcoma","Primary Tumor"
"6926",0.762115384615385,1,0.00115420207166783,"Uterine Carcinosarcoma","Primary Tumor"
"6927",0.762211538461538,1,0.00115408215807533,"Uterine Carcinosarcoma","Primary Tumor"
"6928",0.762307692307692,1,0.00115330506269307,"Uterine Carcinosarcoma","Primary Tumor"
"6929",0.762403846153846,1,0.00115303615745987,"Uterine Carcinosarcoma","Primary Tumor"
"6930",0.7625,1,0.00115220629838431,"Uterine Carcinosarcoma","Primary Tumor"
"6931",0.762596153846154,1,0.00115218763200498,"Uterine Carcinosarcoma","Primary Tumor"
"6932",0.762692307692308,1,0.00115171475513076,"Uterine Carcinosarcoma","Primary Tumor"
"6933",0.762788461538462,1,0.00115154176846144,"Uterine Carcinosarcoma","Primary Tumor"
"6934",0.762884615384615,1,0.00115133621035968,"Uterine Carcinosarcoma","Primary Tumor"
"6935",0.762980769230769,1,0.00115115322793935,"Uterine Carcinosarcoma","Primary Tumor"
"6936",0.763076923076923,1,0.00115093522451748,"Uterine Carcinosarcoma","Primary Tumor"
"6937",0.763173076923077,1,0.00114959188474251,"Uterine Carcinosarcoma","Primary Tumor"
"6938",0.763269230769231,1,0.00114954008319357,"Uterine Carcinosarcoma","Primary Tumor"
"6939",0.763365384615385,1,0.00114938573168444,"Uterine Carcinosarcoma","Primary Tumor"
"6940",0.763461538461538,1,0.0011479638215961,"Uterine Carcinosarcoma","Primary Tumor"
"6941",0.763557692307692,1,0.00114743985597188,"Uterine Carcinosarcoma","Primary Tumor"
"6942",0.763653846153846,1,0.0011474287201404,"Uterine Carcinosarcoma","Primary Tumor"
"6943",0.76375,1,0.00114676192003227,"Uterine Carcinosarcoma","Primary Tumor"
"6944",0.763846153846154,1,0.00114640340248728,"Uterine Carcinosarcoma","Primary Tumor"
"6945",0.763942307692308,1,0.00114621004501536,"Uterine Carcinosarcoma","Primary Tumor"
"6946",0.764038461538462,1,0.00114593557219589,"Uterine Carcinosarcoma","Primary Tumor"
"6947",0.764134615384615,1,0.00114451349953526,"Uterine Carcinosarcoma","Primary Tumor"
"6948",0.764230769230769,1,0.00114446848153316,"Uterine Carcinosarcoma","Primary Tumor"
"6949",0.764326923076923,1,0.00114175091436575,"Uterine Carcinosarcoma","Primary Tumor"
"6950",0.764423076923077,1,0.00114156370078577,"Uterine Carcinosarcoma","Primary Tumor"
"6951",0.764519230769231,1,0.00114142237333492,"Uterine Carcinosarcoma","Primary Tumor"
"6952",0.764615384615385,1,0.00113981417125464,"Uterine Carcinosarcoma","Primary Tumor"
"6953",0.764711538461538,1,0.00113964286583401,"Uterine Carcinosarcoma","Primary Tumor"
"6954",0.764807692307692,1,0.00113962197945205,"Uterine Carcinosarcoma","Primary Tumor"
"6955",0.764903846153846,1,0.00113936967621309,"Uterine Carcinosarcoma","Primary Tumor"
"6956",0.765,1,0.00113921355105728,"Uterine Carcinosarcoma","Primary Tumor"
"6957",0.765096153846154,1,0.00113857653751237,"Uterine Carcinosarcoma","Primary Tumor"
"6958",0.765192307692308,1,0.00113843208081787,"Uterine Carcinosarcoma","Primary Tumor"
"6959",0.765288461538462,1,0.00113836718566451,"Uterine Carcinosarcoma","Primary Tumor"
"6960",0.765384615384615,1,0.00113711474218037,"Uterine Carcinosarcoma","Primary Tumor"
"6961",0.765480769230769,1,0.00113624905939369,"Uterine Carcinosarcoma","Primary Tumor"
"6962",0.765576923076923,1,0.00113608707467205,"Uterine Carcinosarcoma","Primary Tumor"
"6963",0.765673076923077,1,0.00113595297053926,"Uterine Carcinosarcoma","Primary Tumor"
"6964",0.765769230769231,1,0.00113593810675616,"Uterine Carcinosarcoma","Primary Tumor"
"6965",0.765865384615385,1,0.00113556130300629,"Uterine Carcinosarcoma","Primary Tumor"
"6966",0.765961538461538,1,0.00113533742842875,"Uterine Carcinosarcoma","Primary Tumor"
"6967",0.766057692307692,1,0.00113520555093305,"Uterine Carcinosarcoma","Primary Tumor"
"6968",0.766153846153846,1,0.0011351117558932,"Uterine Carcinosarcoma","Primary Tumor"
"6969",0.76625,1,0.00113453518618434,"Uterine Carcinosarcoma","Primary Tumor"
"6970",0.766346153846154,1,0.00113448148852024,"Uterine Carcinosarcoma","Primary Tumor"
"6971",0.766442307692308,1,0.00113424175009835,"Uterine Carcinosarcoma","Primary Tumor"
"6972",0.766538461538462,1,0.00113372370955556,"Uterine Carcinosarcoma","Primary Tumor"
"6973",0.766634615384615,1,0.00113342122326621,"Uterine Carcinosarcoma","Primary Tumor"
"6974",0.766730769230769,1,0.00113320134524231,"Uterine Carcinosarcoma","Primary Tumor"
"6975",0.766826923076923,1,0.00113179174577371,"Uterine Carcinosarcoma","Primary Tumor"
"6976",0.766923076923077,1,0.00113170971111531,"Uterine Carcinosarcoma","Primary Tumor"
"6977",0.767019230769231,1,0.00113169517972933,"Uterine Carcinosarcoma","Primary Tumor"
"6978",0.767115384615385,1,0.00113147122875112,"Uterine Carcinosarcoma","Primary Tumor"
"6979",0.767211538461538,1,0.00113134269919379,"Uterine Carcinosarcoma","Primary Tumor"
"6980",0.767403846153846,1,0.00113113738969306,"Uterine Carcinosarcoma","Primary Tumor"
"6981",0.7675,1,0.00113076767185361,"Uterine Carcinosarcoma","Primary Tumor"
"6982",0.767596153846154,1,0.00113068805233074,"Uterine Carcinosarcoma","Primary Tumor"
"6983",0.767692307692308,1,0.00113006656567605,"Uterine Carcinosarcoma","Primary Tumor"
"6984",0.767788461538462,1,0.00113006316351183,"Uterine Carcinosarcoma","Primary Tumor"
"6985",0.767884615384615,1,0.00112952468713023,"Uterine Carcinosarcoma","Primary Tumor"
"6986",0.767980769230769,1,0.00112949242590854,"Uterine Carcinosarcoma","Primary Tumor"
"6987",0.768076923076923,1,0.00112919644493137,"Uterine Carcinosarcoma","Primary Tumor"
"6988",0.768173076923077,1,0.00112878342171929,"Uterine Carcinosarcoma","Primary Tumor"
"6989",0.768269230769231,1,0.00112856556653407,"Uterine Carcinosarcoma","Primary Tumor"
"6990",0.768365384615385,1,0.0011283428279405,"Uterine Carcinosarcoma","Primary Tumor"
"6991",0.768461538461538,1,0.00112740634458475,"Uterine Carcinosarcoma","Primary Tumor"
"6992",0.768557692307692,1,0.00112689388797904,"Uterine Carcinosarcoma","Primary Tumor"
"6993",0.768653846153846,1,0.00112673309866118,"Uterine Carcinosarcoma","Primary Tumor"
"6994",0.76875,1,0.0011263173501993,"Uterine Carcinosarcoma","Primary Tumor"
"6995",0.768846153846154,1,0.00112609367290539,"Uterine Carcinosarcoma","Primary Tumor"
"6996",0.768942307692308,1,0.00112578049565015,"Uterine Carcinosarcoma","Primary Tumor"
"6997",0.769038461538462,1,0.00112539952001389,"Uterine Carcinosarcoma","Primary Tumor"
"6998",0.769134615384615,1,0.00112474050951117,"Uterine Carcinosarcoma","Primary Tumor"
"6999",0.769230769230769,1,0.00112426955467226,"Uterine Carcinosarcoma","Primary Tumor"
"7000",0.769326923076923,1,0.00112311688023981,"Uterine Carcinosarcoma","Primary Tumor"
"7001",0.769423076923077,1,0.00112290298442486,"Uterine Carcinosarcoma","Primary Tumor"
"7002",0.769519230769231,1,0.00112251964454191,"Uterine Carcinosarcoma","Primary Tumor"
"7003",0.769615384615385,1,0.00112233267831874,"Uterine Carcinosarcoma","Primary Tumor"
"7004",0.769711538461539,1,0.00112109346512046,"Uterine Carcinosarcoma","Primary Tumor"
"7005",0.769807692307692,1,0.00112107423309926,"Uterine Carcinosarcoma","Primary Tumor"
"7006",0.769903846153846,1,0.00112042346133356,"Uterine Carcinosarcoma","Primary Tumor"
"7007",0.77,1,0.00112005099629242,"Uterine Carcinosarcoma","Primary Tumor"
"7008",0.770096153846154,1,0.00111991624741781,"Uterine Carcinosarcoma","Primary Tumor"
"7009",0.770192307692308,1,0.00111987645652833,"Uterine Carcinosarcoma","Primary Tumor"
"7010",0.770288461538462,1,0.00111971806154787,"Uterine Carcinosarcoma","Primary Tumor"
"7011",0.770384615384615,1,0.0011196875355125,"Uterine Carcinosarcoma","Primary Tumor"
"7012",0.770480769230769,1,0.00111951461185633,"Uterine Carcinosarcoma","Primary Tumor"
"7013",0.770576923076923,1,0.00111912679496551,"Uterine Carcinosarcoma","Primary Tumor"
"7014",0.770673076923077,1,0.00111892765945365,"Uterine Carcinosarcoma","Primary Tumor"
"7015",0.770769230769231,1,0.0011188839006423,"Uterine Carcinosarcoma","Primary Tumor"
"7016",0.770865384615385,1,0.00111806328124664,"Uterine Carcinosarcoma","Primary Tumor"
"7017",0.770961538461538,1,0.00111786099136935,"Uterine Carcinosarcoma","Primary Tumor"
"7018",0.771057692307692,1,0.00111722155897676,"Uterine Carcinosarcoma","Primary Tumor"
"7019",0.771153846153846,1,0.001117098903053,"Uterine Carcinosarcoma","Primary Tumor"
"7020",0.77125,1,0.00111699965569922,"Uterine Carcinosarcoma","Primary Tumor"
"7021",0.771346153846154,1,0.00111676471614319,"Uterine Carcinosarcoma","Primary Tumor"
"7022",0.771442307692308,1,0.00111631007933355,"Uterine Carcinosarcoma","Primary Tumor"
"7023",0.771538461538462,1,0.00111574290327277,"Uterine Carcinosarcoma","Primary Tumor"
"7024",0.771634615384615,1,0.00111558975443571,"Uterine Carcinosarcoma","Primary Tumor"
"7025",0.771730769230769,1,0.00111553853800506,"Uterine Carcinosarcoma","Primary Tumor"
"7026",0.771826923076923,1,0.00111457858902697,"Uterine Carcinosarcoma","Primary Tumor"
"7027",0.771923076923077,1,0.00111453575224885,"Uterine Carcinosarcoma","Primary Tumor"
"7028",0.772019230769231,1,0.00111408558163006,"Uterine Carcinosarcoma","Primary Tumor"
"7029",0.772115384615385,1,0.0011136733838234,"Uterine Carcinosarcoma","Primary Tumor"
"7030",0.772211538461538,1,0.00111314686204977,"Uterine Carcinosarcoma","Primary Tumor"
"7031",0.772307692307692,1,0.00111233115740283,"Uterine Carcinosarcoma","Primary Tumor"
"7032",0.772403846153846,1,0.00111159738490774,"Uterine Carcinosarcoma","Primary Tumor"
"7033",0.7725,1,0.00111072643981069,"Uterine Carcinosarcoma","Primary Tumor"
"7034",0.772596153846154,1,0.00111045681698474,"Uterine Carcinosarcoma","Primary Tumor"
"7035",0.772692307692308,1,0.00110964231902344,"Uterine Carcinosarcoma","Primary Tumor"
"7036",0.772788461538462,1,0.00110924272831336,"Uterine Carcinosarcoma","Primary Tumor"
"7037",0.772884615384615,1,0.00110864540756572,"Uterine Carcinosarcoma","Primary Tumor"
"7038",0.772980769230769,1,0.00110781879944244,"Uterine Carcinosarcoma","Primary Tumor"
"7039",0.773076923076923,1,0.00110723595588136,"Uterine Carcinosarcoma","Primary Tumor"
"7040",0.773173076923077,1,0.00110721967889438,"Uterine Carcinosarcoma","Primary Tumor"
"7041",0.773269230769231,1,0.00110690437127936,"Uterine Carcinosarcoma","Primary Tumor"
"7042",0.773365384615385,1,0.00110571110690683,"Uterine Carcinosarcoma","Primary Tumor"
"7043",0.773461538461538,1,0.00110436863185492,"Uterine Carcinosarcoma","Primary Tumor"
"7044",0.773557692307692,1,0.00110283441115278,"Uterine Carcinosarcoma","Primary Tumor"
"7045",0.773653846153846,1,0.00110269055328727,"Uterine Carcinosarcoma","Primary Tumor"
"7046",0.77375,1,0.00110259857641704,"Uterine Carcinosarcoma","Primary Tumor"
"7047",0.773846153846154,1,0.00110255681418059,"Uterine Carcinosarcoma","Primary Tumor"
"7048",0.773942307692308,1,0.00110119924256136,"Uterine Carcinosarcoma","Primary Tumor"
"7049",0.774038461538462,1,0.00110115430088564,"Uterine Carcinosarcoma","Primary Tumor"
"7050",0.774134615384615,1,0.0011005044246688,"Uterine Carcinosarcoma","Primary Tumor"
"7051",0.774230769230769,1,0.00109985950260894,"Uterine Carcinosarcoma","Primary Tumor"
"7052",0.774326923076923,1,0.00109920197360192,"Uterine Carcinosarcoma","Primary Tumor"
"7053",0.774423076923077,1,0.00109840190251398,"Uterine Carcinosarcoma","Primary Tumor"
"7054",0.774519230769231,1,0.00109812477848625,"Uterine Carcinosarcoma","Primary Tumor"
"7055",0.774615384615385,1,0.00109808382869436,"Uterine Carcinosarcoma","Primary Tumor"
"7056",0.774711538461539,1,0.00109779506581198,"Uterine Carcinosarcoma","Primary Tumor"
"7057",0.774807692307692,1,0.00109721714756816,"Uterine Carcinosarcoma","Primary Tumor"
"7058",0.774903846153846,1,0.00109646588098122,"Uterine Carcinosarcoma","Primary Tumor"
"7059",0.775,1,0.00109612784450441,"Uterine Carcinosarcoma","Primary Tumor"
"7060",0.775096153846154,1,0.00109567613456041,"Uterine Carcinosarcoma","Primary Tumor"
"7061",0.775192307692308,1,0.0010950743948589,"Uterine Carcinosarcoma","Primary Tumor"
"7062",0.775288461538462,1,0.00109460409531381,"Uterine Carcinosarcoma","Primary Tumor"
"7063",0.775384615384615,1,0.001094571186667,"Uterine Carcinosarcoma","Primary Tumor"
"7064",0.775480769230769,1,0.00109424158948535,"Uterine Carcinosarcoma","Primary Tumor"
"7065",0.775576923076923,1,0.0010940384711825,"Uterine Carcinosarcoma","Primary Tumor"
"7066",0.775673076923077,1,0.0010939447425895,"Uterine Carcinosarcoma","Primary Tumor"
"7067",0.775769230769231,1,0.00109392460170354,"Uterine Carcinosarcoma","Primary Tumor"
"7068",0.775865384615385,1,0.00109384887565001,"Uterine Carcinosarcoma","Primary Tumor"
"7069",0.775961538461538,1,0.00109359912551421,"Uterine Carcinosarcoma","Primary Tumor"
"7070",0.776057692307692,1,0.00109357511995556,"Uterine Carcinosarcoma","Primary Tumor"
"7071",0.776153846153846,1,0.00109348792895492,"Uterine Carcinosarcoma","Primary Tumor"
"7072",0.77625,1,0.00109291721135529,"Uterine Carcinosarcoma","Primary Tumor"
"7073",0.776346153846154,1,0.001092389159563,"Uterine Carcinosarcoma","Primary Tumor"
"7074",0.776442307692308,1,0.00109217739022449,"Uterine Carcinosarcoma","Primary Tumor"
"7075",0.776538461538462,1,0.00109154434813763,"Uterine Carcinosarcoma","Primary Tumor"
"7076",0.776634615384615,1,0.00109133594934796,"Uterine Carcinosarcoma","Primary Tumor"
"7077",0.776730769230769,1,0.00109133244489301,"Uterine Carcinosarcoma","Primary Tumor"
"7078",0.776826923076923,1,0.00109102921455451,"Uterine Carcinosarcoma","Primary Tumor"
"7079",0.776923076923077,1,0.00109100774280702,"Uterine Carcinosarcoma","Primary Tumor"
"7080",0.777019230769231,1,0.00109073386398462,"Uterine Carcinosarcoma","Primary Tumor"
"7081",0.777115384615385,1,0.00108890333219847,"Uterine Carcinosarcoma","Primary Tumor"
"7082",0.777211538461538,1,0.0010888484803534,"Uterine Carcinosarcoma","Primary Tumor"
"7083",0.777307692307692,1,0.00108800228789363,"Uterine Carcinosarcoma","Primary Tumor"
"7084",0.777403846153846,1,0.0010877137175539,"Uterine Carcinosarcoma","Primary Tumor"
"7085",0.7775,1,0.0010871938550856,"Uterine Carcinosarcoma","Primary Tumor"
"7086",0.777596153846154,1,0.0010869527299564,"Uterine Carcinosarcoma","Primary Tumor"
"7087",0.777692307692308,1,0.00108638891932666,"Uterine Carcinosarcoma","Primary Tumor"
"7088",0.777788461538461,1,0.00108577632899987,"Uterine Carcinosarcoma","Primary Tumor"
"7089",0.777884615384615,1,0.00108564551922041,"Uterine Carcinosarcoma","Primary Tumor"
"7090",0.777980769230769,1,0.00108474615183773,"Uterine Carcinosarcoma","Primary Tumor"
"7091",0.778076923076923,1,0.00108468128789985,"Uterine Carcinosarcoma","Primary Tumor"
"7092",0.778173076923077,1,0.00108392975950988,"Uterine Carcinosarcoma","Primary Tumor"
"7093",0.778269230769231,1,0.00108314433360457,"Uterine Carcinosarcoma","Primary Tumor"
"7094",0.778365384615385,1,0.00108127559182458,"Uterine Carcinosarcoma","Primary Tumor"
"7095",0.778461538461538,1,0.00108051618055138,"Uterine Carcinosarcoma","Primary Tumor"
"7096",0.778557692307692,1,0.00108010385265345,"Uterine Carcinosarcoma","Primary Tumor"
"7097",0.778653846153846,1,0.00107991043855327,"Uterine Carcinosarcoma","Primary Tumor"
"7098",0.77875,1,0.00107968956301907,"Uterine Carcinosarcoma","Primary Tumor"
"7099",0.778846153846154,1,0.00107958315810008,"Uterine Carcinosarcoma","Primary Tumor"
"7100",0.778942307692308,1,0.00107805304448061,"Uterine Carcinosarcoma","Primary Tumor"
"7101",0.779038461538462,1,0.00107781914697447,"Uterine Carcinosarcoma","Primary Tumor"
"7102",0.779134615384615,1,0.00107767002151826,"Uterine Carcinosarcoma","Primary Tumor"
"7103",0.779230769230769,1,0.00107693047414115,"Uterine Carcinosarcoma","Primary Tumor"
"7104",0.779326923076923,1,0.00107640727694391,"Uterine Carcinosarcoma","Primary Tumor"
"7105",0.779423076923077,1,0.00107617552040296,"Uterine Carcinosarcoma","Primary Tumor"
"7106",0.779519230769231,1,0.00107594218347484,"Uterine Carcinosarcoma","Primary Tumor"
"7107",0.779615384615385,1,0.0010757933136224,"Uterine Carcinosarcoma","Primary Tumor"
"7108",0.779711538461539,1,0.00107578298965738,"Uterine Carcinosarcoma","Primary Tumor"
"7109",0.779807692307692,1,0.00107564078841327,"Uterine Carcinosarcoma","Primary Tumor"
"7110",0.779903846153846,1,0.00107555023804906,"Uterine Carcinosarcoma","Primary Tumor"
"7111",0.78,1,0.0010750105899513,"Uterine Carcinosarcoma","Primary Tumor"
"7112",0.780096153846154,1,0.00107472309149803,"Uterine Carcinosarcoma","Primary Tumor"
"7113",0.780192307692308,1,0.00107466724240146,"Uterine Carcinosarcoma","Primary Tumor"
"7114",0.780288461538462,1,0.00107399808610364,"Uterine Carcinosarcoma","Primary Tumor"
"7115",0.780384615384615,1,0.00107383327609456,"Uterine Carcinosarcoma","Primary Tumor"
"7116",0.780480769230769,1,0.00107306955344377,"Uterine Carcinosarcoma","Primary Tumor"
"7117",0.780576923076923,1,0.00107288765125868,"Uterine Carcinosarcoma","Primary Tumor"
"7118",0.780673076923077,1,0.00107249856318126,"Uterine Carcinosarcoma","Primary Tumor"
"7119",0.780769230769231,1,0.00107215621446377,"Uterine Carcinosarcoma","Primary Tumor"
"7120",0.780865384615385,1,0.00107184103216795,"Uterine Carcinosarcoma","Primary Tumor"
"7121",0.780961538461538,1,0.00107175166523721,"Uterine Carcinosarcoma","Primary Tumor"
"7122",0.781057692307692,1,0.00107170359262987,"Uterine Carcinosarcoma","Primary Tumor"
"7123",0.781153846153846,1,0.00107058384618208,"Uterine Carcinosarcoma","Primary Tumor"
"7124",0.78125,1,0.00107044376933019,"Uterine Carcinosarcoma","Primary Tumor"
"7125",0.781346153846154,1,0.00106943445283481,"Uterine Carcinosarcoma","Primary Tumor"
"7126",0.781442307692308,1,0.00106912905402767,"Uterine Carcinosarcoma","Primary Tumor"
"7127",0.781538461538462,1,0.00106892511049439,"Uterine Carcinosarcoma","Primary Tumor"
"7128",0.781634615384615,1,0.00106890561018236,"Uterine Carcinosarcoma","Primary Tumor"
"7129",0.781730769230769,1,0.00106819791056023,"Uterine Carcinosarcoma","Primary Tumor"
"7130",0.781826923076923,1,0.00106765665175412,"Uterine Carcinosarcoma","Primary Tumor"
"7131",0.781923076923077,1,0.00106715705673588,"Uterine Carcinosarcoma","Primary Tumor"
"7132",0.782019230769231,1,0.00106691307523221,"Uterine Carcinosarcoma","Primary Tumor"
"7133",0.782115384615385,1,0.00106643646801241,"Uterine Carcinosarcoma","Primary Tumor"
"7134",0.782211538461538,1,0.00106591442533566,"Uterine Carcinosarcoma","Primary Tumor"
"7135",0.782307692307692,1,0.00106495800503204,"Uterine Carcinosarcoma","Primary Tumor"
"7136",0.782403846153846,1,0.00106451748697411,"Uterine Carcinosarcoma","Primary Tumor"
"7137",0.7825,1,0.00106367847665179,"Uterine Carcinosarcoma","Primary Tumor"
"7138",0.782596153846154,1,0.00106347305875265,"Uterine Carcinosarcoma","Primary Tumor"
"7139",0.782692307692308,1,0.00106331070329979,"Uterine Carcinosarcoma","Primary Tumor"
"7140",0.782788461538461,1,0.00106315947896607,"Uterine Carcinosarcoma","Primary Tumor"
"7141",0.782884615384615,1,0.00106274371894599,"Uterine Carcinosarcoma","Primary Tumor"
"7142",0.782980769230769,1,0.00106195500816086,"Uterine Carcinosarcoma","Primary Tumor"
"7143",0.783076923076923,1,0.00106185898670752,"Uterine Carcinosarcoma","Primary Tumor"
"7144",0.783173076923077,1,0.00106174285949856,"Uterine Carcinosarcoma","Primary Tumor"
"7145",0.783269230769231,1,0.00106099720153652,"Uterine Carcinosarcoma","Primary Tumor"
"7146",0.783365384615385,1,0.00106044568535768,"Uterine Carcinosarcoma","Primary Tumor"
"7147",0.783461538461538,1,0.00105974640023832,"Uterine Carcinosarcoma","Primary Tumor"
"7148",0.783557692307692,1,0.00105920930099801,"Uterine Carcinosarcoma","Primary Tumor"
"7149",0.783653846153846,1,0.00105856320175313,"Uterine Carcinosarcoma","Primary Tumor"
"7150",0.78375,1,0.00105850248915274,"Uterine Carcinosarcoma","Primary Tumor"
"7151",0.783846153846154,1,0.00105847032245088,"Uterine Carcinosarcoma","Primary Tumor"
"7152",0.783942307692308,1,0.0010574688554349,"Uterine Carcinosarcoma","Primary Tumor"
"7153",0.784038461538462,1,0.00105685580504922,"Uterine Carcinosarcoma","Primary Tumor"
"7154",0.784134615384615,1,0.00105515227610342,"Uterine Carcinosarcoma","Primary Tumor"
"7155",0.784230769230769,1,0.00105462849429339,"Uterine Carcinosarcoma","Primary Tumor"
"7156",0.784326923076923,1,0.00105381484187772,"Uterine Carcinosarcoma","Primary Tumor"
"7157",0.784423076923077,1,0.00105360370509333,"Uterine Carcinosarcoma","Primary Tumor"
"7158",0.784519230769231,1,0.00105326887149437,"Uterine Carcinosarcoma","Primary Tumor"
"7159",0.784615384615385,1,0.00105207033138566,"Uterine Carcinosarcoma","Primary Tumor"
"7160",0.784711538461539,1,0.00105130593127356,"Uterine Carcinosarcoma","Primary Tumor"
"7161",0.784807692307692,1,0.00105110520438101,"Uterine Carcinosarcoma","Primary Tumor"
"7162",0.784903846153846,1,0.00104963962951332,"Uterine Carcinosarcoma","Primary Tumor"
"7163",0.785,1,0.00104880999650359,"Uterine Carcinosarcoma","Primary Tumor"
"7164",0.785096153846154,1,0.00104879379764933,"Uterine Carcinosarcoma","Primary Tumor"
"7165",0.785192307692308,1,0.00104853458731524,"Uterine Carcinosarcoma","Primary Tumor"
"7166",0.785288461538462,1,0.00104802842009533,"Uterine Carcinosarcoma","Primary Tumor"
"7167",0.785384615384615,1,0.001047310010865,"Uterine Carcinosarcoma","Primary Tumor"
"7168",0.785480769230769,1,0.00104640929928401,"Uterine Carcinosarcoma","Primary Tumor"
"7169",0.785576923076923,1,0.00104636796827207,"Uterine Carcinosarcoma","Primary Tumor"
"7170",0.785673076923077,1,0.00104608586662114,"Uterine Carcinosarcoma","Primary Tumor"
"7171",0.785769230769231,1,0.00104586198329304,"Uterine Carcinosarcoma","Primary Tumor"
"7172",0.785865384615385,1,0.00104558394407595,"Uterine Carcinosarcoma","Primary Tumor"
"7173",0.785961538461538,1,0.00104556121190857,"Uterine Carcinosarcoma","Primary Tumor"
"7174",0.786057692307692,1,0.00104519021815619,"Uterine Carcinosarcoma","Primary Tumor"
"7175",0.786153846153846,1,0.00104457331304175,"Uterine Carcinosarcoma","Primary Tumor"
"7176",0.78625,1,0.00104332854749434,"Uterine Carcinosarcoma","Primary Tumor"
"7177",0.786346153846154,1,0.0010430895180501,"Uterine Carcinosarcoma","Primary Tumor"
"7178",0.786442307692308,1,0.00104213386096852,"Uterine Carcinosarcoma","Primary Tumor"
"7179",0.786538461538462,1,0.00104128252864499,"Uterine Carcinosarcoma","Primary Tumor"
"7180",0.786634615384615,1,0.00104126928733572,"Uterine Carcinosarcoma","Primary Tumor"
"7181",0.786730769230769,1,0.00104077810413516,"Uterine Carcinosarcoma","Primary Tumor"
"7182",0.786826923076923,1,0.00104020359272505,"Uterine Carcinosarcoma","Primary Tumor"
"7183",0.786923076923077,1,0.00103978230973634,"Uterine Carcinosarcoma","Primary Tumor"
"7184",0.787019230769231,1,0.00103937035310731,"Uterine Carcinosarcoma","Primary Tumor"
"7185",0.787115384615385,1,0.0010392978086301,"Uterine Carcinosarcoma","Primary Tumor"
"7186",0.787211538461538,1,0.00103890898351744,"Uterine Carcinosarcoma","Primary Tumor"
"7187",0.787307692307692,1,0.00103857944198138,"Uterine Carcinosarcoma","Primary Tumor"
"7188",0.787403846153846,1,0.00103724771705693,"Uterine Carcinosarcoma","Primary Tumor"
"7189",0.7875,1,0.00103715233799329,"Uterine Carcinosarcoma","Primary Tumor"
"7190",0.787596153846154,1,0.00103627025543707,"Uterine Carcinosarcoma","Primary Tumor"
"7191",0.787692307692308,1,0.00103563456493228,"Uterine Carcinosarcoma","Primary Tumor"
"7192",0.787788461538461,1,0.00103496807567438,"Uterine Carcinosarcoma","Primary Tumor"
"7193",0.787884615384615,1,0.0010346979768604,"Uterine Carcinosarcoma","Primary Tumor"
"7194",0.787980769230769,1,0.00103469073031803,"Uterine Carcinosarcoma","Primary Tumor"
"7195",0.788076923076923,1,0.00103453832602152,"Uterine Carcinosarcoma","Primary Tumor"
"7196",0.788173076923077,1,0.00103375623717761,"Uterine Carcinosarcoma","Primary Tumor"
"7197",0.788269230769231,1,0.00103337954040816,"Uterine Carcinosarcoma","Primary Tumor"
"7198",0.788365384615385,1,0.00103330489426579,"Uterine Carcinosarcoma","Primary Tumor"
"7199",0.788461538461538,1,0.00103299599135431,"Uterine Carcinosarcoma","Primary Tumor"
"7200",0.788557692307692,1,0.00103240906993007,"Uterine Carcinosarcoma","Primary Tumor"
"7201",0.788653846153846,1,0.00103230441817026,"Uterine Carcinosarcoma","Primary Tumor"
"7202",0.78875,1,0.00103206044775728,"Uterine Carcinosarcoma","Primary Tumor"
"7203",0.788846153846154,1,0.00103200202654463,"Uterine Carcinosarcoma","Primary Tumor"
"7204",0.788942307692308,1,0.001031950943438,"Uterine Carcinosarcoma","Primary Tumor"
"7205",0.789038461538462,1,0.00103172428232068,"Uterine Carcinosarcoma","Primary Tumor"
"7206",0.789134615384615,1,0.00103152791972805,"Uterine Carcinosarcoma","Primary Tumor"
"7207",0.789230769230769,1,0.00103126888819827,"Uterine Carcinosarcoma","Primary Tumor"
"7208",0.789326923076923,1,0.00103103090119783,"Uterine Carcinosarcoma","Primary Tumor"
"7209",0.789423076923077,1,0.00103094806121884,"Uterine Carcinosarcoma","Primary Tumor"
"7210",0.789519230769231,1,0.00103043397785041,"Uterine Carcinosarcoma","Primary Tumor"
"7211",0.789615384615385,1,0.00103031865832148,"Uterine Carcinosarcoma","Primary Tumor"
"7212",0.789711538461538,1,0.00102980203872993,"Uterine Carcinosarcoma","Primary Tumor"
"7213",0.789807692307692,1,0.00102967053660385,"Uterine Carcinosarcoma","Primary Tumor"
"7214",0.789903846153846,1,0.00102965556137369,"Uterine Carcinosarcoma","Primary Tumor"
"7215",0.79,1,0.00102951557334074,"Uterine Carcinosarcoma","Primary Tumor"
"7216",0.790096153846154,1,0.00102918258558804,"Uterine Carcinosarcoma","Primary Tumor"
"7217",0.790192307692308,1,0.00102900507393811,"Uterine Carcinosarcoma","Primary Tumor"
"7218",0.790288461538462,1,0.00102881882474348,"Uterine Carcinosarcoma","Primary Tumor"
"7219",0.790384615384615,1,0.00102782686387903,"Uterine Carcinosarcoma","Primary Tumor"
"7220",0.790480769230769,1,0.0010270258344881,"Uterine Carcinosarcoma","Primary Tumor"
"7221",0.790576923076923,1,0.00102637972947406,"Uterine Carcinosarcoma","Primary Tumor"
"7222",0.790673076923077,1,0.00102601551340531,"Uterine Carcinosarcoma","Primary Tumor"
"7223",0.790769230769231,1,0.00102574887629014,"Uterine Carcinosarcoma","Primary Tumor"
"7224",0.790865384615385,1,0.0010252278954036,"Uterine Carcinosarcoma","Primary Tumor"
"7225",0.790961538461538,1,0.00102459683612111,"Uterine Carcinosarcoma","Primary Tumor"
"7226",0.791057692307692,1,0.00102455169814464,"Uterine Carcinosarcoma","Primary Tumor"
"7227",0.791153846153846,1,0.00102432643701877,"Uterine Carcinosarcoma","Primary Tumor"
"7228",0.79125,1,0.00102394061587574,"Uterine Carcinosarcoma","Primary Tumor"
"7229",0.791346153846154,1,0.00102390974545008,"Uterine Carcinosarcoma","Primary Tumor"
"7230",0.791442307692308,1,0.00102378806642567,"Uterine Carcinosarcoma","Primary Tumor"
"7231",0.791538461538462,1,0.00102302311253144,"Uterine Carcinosarcoma","Primary Tumor"
"7232",0.791634615384615,1,0.00102280802688481,"Uterine Carcinosarcoma","Primary Tumor"
"7233",0.791730769230769,1,0.00102273727427815,"Uterine Carcinosarcoma","Primary Tumor"
"7234",0.791826923076923,1,0.00102264489318693,"Uterine Carcinosarcoma","Primary Tumor"
"7235",0.791923076923077,1,0.00102261577508655,"Uterine Carcinosarcoma","Primary Tumor"
"7236",0.792019230769231,1,0.00102250715093732,"Uterine Carcinosarcoma","Primary Tumor"
"7237",0.792115384615385,1,0.00102222214811554,"Uterine Carcinosarcoma","Primary Tumor"
"7238",0.792211538461538,1,0.00102170919726541,"Uterine Carcinosarcoma","Primary Tumor"
"7239",0.792307692307692,1,0.00102152558802915,"Uterine Carcinosarcoma","Primary Tumor"
"7240",0.792403846153846,1,0.00102149852286115,"Uterine Carcinosarcoma","Primary Tumor"
"7241",0.7925,1,0.00102145482783556,"Uterine Carcinosarcoma","Primary Tumor"
"7242",0.792596153846154,1,0.00102080886073574,"Uterine Carcinosarcoma","Primary Tumor"
"7243",0.792692307692308,1,0.00102045532408968,"Uterine Carcinosarcoma","Primary Tumor"
"7244",0.792788461538461,1,0.00102009780513368,"Uterine Carcinosarcoma","Primary Tumor"
"7245",0.792884615384615,1,0.00102004207225026,"Uterine Carcinosarcoma","Primary Tumor"
"7246",0.792980769230769,1,0.00101999304532996,"Uterine Carcinosarcoma","Primary Tumor"
"7247",0.793076923076923,1,0.0010198725536561,"Uterine Carcinosarcoma","Primary Tumor"
"7248",0.793173076923077,1,0.00101975879889638,"Uterine Carcinosarcoma","Primary Tumor"
"7249",0.793269230769231,1,0.00101950809403706,"Uterine Carcinosarcoma","Primary Tumor"
"7250",0.793365384615385,1,0.00101910438689212,"Uterine Carcinosarcoma","Primary Tumor"
"7251",0.793461538461538,1,0.00101891629146489,"Uterine Carcinosarcoma","Primary Tumor"
"7252",0.793557692307692,1,0.00101873259810403,"Uterine Carcinosarcoma","Primary Tumor"
"7253",0.793653846153846,1,0.00101866851856802,"Uterine Carcinosarcoma","Primary Tumor"
"7254",0.79375,1,0.00101824816042928,"Uterine Carcinosarcoma","Primary Tumor"
"7255",0.793846153846154,1,0.00101795426181572,"Uterine Carcinosarcoma","Primary Tumor"
"7256",0.793942307692308,1,0.00101793073827883,"Uterine Carcinosarcoma","Primary Tumor"
"7257",0.794038461538462,1,0.00101789371443739,"Uterine Carcinosarcoma","Primary Tumor"
"7258",0.794134615384615,1,0.00101785093356743,"Uterine Carcinosarcoma","Primary Tumor"
"7259",0.794230769230769,1,0.00101772334786454,"Uterine Carcinosarcoma","Primary Tumor"
"7260",0.794326923076923,1,0.00101684952965841,"Uterine Carcinosarcoma","Primary Tumor"
"7261",0.794423076923077,1,0.00101575673206322,"Uterine Carcinosarcoma","Primary Tumor"
"7262",0.794519230769231,1,0.0010156541460512,"Uterine Carcinosarcoma","Primary Tumor"
"7263",0.794615384615385,1,0.00101542838525948,"Uterine Carcinosarcoma","Primary Tumor"
"7264",0.794711538461538,1,0.00101469559765188,"Uterine Carcinosarcoma","Primary Tumor"
"7265",0.794807692307692,1,0.00101427276235733,"Uterine Carcinosarcoma","Primary Tumor"
"7266",0.794903846153846,1,0.00101408688294213,"Uterine Carcinosarcoma","Primary Tumor"
"7267",0.795,1,0.00101385283211353,"Uterine Carcinosarcoma","Primary Tumor"
"7268",0.795096153846154,1,0.00101302057357489,"Uterine Carcinosarcoma","Primary Tumor"
"7269",0.795192307692308,1,0.00101284013894321,"Uterine Carcinosarcoma","Primary Tumor"
"7270",0.795288461538462,1,0.00101248177500068,"Uterine Carcinosarcoma","Primary Tumor"
"7271",0.795384615384615,1,0.00101242325995132,"Uterine Carcinosarcoma","Primary Tumor"
"7272",0.795480769230769,1,0.0010123599498093,"Uterine Carcinosarcoma","Primary Tumor"
"7273",0.795576923076923,1,0.00101220719492712,"Uterine Carcinosarcoma","Primary Tumor"
"7274",0.795673076923077,1,0.00101151552410172,"Uterine Carcinosarcoma","Primary Tumor"
"7275",0.795769230769231,1,0.00101099029898788,"Uterine Carcinosarcoma","Primary Tumor"
"7276",0.795865384615385,1,0.00101076811964318,"Uterine Carcinosarcoma","Primary Tumor"
"7277",0.795961538461538,1,0.00101068455938824,"Uterine Carcinosarcoma","Primary Tumor"
"7278",0.796057692307692,1,0.00101066478687639,"Uterine Carcinosarcoma","Primary Tumor"
"7279",0.796153846153846,1,0.00101041829372761,"Uterine Carcinosarcoma","Primary Tumor"
"7280",0.79625,1,0.00101033870941325,"Uterine Carcinosarcoma","Primary Tumor"
"7281",0.796346153846154,1,0.00100973944209004,"Uterine Carcinosarcoma","Primary Tumor"
"7282",0.796442307692308,1,0.00100945784807049,"Uterine Carcinosarcoma","Primary Tumor"
"7283",0.796538461538462,1,0.0010090523959424,"Uterine Carcinosarcoma","Primary Tumor"
"7284",0.796634615384615,1,0.00100876434383079,"Uterine Carcinosarcoma","Primary Tumor"
"7285",0.796730769230769,1,0.00100858420434469,"Uterine Carcinosarcoma","Primary Tumor"
"7286",0.796826923076923,1,0.00100851481729392,"Uterine Carcinosarcoma","Primary Tumor"
"7287",0.796923076923077,1,0.0010078982899413,"Uterine Carcinosarcoma","Primary Tumor"
"7288",0.797019230769231,1,0.00100784470399584,"Uterine Carcinosarcoma","Primary Tumor"
"7289",0.797115384615385,1,0.00100688305320396,"Uterine Carcinosarcoma","Primary Tumor"
"7290",0.797211538461538,1,0.00100669722845925,"Uterine Carcinosarcoma","Primary Tumor"
"7291",0.797307692307692,1,0.00100599896880837,"Uterine Carcinosarcoma","Primary Tumor"
"7292",0.797403846153846,1,0.00100533555401616,"Uterine Carcinosarcoma","Primary Tumor"
"7293",0.7975,1,0.00100414784450409,"Uterine Carcinosarcoma","Primary Tumor"
"7294",0.797596153846154,1,0.00100379802727535,"Uterine Carcinosarcoma","Primary Tumor"
"7295",0.797692307692308,1,0.0010023876750499,"Uterine Carcinosarcoma","Primary Tumor"
"7296",0.797788461538462,1,0.0010023728947145,"Uterine Carcinosarcoma","Primary Tumor"
"7297",0.797884615384615,1,0.00100120948302862,"Uterine Carcinosarcoma","Primary Tumor"
"7298",0.797980769230769,1,0.0010006689271318,"Uterine Carcinosarcoma","Primary Tumor"
"7299",0.798076923076923,1,0.00100033160703694,"Uterine Carcinosarcoma","Primary Tumor"
"7300",0.798173076923077,1,0.00100002946260735,"Uterine Carcinosarcoma","Primary Tumor"
"7301",0.798269230769231,1,0.000999668544447552,"Uterine Carcinosarcoma","Primary Tumor"
"7302",0.798365384615385,1,0.000999619006693209,"Uterine Carcinosarcoma","Primary Tumor"
"7303",0.798461538461538,1,0.000999553923261454,"Uterine Carcinosarcoma","Primary Tumor"
"7304",0.798557692307692,1,0.000999439448027162,"Uterine Carcinosarcoma","Primary Tumor"
"7305",0.798653846153846,1,0.000997719542217057,"Uterine Carcinosarcoma","Primary Tumor"
"7306",0.79875,1,0.000997532572522219,"Uterine Carcinosarcoma","Primary Tumor"
"7307",0.798846153846154,1,0.000997345029980723,"Uterine Carcinosarcoma","Primary Tumor"
"7308",0.798942307692308,1,0.000996389878766935,"Uterine Carcinosarcoma","Primary Tumor"
"7309",0.799038461538462,1,0.000996139252741113,"Uterine Carcinosarcoma","Primary Tumor"
"7310",0.799134615384615,1,0.000994649869034303,"Uterine Carcinosarcoma","Primary Tumor"
"7311",0.799230769230769,1,0.000994625777752445,"Uterine Carcinosarcoma","Primary Tumor"
"7312",0.799326923076923,1,0.000994130465619025,"Uterine Carcinosarcoma","Primary Tumor"
"7313",0.799423076923077,1,0.000993742719356816,"Uterine Carcinosarcoma","Primary Tumor"
"7314",0.799519230769231,1,0.000992793529327796,"Uterine Carcinosarcoma","Primary Tumor"
"7315",0.799615384615385,1,0.000992193086791437,"Uterine Carcinosarcoma","Primary Tumor"
"7316",0.799711538461538,1,0.000991856857183282,"Uterine Carcinosarcoma","Primary Tumor"
"7317",0.799807692307692,1,0.000991710041590377,"Uterine Carcinosarcoma","Primary Tumor"
"7318",0.799903846153846,1,0.000990695312418577,"Uterine Carcinosarcoma","Primary Tumor"
"7319",0.8,1,0.000990362398535116,"Uterine Carcinosarcoma","Primary Tumor"
"7320",0.800096153846154,1,0.00099015069294428,"Uterine Carcinosarcoma","Primary Tumor"
"7321",0.800192307692308,1,0.000989738908146576,"Uterine Carcinosarcoma","Primary Tumor"
"7322",0.800288461538462,1,0.000989362420252604,"Uterine Carcinosarcoma","Primary Tumor"
"7323",0.800384615384615,1,0.000989227894278577,"Uterine Carcinosarcoma","Primary Tumor"
"7324",0.800480769230769,1,0.000989205041213137,"Uterine Carcinosarcoma","Primary Tumor"
"7325",0.800576923076923,1,0.000988504049024952,"Uterine Carcinosarcoma","Primary Tumor"
"7326",0.800673076923077,1,0.000988426778150697,"Uterine Carcinosarcoma","Primary Tumor"
"7327",0.800769230769231,1,0.000988281156329318,"Uterine Carcinosarcoma","Primary Tumor"
"7328",0.800865384615385,1,0.000987097961920314,"Uterine Carcinosarcoma","Primary Tumor"
"7329",0.800961538461539,1,0.000986821561682838,"Uterine Carcinosarcoma","Primary Tumor"
"7330",0.801057692307692,1,0.000986017619128199,"Uterine Carcinosarcoma","Primary Tumor"
"7331",0.801153846153846,1,0.000985624126589979,"Uterine Carcinosarcoma","Primary Tumor"
"7332",0.80125,1,0.000984516076007913,"Uterine Carcinosarcoma","Primary Tumor"
"7333",0.801346153846154,1,0.00098433616479543,"Uterine Carcinosarcoma","Primary Tumor"
"7334",0.801442307692308,1,0.000984143566864493,"Uterine Carcinosarcoma","Primary Tumor"
"7335",0.801538461538462,1,0.000983442733603179,"Uterine Carcinosarcoma","Primary Tumor"
"7336",0.801634615384615,1,0.00098320200045332,"Uterine Carcinosarcoma","Primary Tumor"
"7337",0.801730769230769,1,0.000981764963380205,"Uterine Carcinosarcoma","Primary Tumor"
"7338",0.801826923076923,1,0.000981448552961672,"Uterine Carcinosarcoma","Primary Tumor"
"7339",0.801923076923077,1,0.000981435629282656,"Uterine Carcinosarcoma","Primary Tumor"
"7340",0.802019230769231,1,0.000981314465649197,"Uterine Carcinosarcoma","Primary Tumor"
"7341",0.802115384615385,1,0.000980468463087081,"Uterine Carcinosarcoma","Primary Tumor"
"7342",0.802211538461538,1,0.000980358395275105,"Uterine Carcinosarcoma","Primary Tumor"
"7343",0.802307692307692,1,0.000980091459327537,"Uterine Carcinosarcoma","Primary Tumor"
"7344",0.802403846153846,1,0.000980066682778835,"Uterine Carcinosarcoma","Primary Tumor"
"7345",0.8025,1,0.000979877906999271,"Uterine Carcinosarcoma","Primary Tumor"
"7346",0.802596153846154,1,0.000979488293947783,"Uterine Carcinosarcoma","Primary Tumor"
"7347",0.802692307692308,1,0.000979219606445425,"Uterine Carcinosarcoma","Primary Tumor"
"7348",0.802788461538462,1,0.000978714689475191,"Uterine Carcinosarcoma","Primary Tumor"
"7349",0.802884615384615,1,0.000978561691994284,"Uterine Carcinosarcoma","Primary Tumor"
"7350",0.802980769230769,1,0.00097775313213988,"Uterine Carcinosarcoma","Primary Tumor"
"7351",0.803076923076923,1,0.000976758511206155,"Uterine Carcinosarcoma","Primary Tumor"
"7352",0.803173076923077,1,0.000975585799706469,"Uterine Carcinosarcoma","Primary Tumor"
"7353",0.803269230769231,1,0.000975042652243352,"Uterine Carcinosarcoma","Primary Tumor"
"7354",0.803365384615385,1,0.000974851497516416,"Uterine Carcinosarcoma","Primary Tumor"
"7355",0.803461538461538,1,0.00097441761050121,"Uterine Carcinosarcoma","Primary Tumor"
"7356",0.803557692307692,1,0.000974188283812127,"Uterine Carcinosarcoma","Primary Tumor"
"7357",0.803653846153846,1,0.000973188224931976,"Uterine Carcinosarcoma","Primary Tumor"
"7358",0.80375,1,0.000972550476458278,"Uterine Carcinosarcoma","Primary Tumor"
"7359",0.803846153846154,1,0.00097228131147864,"Uterine Carcinosarcoma","Primary Tumor"
"7360",0.803942307692308,1,0.000972074390216848,"Uterine Carcinosarcoma","Primary Tumor"
"7361",0.804038461538462,1,0.000971953256947655,"Uterine Carcinosarcoma","Primary Tumor"
"7362",0.804134615384615,1,0.000971629532044993,"Uterine Carcinosarcoma","Primary Tumor"
"7363",0.804230769230769,1,0.000971612945169009,"Uterine Carcinosarcoma","Primary Tumor"
"7364",0.804326923076923,1,0.000970761321172686,"Uterine Carcinosarcoma","Primary Tumor"
"7365",0.804423076923077,1,0.000969978966351648,"Uterine Carcinosarcoma","Primary Tumor"
"7366",0.804519230769231,1,0.000969303714864034,"Uterine Carcinosarcoma","Primary Tumor"
"7367",0.804615384615385,1,0.000969164728257477,"Uterine Carcinosarcoma","Primary Tumor"
"7368",0.804711538461538,1,0.000968495369442324,"Uterine Carcinosarcoma","Primary Tumor"
"7369",0.804807692307692,1,0.00096796541797739,"Uterine Carcinosarcoma","Primary Tumor"
"7370",0.804903846153846,1,0.000967868404602723,"Uterine Carcinosarcoma","Primary Tumor"
"7371",0.805,1,0.000967352371741281,"Uterine Carcinosarcoma","Primary Tumor"
"7372",0.805096153846154,1,0.000966848956996502,"Uterine Carcinosarcoma","Primary Tumor"
"7373",0.805192307692308,1,0.000966448548193499,"Uterine Carcinosarcoma","Primary Tumor"
"7374",0.805288461538462,1,0.000965973674628806,"Uterine Carcinosarcoma","Primary Tumor"
"7375",0.805384615384615,1,0.000965581091841194,"Uterine Carcinosarcoma","Primary Tumor"
"7376",0.805480769230769,1,0.00096557720987589,"Uterine Carcinosarcoma","Primary Tumor"
"7377",0.805576923076923,1,0.000965291102521859,"Uterine Carcinosarcoma","Primary Tumor"
"7378",0.805673076923077,1,0.000964569119279557,"Uterine Carcinosarcoma","Primary Tumor"
"7379",0.805769230769231,1,0.000964551455516882,"Uterine Carcinosarcoma","Primary Tumor"
"7380",0.805865384615385,1,0.000963652176864227,"Uterine Carcinosarcoma","Primary Tumor"
"7381",0.805961538461539,1,0.000962674496816751,"Uterine Carcinosarcoma","Primary Tumor"
"7382",0.806057692307692,1,0.000962466947434515,"Uterine Carcinosarcoma","Primary Tumor"
"7383",0.806153846153846,1,0.000961804500061336,"Uterine Carcinosarcoma","Primary Tumor"
"7384",0.80625,1,0.000961764498268236,"Uterine Carcinosarcoma","Primary Tumor"
"7385",0.806346153846154,1,0.000961389311846861,"Uterine Carcinosarcoma","Primary Tumor"
"7386",0.806442307692308,1,0.000960931530591513,"Uterine Carcinosarcoma","Primary Tumor"
"7387",0.806538461538462,1,0.000960393613690824,"Uterine Carcinosarcoma","Primary Tumor"
"7388",0.806634615384615,1,0.00096018187576552,"Uterine Carcinosarcoma","Primary Tumor"
"7389",0.806730769230769,1,0.000959978366393943,"Uterine Carcinosarcoma","Primary Tumor"
"7390",0.806826923076923,1,0.000959615481882503,"Uterine Carcinosarcoma","Primary Tumor"
"7391",0.806923076923077,1,0.000958598150777479,"Uterine Carcinosarcoma","Primary Tumor"
"7392",0.807019230769231,1,0.000958264411599519,"Uterine Carcinosarcoma","Primary Tumor"
"7393",0.807115384615385,1,0.000958138645814066,"Uterine Carcinosarcoma","Primary Tumor"
"7394",0.807211538461538,1,0.000958131486768821,"Uterine Carcinosarcoma","Primary Tumor"
"7395",0.807307692307692,1,0.000958072918214814,"Uterine Carcinosarcoma","Primary Tumor"
"7396",0.807403846153846,1,0.000957177938912035,"Uterine Carcinosarcoma","Primary Tumor"
"7397",0.8075,1,0.00095644730702038,"Uterine Carcinosarcoma","Primary Tumor"
"7398",0.807596153846154,1,0.000956368069465419,"Uterine Carcinosarcoma","Primary Tumor"
"7399",0.807692307692308,1,0.000955994135730998,"Uterine Carcinosarcoma","Primary Tumor"
"7400",0.807788461538462,1,0.000955582483762818,"Uterine Carcinosarcoma","Primary Tumor"
"7401",0.807884615384615,1,0.000955089481473825,"Uterine Carcinosarcoma","Primary Tumor"
"7402",0.807980769230769,1,0.000954481581454725,"Uterine Carcinosarcoma","Primary Tumor"
"7403",0.808076923076923,1,0.000954270585107331,"Uterine Carcinosarcoma","Primary Tumor"
"7404",0.808173076923077,1,0.00095385486613897,"Uterine Carcinosarcoma","Primary Tumor"
"7405",0.808269230769231,1,0.000953434493493166,"Uterine Carcinosarcoma","Primary Tumor"
"7406",0.808365384615385,1,0.000952029103210794,"Uterine Carcinosarcoma","Primary Tumor"
"7407",0.808461538461538,1,0.00095084792483191,"Uterine Carcinosarcoma","Primary Tumor"
"7408",0.808557692307692,1,0.000950360693746655,"Uterine Carcinosarcoma","Primary Tumor"
"7409",0.808653846153846,1,0.000950208437320743,"Uterine Carcinosarcoma","Primary Tumor"
"7410",0.80875,1,0.000950203688245388,"Uterine Carcinosarcoma","Primary Tumor"
"7411",0.808846153846154,1,0.000949781574650532,"Uterine Carcinosarcoma","Primary Tumor"
"7412",0.808942307692308,1,0.000949614610040728,"Uterine Carcinosarcoma","Primary Tumor"
"7413",0.809038461538461,1,0.000948939964768636,"Uterine Carcinosarcoma","Primary Tumor"
"7414",0.809134615384615,1,0.000947820197909843,"Uterine Carcinosarcoma","Primary Tumor"
"7415",0.809230769230769,1,0.000947745052730098,"Uterine Carcinosarcoma","Primary Tumor"
"7416",0.809326923076923,1,0.000947441416194628,"Uterine Carcinosarcoma","Primary Tumor"
"7417",0.809423076923077,1,0.000947430953883832,"Uterine Carcinosarcoma","Primary Tumor"
"7418",0.809519230769231,1,0.000947061773763691,"Uterine Carcinosarcoma","Primary Tumor"
"7419",0.809615384615385,1,0.000946809100332069,"Uterine Carcinosarcoma","Primary Tumor"
"7420",0.809711538461538,1,0.000946640451896186,"Uterine Carcinosarcoma","Primary Tumor"
"7421",0.809807692307692,1,0.000945788585225871,"Uterine Carcinosarcoma","Primary Tumor"
"7422",0.809903846153846,1,0.000945786620938138,"Uterine Carcinosarcoma","Primary Tumor"
"7423",0.81,1,0.000945743469354943,"Uterine Carcinosarcoma","Primary Tumor"
"7424",0.810096153846154,1,0.000945479622703083,"Uterine Carcinosarcoma","Primary Tumor"
"7425",0.810192307692308,1,0.000944887245888371,"Uterine Carcinosarcoma","Primary Tumor"
"7426",0.810288461538462,1,0.000944291283466736,"Uterine Carcinosarcoma","Primary Tumor"
"7427",0.810384615384615,1,0.000943147703188596,"Uterine Carcinosarcoma","Primary Tumor"
"7428",0.810480769230769,1,0.000942589766655733,"Uterine Carcinosarcoma","Primary Tumor"
"7429",0.810576923076923,1,0.000942540010792303,"Uterine Carcinosarcoma","Primary Tumor"
"7430",0.810673076923077,1,0.000942279249681155,"Uterine Carcinosarcoma","Primary Tumor"
"7431",0.810769230769231,1,0.00094164371688632,"Uterine Carcinosarcoma","Primary Tumor"
"7432",0.810865384615385,1,0.000941577460431664,"Uterine Carcinosarcoma","Primary Tumor"
"7433",0.810961538461539,1,0.000941035807771051,"Uterine Carcinosarcoma","Primary Tumor"
"7434",0.811057692307692,1,0.000941021181618096,"Uterine Carcinosarcoma","Primary Tumor"
"7435",0.811153846153846,1,0.000939994541583777,"Uterine Carcinosarcoma","Primary Tumor"
"7436",0.81125,1,0.00093962749358667,"Uterine Carcinosarcoma","Primary Tumor"
"7437",0.811346153846154,1,0.000939447191960041,"Uterine Carcinosarcoma","Primary Tumor"
"7438",0.811442307692308,1,0.000938583147329974,"Uterine Carcinosarcoma","Primary Tumor"
"7439",0.811538461538462,1,0.000938542740614556,"Uterine Carcinosarcoma","Primary Tumor"
"7440",0.811634615384615,1,0.000938173841325329,"Uterine Carcinosarcoma","Primary Tumor"
"7441",0.811730769230769,1,0.000937771777243523,"Uterine Carcinosarcoma","Primary Tumor"
"7442",0.811826923076923,1,0.000937654510983377,"Uterine Carcinosarcoma","Primary Tumor"
"7443",0.811923076923077,1,0.000937615263434277,"Uterine Carcinosarcoma","Primary Tumor"
"7444",0.812019230769231,1,0.00093695016111861,"Uterine Carcinosarcoma","Primary Tumor"
"7445",0.812115384615385,1,0.00093605437000388,"Uterine Carcinosarcoma","Primary Tumor"
"7446",0.812211538461538,1,0.000935143711655595,"Uterine Carcinosarcoma","Primary Tumor"
"7447",0.812307692307692,1,0.000935047176206072,"Uterine Carcinosarcoma","Primary Tumor"
"7448",0.812403846153846,1,0.000934901917278075,"Uterine Carcinosarcoma","Primary Tumor"
"7449",0.8125,1,0.000934723828799777,"Uterine Carcinosarcoma","Primary Tumor"
"7450",0.812596153846154,1,0.000934647819233581,"Uterine Carcinosarcoma","Primary Tumor"
"7451",0.812692307692308,1,0.000934476217213431,"Uterine Carcinosarcoma","Primary Tumor"
"7452",0.812788461538462,1,0.000934366360838212,"Uterine Carcinosarcoma","Primary Tumor"
"7453",0.812884615384615,1,0.000934323710274465,"Uterine Carcinosarcoma","Primary Tumor"
"7454",0.812980769230769,1,0.000934124521500324,"Uterine Carcinosarcoma","Primary Tumor"
"7455",0.813076923076923,1,0.000933914224833798,"Uterine Carcinosarcoma","Primary Tumor"
"7456",0.813173076923077,1,0.000933609396779223,"Uterine Carcinosarcoma","Primary Tumor"
"7457",0.813269230769231,1,0.000933197357775084,"Uterine Carcinosarcoma","Primary Tumor"
"7458",0.813365384615385,1,0.000933160176570969,"Uterine Carcinosarcoma","Primary Tumor"
"7459",0.813461538461538,1,0.000932664975644149,"Uterine Carcinosarcoma","Primary Tumor"
"7460",0.813557692307692,1,0.00093230107803377,"Uterine Carcinosarcoma","Primary Tumor"
"7461",0.813653846153846,1,0.000932263342808826,"Uterine Carcinosarcoma","Primary Tumor"
"7462",0.81375,1,0.000932087255403391,"Uterine Carcinosarcoma","Primary Tumor"
"7463",0.813846153846154,1,0.000931981944234939,"Uterine Carcinosarcoma","Primary Tumor"
"7464",0.813942307692308,1,0.000931567277953071,"Uterine Carcinosarcoma","Primary Tumor"
"7465",0.814038461538461,1,0.000931363867195389,"Uterine Carcinosarcoma","Primary Tumor"
"7466",0.814134615384615,1,0.000931327613623689,"Uterine Carcinosarcoma","Primary Tumor"
"7467",0.814230769230769,1,0.000931025114949691,"Uterine Carcinosarcoma","Primary Tumor"
"7468",0.814326923076923,1,0.000930354899412844,"Uterine Carcinosarcoma","Primary Tumor"
"7469",0.814423076923077,1,0.00092990750534605,"Uterine Carcinosarcoma","Primary Tumor"
"7470",0.814519230769231,1,0.000929607880948757,"Uterine Carcinosarcoma","Primary Tumor"
"7471",0.814615384615385,1,0.000929406652429354,"Uterine Carcinosarcoma","Primary Tumor"
"7472",0.814711538461538,1,0.000928869153435707,"Uterine Carcinosarcoma","Primary Tumor"
"7473",0.814807692307692,1,0.000928676784213156,"Uterine Carcinosarcoma","Primary Tumor"
"7474",0.814903846153846,1,0.000928415758033041,"Uterine Carcinosarcoma","Primary Tumor"
"7475",0.815,1,0.000928402769164616,"Uterine Carcinosarcoma","Primary Tumor"
"7476",0.815096153846154,1,0.000926566768387094,"Uterine Carcinosarcoma","Primary Tumor"
"7477",0.815192307692308,1,0.000926565536058632,"Uterine Carcinosarcoma","Primary Tumor"
"7478",0.815288461538462,1,0.000926527287647416,"Uterine Carcinosarcoma","Primary Tumor"
"7479",0.815384615384615,1,0.000926517490850376,"Uterine Carcinosarcoma","Primary Tumor"
"7480",0.815480769230769,1,0.000926478506590445,"Uterine Carcinosarcoma","Primary Tumor"
"7481",0.815576923076923,1,0.000926406747266184,"Uterine Carcinosarcoma","Primary Tumor"
"7482",0.815673076923077,1,0.000924273679889898,"Uterine Carcinosarcoma","Primary Tumor"
"7483",0.815769230769231,1,0.000923059705068008,"Uterine Carcinosarcoma","Primary Tumor"
"7484",0.815865384615385,1,0.000922729244582698,"Uterine Carcinosarcoma","Primary Tumor"
"7485",0.815961538461539,1,0.000921951021131129,"Uterine Carcinosarcoma","Primary Tumor"
"7486",0.816057692307692,1,0.000921236971071826,"Uterine Carcinosarcoma","Primary Tumor"
"7487",0.816153846153846,1,0.000921146080654967,"Uterine Carcinosarcoma","Primary Tumor"
"7488",0.81625,1,0.000920173319264417,"Uterine Carcinosarcoma","Primary Tumor"
"7489",0.816346153846154,1,0.000920122857313244,"Uterine Carcinosarcoma","Primary Tumor"
"7490",0.816442307692308,1,0.000918934643881153,"Uterine Carcinosarcoma","Primary Tumor"
"7491",0.816538461538462,1,0.000918623395510187,"Uterine Carcinosarcoma","Primary Tumor"
"7492",0.816634615384615,1,0.00091848726160304,"Uterine Carcinosarcoma","Primary Tumor"
"7493",0.816730769230769,1,0.000918109853368265,"Uterine Carcinosarcoma","Primary Tumor"
"7494",0.816826923076923,1,0.000918069857387183,"Uterine Carcinosarcoma","Primary Tumor"
"7495",0.816923076923077,1,0.000917658346106132,"Uterine Carcinosarcoma","Primary Tumor"
"7496",0.817019230769231,1,0.00091759480154785,"Uterine Carcinosarcoma","Primary Tumor"
"7497",0.817115384615385,1,0.00091736854097102,"Uterine Carcinosarcoma","Primary Tumor"
"7498",0.817211538461538,1,0.000916599800104168,"Uterine Carcinosarcoma","Primary Tumor"
"7499",0.817307692307692,1,0.000916405015753186,"Uterine Carcinosarcoma","Primary Tumor"
"7500",0.817403846153846,1,0.000915970193927862,"Uterine Carcinosarcoma","Primary Tumor"
"7501",0.8175,1,0.000915238454910594,"Uterine Carcinosarcoma","Primary Tumor"
"7502",0.817596153846154,1,0.000915114591582,"Uterine Carcinosarcoma","Primary Tumor"
"7503",0.817692307692308,1,0.000914611972328561,"Uterine Carcinosarcoma","Primary Tumor"
"7504",0.817788461538462,1,0.000914111269339712,"Uterine Carcinosarcoma","Primary Tumor"
"7505",0.817884615384615,1,0.000912719181045407,"Uterine Carcinosarcoma","Primary Tumor"
"7506",0.817980769230769,1,0.000912494740126668,"Uterine Carcinosarcoma","Primary Tumor"
"7507",0.818076923076923,1,0.000912397343253324,"Uterine Carcinosarcoma","Primary Tumor"
"7508",0.818173076923077,1,0.000911932419669803,"Uterine Carcinosarcoma","Primary Tumor"
"7509",0.818269230769231,1,0.000911924430504363,"Uterine Carcinosarcoma","Primary Tumor"
"7510",0.818365384615385,1,0.000911872243361866,"Uterine Carcinosarcoma","Primary Tumor"
"7511",0.818461538461538,1,0.000910420803110878,"Uterine Carcinosarcoma","Primary Tumor"
"7512",0.818557692307692,1,0.000910187499497894,"Uterine Carcinosarcoma","Primary Tumor"
"7513",0.818653846153846,1,0.000910161558762557,"Uterine Carcinosarcoma","Primary Tumor"
"7514",0.81875,1,0.000909364073747643,"Uterine Carcinosarcoma","Primary Tumor"
"7515",0.818846153846154,1,0.000908603896736859,"Uterine Carcinosarcoma","Primary Tumor"
"7516",0.818942307692308,1,0.000908414292924431,"Uterine Carcinosarcoma","Primary Tumor"
"7517",0.819038461538461,1,0.000907089703227504,"Uterine Carcinosarcoma","Primary Tumor"
"7518",0.819134615384615,1,0.000907048620923501,"Uterine Carcinosarcoma","Primary Tumor"
"7519",0.819230769230769,1,0.000906870604778787,"Uterine Carcinosarcoma","Primary Tumor"
"7520",0.819326923076923,1,0.000906447964476809,"Uterine Carcinosarcoma","Primary Tumor"
"7521",0.819423076923077,1,0.000906237280175914,"Uterine Carcinosarcoma","Primary Tumor"
"7522",0.819519230769231,1,0.000906140917271037,"Uterine Carcinosarcoma","Primary Tumor"
"7523",0.819615384615385,1,0.000905790018354891,"Uterine Carcinosarcoma","Primary Tumor"
"7524",0.819711538461538,1,0.000904770455456783,"Uterine Carcinosarcoma","Primary Tumor"
"7525",0.819807692307692,1,0.000904258058347152,"Uterine Carcinosarcoma","Primary Tumor"
"7526",0.819903846153846,1,0.000904064717013431,"Uterine Carcinosarcoma","Primary Tumor"
"7527",0.82,1,0.000903969279016148,"Uterine Carcinosarcoma","Primary Tumor"
"7528",0.820096153846154,1,0.000903268250891265,"Uterine Carcinosarcoma","Primary Tumor"
"7529",0.820192307692308,1,0.000902948716434926,"Uterine Carcinosarcoma","Primary Tumor"
"7530",0.820288461538462,1,0.000902820041681518,"Uterine Carcinosarcoma","Primary Tumor"
"7531",0.820384615384615,1,0.000902802331745001,"Uterine Carcinosarcoma","Primary Tumor"
"7532",0.820480769230769,1,0.000902793001885782,"Uterine Carcinosarcoma","Primary Tumor"
"7533",0.820576923076923,1,0.000902791945720183,"Uterine Carcinosarcoma","Primary Tumor"
"7534",0.820673076923077,1,0.000901381487227959,"Uterine Carcinosarcoma","Primary Tumor"
"7535",0.820769230769231,1,0.000900693659395713,"Uterine Carcinosarcoma","Primary Tumor"
"7536",0.820865384615385,1,0.000900049874272391,"Uterine Carcinosarcoma","Primary Tumor"
"7537",0.820961538461538,1,0.000900045777537106,"Uterine Carcinosarcoma","Primary Tumor"
"7538",0.821057692307692,1,0.000899515034970655,"Uterine Carcinosarcoma","Primary Tumor"
"7539",0.821153846153846,1,0.000898879444186096,"Uterine Carcinosarcoma","Primary Tumor"
"7540",0.82125,1,0.000898715790550231,"Uterine Carcinosarcoma","Primary Tumor"
"7541",0.821346153846154,1,0.000898691733616452,"Uterine Carcinosarcoma","Primary Tumor"
"7542",0.821442307692308,1,0.000898442757710893,"Uterine Carcinosarcoma","Primary Tumor"
"7543",0.821538461538462,1,0.000898205406136832,"Uterine Carcinosarcoma","Primary Tumor"
"7544",0.821634615384615,1,0.000897878863537538,"Uterine Carcinosarcoma","Primary Tumor"
"7545",0.821730769230769,1,0.000897546680806549,"Uterine Carcinosarcoma","Primary Tumor"
"7546",0.821826923076923,1,0.000897288906422156,"Uterine Carcinosarcoma","Primary Tumor"
"7547",0.821923076923077,1,0.000897258795647615,"Uterine Carcinosarcoma","Primary Tumor"
"7548",0.822019230769231,1,0.000897223261540514,"Uterine Carcinosarcoma","Primary Tumor"
"7549",0.822115384615385,1,0.000896834567691962,"Uterine Carcinosarcoma","Primary Tumor"
"7550",0.822211538461538,1,0.000896408363507573,"Uterine Carcinosarcoma","Primary Tumor"
"7551",0.822307692307692,1,0.000896130815020824,"Uterine Carcinosarcoma","Primary Tumor"
"7552",0.8225,1,0.000896096133505497,"Uterine Carcinosarcoma","Primary Tumor"
"7553",0.822596153846154,1,0.000895155505752698,"Uterine Carcinosarcoma","Primary Tumor"
"7554",0.822692307692308,1,0.000895142942519356,"Uterine Carcinosarcoma","Primary Tumor"
"7555",0.822788461538462,1,0.0008949618690135,"Uterine Carcinosarcoma","Primary Tumor"
"7556",0.822884615384615,1,0.000894448059956976,"Uterine Carcinosarcoma","Primary Tumor"
"7557",0.822980769230769,1,0.000894185295860828,"Uterine Carcinosarcoma","Primary Tumor"
"7558",0.823076923076923,1,0.000893778835825199,"Uterine Carcinosarcoma","Primary Tumor"
"7559",0.823173076923077,1,0.000893660052553535,"Uterine Carcinosarcoma","Primary Tumor"
"7560",0.823269230769231,1,0.000893269936905305,"Uterine Carcinosarcoma","Primary Tumor"
"7561",0.823365384615385,1,0.000893085051664411,"Uterine Carcinosarcoma","Primary Tumor"
"7562",0.823461538461538,1,0.000892589061284421,"Uterine Carcinosarcoma","Primary Tumor"
"7563",0.823557692307692,1,0.000892341393534668,"Uterine Carcinosarcoma","Primary Tumor"
"7564",0.823653846153846,1,0.000891716606796211,"Uterine Carcinosarcoma","Primary Tumor"
"7565",0.82375,1,0.000891642831160389,"Uterine Carcinosarcoma","Primary Tumor"
"7566",0.823846153846154,1,0.000890474139000785,"Uterine Carcinosarcoma","Primary Tumor"
"7567",0.823942307692308,1,0.000889917274161101,"Uterine Carcinosarcoma","Primary Tumor"
"7568",0.824038461538461,1,0.000889829755077343,"Uterine Carcinosarcoma","Primary Tumor"
"7569",0.824134615384615,1,0.000889642806999213,"Uterine Carcinosarcoma","Primary Tumor"
"7570",0.824230769230769,1,0.000889398717436651,"Uterine Carcinosarcoma","Primary Tumor"
"7571",0.824326923076923,1,0.00088894344252799,"Uterine Carcinosarcoma","Primary Tumor"
"7572",0.824423076923077,1,0.000888839671699504,"Uterine Carcinosarcoma","Primary Tumor"
"7573",0.824519230769231,1,0.000887483191953975,"Uterine Carcinosarcoma","Primary Tumor"
"7574",0.824615384615385,1,0.000886215366293186,"Uterine Carcinosarcoma","Primary Tumor"
"7575",0.824711538461538,1,0.000886132189361621,"Uterine Carcinosarcoma","Primary Tumor"
"7576",0.824807692307692,1,0.000886106047959911,"Uterine Carcinosarcoma","Primary Tumor"
"7577",0.824903846153846,1,0.000885185647978459,"Uterine Carcinosarcoma","Primary Tumor"
"7578",0.825,1,0.000885103284002819,"Uterine Carcinosarcoma","Primary Tumor"
"7579",0.825096153846154,1,0.000884736868878244,"Uterine Carcinosarcoma","Primary Tumor"
"7580",0.825192307692308,1,0.000884372640270636,"Uterine Carcinosarcoma","Primary Tumor"
"7581",0.825288461538462,1,0.000884041532237423,"Uterine Carcinosarcoma","Primary Tumor"
"7582",0.825384615384615,1,0.000884015490321577,"Uterine Carcinosarcoma","Primary Tumor"
"7583",0.825480769230769,1,0.000883239116032275,"Uterine Carcinosarcoma","Primary Tumor"
"7584",0.825576923076923,1,0.000883234657865328,"Uterine Carcinosarcoma","Primary Tumor"
"7585",0.825673076923077,1,0.000883108804740407,"Uterine Carcinosarcoma","Primary Tumor"
"7586",0.825769230769231,1,0.000883063458824274,"Uterine Carcinosarcoma","Primary Tumor"
"7587",0.825865384615385,1,0.000882786783737766,"Uterine Carcinosarcoma","Primary Tumor"
"7588",0.825961538461538,1,0.000880942092474135,"Uterine Carcinosarcoma","Primary Tumor"
"7589",0.826057692307692,1,0.000880833937130232,"Uterine Carcinosarcoma","Primary Tumor"
"7590",0.826153846153846,1,0.000880621485086941,"Uterine Carcinosarcoma","Primary Tumor"
"7591",0.82625,1,0.000879907498378851,"Uterine Carcinosarcoma","Primary Tumor"
"7592",0.826346153846154,1,0.000879764145472528,"Uterine Carcinosarcoma","Primary Tumor"
"7593",0.826442307692308,1,0.000879728115046108,"Uterine Carcinosarcoma","Primary Tumor"
"7594",0.826538461538462,1,0.000879561492030168,"Uterine Carcinosarcoma","Primary Tumor"
"7595",0.826634615384615,1,0.000879166189010738,"Uterine Carcinosarcoma","Primary Tumor"
"7596",0.826730769230769,1,0.000878458375272562,"Uterine Carcinosarcoma","Primary Tumor"
"7597",0.826826923076923,1,0.000878075480893914,"Uterine Carcinosarcoma","Primary Tumor"
"7598",0.826923076923077,1,0.000877348692676194,"Uterine Carcinosarcoma","Primary Tumor"
"7599",0.827019230769231,1,0.000876995278627057,"Uterine Carcinosarcoma","Primary Tumor"
"7600",0.827115384615385,1,0.000876801744403299,"Uterine Carcinosarcoma","Primary Tumor"
"7601",0.827211538461538,1,0.000876784825213139,"Uterine Carcinosarcoma","Primary Tumor"
"7602",0.827307692307692,1,0.000876733368444182,"Uterine Carcinosarcoma","Primary Tumor"
"7603",0.827403846153846,1,0.000876104900749186,"Uterine Carcinosarcoma","Primary Tumor"
"7604",0.8275,1,0.00087610391141113,"Uterine Carcinosarcoma","Primary Tumor"
"7605",0.827596153846154,1,0.000875682967865665,"Uterine Carcinosarcoma","Primary Tumor"
"7606",0.827692307692308,1,0.000875336543742278,"Uterine Carcinosarcoma","Primary Tumor"
"7607",0.827788461538462,1,0.000875294746104149,"Uterine Carcinosarcoma","Primary Tumor"
"7608",0.827884615384615,1,0.000874955927585019,"Uterine Carcinosarcoma","Primary Tumor"
"7609",0.827980769230769,1,0.000874771530763763,"Uterine Carcinosarcoma","Primary Tumor"
"7610",0.828076923076923,1,0.000874393276964369,"Uterine Carcinosarcoma","Primary Tumor"
"7611",0.828173076923077,1,0.000874282552658756,"Uterine Carcinosarcoma","Primary Tumor"
"7612",0.828269230769231,1,0.000873737672249852,"Uterine Carcinosarcoma","Primary Tumor"
"7613",0.828365384615385,1,0.000873636781719478,"Uterine Carcinosarcoma","Primary Tumor"
"7614",0.828461538461538,1,0.000873176748026672,"Uterine Carcinosarcoma","Primary Tumor"
"7615",0.828557692307692,1,0.000872737113725486,"Uterine Carcinosarcoma","Primary Tumor"
"7616",0.828653846153846,1,0.000872414066991789,"Uterine Carcinosarcoma","Primary Tumor"
"7617",0.82875,1,0.000872259671245157,"Uterine Carcinosarcoma","Primary Tumor"
"7618",0.828846153846154,1,0.000872100749854443,"Uterine Carcinosarcoma","Primary Tumor"
"7619",0.828942307692308,1,0.000872076002932709,"Uterine Carcinosarcoma","Primary Tumor"
"7620",0.829038461538462,1,0.000870695015133927,"Uterine Carcinosarcoma","Primary Tumor"
"7621",0.829134615384615,1,0.0008702452320698,"Uterine Carcinosarcoma","Primary Tumor"
"7622",0.829230769230769,1,0.000870095192087472,"Uterine Carcinosarcoma","Primary Tumor"
"7623",0.829326923076923,1,0.00086961183803691,"Uterine Carcinosarcoma","Primary Tumor"
"7624",0.829423076923077,1,0.000869493790615183,"Uterine Carcinosarcoma","Primary Tumor"
"7625",0.829519230769231,1,0.000869443102989975,"Uterine Carcinosarcoma","Primary Tumor"
"7626",0.829615384615385,1,0.00086912696862107,"Uterine Carcinosarcoma","Primary Tumor"
"7627",0.829711538461538,1,0.000868986672289518,"Uterine Carcinosarcoma","Primary Tumor"
"7628",0.829807692307692,1,0.000868299189382471,"Uterine Carcinosarcoma","Primary Tumor"
"7629",0.829903846153846,1,0.000868082740046461,"Uterine Carcinosarcoma","Primary Tumor"
"7630",0.83,1,0.000867660022757732,"Uterine Carcinosarcoma","Primary Tumor"
"7631",0.830096153846154,1,0.000867308629161179,"Uterine Carcinosarcoma","Primary Tumor"
"7632",0.830192307692308,1,0.000867018001328157,"Uterine Carcinosarcoma","Primary Tumor"
"7633",0.830288461538462,1,0.000866777054708057,"Uterine Carcinosarcoma","Primary Tumor"
"7634",0.830384615384615,1,0.00086557956917499,"Uterine Carcinosarcoma","Primary Tumor"
"7635",0.830480769230769,1,0.000864664343397603,"Uterine Carcinosarcoma","Primary Tumor"
"7636",0.830576923076923,1,0.000863593776327387,"Uterine Carcinosarcoma","Primary Tumor"
"7637",0.830673076923077,1,0.000862990711977485,"Uterine Carcinosarcoma","Primary Tumor"
"7638",0.830769230769231,1,0.000862898455994965,"Uterine Carcinosarcoma","Primary Tumor"
"7639",0.830865384615385,1,0.00086227768914926,"Uterine Carcinosarcoma","Primary Tumor"
"7640",0.830961538461538,1,0.000861992320298488,"Uterine Carcinosarcoma","Primary Tumor"
"7641",0.831057692307692,1,0.000861765168713502,"Uterine Carcinosarcoma","Primary Tumor"
"7642",0.831153846153846,1,0.000861537112057387,"Uterine Carcinosarcoma","Primary Tumor"
"7643",0.83125,1,0.000861095670577239,"Uterine Carcinosarcoma","Primary Tumor"
"7644",0.831346153846154,1,0.000860365779909111,"Uterine Carcinosarcoma","Primary Tumor"
"7645",0.831442307692308,1,0.000860269249790102,"Uterine Carcinosarcoma","Primary Tumor"
"7646",0.831538461538462,1,0.000859634268370768,"Uterine Carcinosarcoma","Primary Tumor"
"7647",0.831634615384615,1,0.000859005909150112,"Uterine Carcinosarcoma","Primary Tumor"
"7648",0.831730769230769,1,0.000858423229054939,"Uterine Carcinosarcoma","Primary Tumor"
"7649",0.831826923076923,1,0.000858253165256562,"Uterine Carcinosarcoma","Primary Tumor"
"7650",0.831923076923077,1,0.000858111299213649,"Uterine Carcinosarcoma","Primary Tumor"
"7651",0.832019230769231,1,0.000857530179893207,"Uterine Carcinosarcoma","Primary Tumor"
"7652",0.832115384615385,1,0.000856934494280592,"Uterine Carcinosarcoma","Primary Tumor"
"7653",0.832211538461539,1,0.000856544488100242,"Uterine Carcinosarcoma","Primary Tumor"
"7654",0.832307692307692,1,0.000855914743704722,"Uterine Carcinosarcoma","Primary Tumor"
"7655",0.832403846153846,1,0.000855298428528495,"Uterine Carcinosarcoma","Primary Tumor"
"7656",0.8325,1,0.000855128318896892,"Uterine Carcinosarcoma","Primary Tumor"
"7657",0.832596153846154,1,0.000854904830839165,"Uterine Carcinosarcoma","Primary Tumor"
"7658",0.832692307692308,1,0.000853933822637765,"Uterine Carcinosarcoma","Primary Tumor"
"7659",0.832788461538462,1,0.000853422855139008,"Uterine Carcinosarcoma","Primary Tumor"
"7660",0.832884615384615,1,0.000852796768438746,"Uterine Carcinosarcoma","Primary Tumor"
"7661",0.832980769230769,1,0.000852254487105797,"Uterine Carcinosarcoma","Primary Tumor"
"7662",0.833076923076923,1,0.000852020756340055,"Uterine Carcinosarcoma","Primary Tumor"
"7663",0.833173076923077,1,0.000851948188374085,"Uterine Carcinosarcoma","Primary Tumor"
"7664",0.833269230769231,1,0.000851847319121912,"Uterine Carcinosarcoma","Primary Tumor"
"7665",0.833365384615385,1,0.000851525962527799,"Uterine Carcinosarcoma","Primary Tumor"
"7666",0.833461538461538,1,0.000851262552642118,"Uterine Carcinosarcoma","Primary Tumor"
"7667",0.833557692307692,1,0.000850849946644527,"Uterine Carcinosarcoma","Primary Tumor"
"7668",0.833653846153846,1,0.000850448220464428,"Uterine Carcinosarcoma","Primary Tumor"
"7669",0.83375,1,0.000850072103924182,"Uterine Carcinosarcoma","Primary Tumor"
"7670",0.833846153846154,1,0.000849802741734962,"Uterine Carcinosarcoma","Primary Tumor"
"7671",0.833942307692308,1,0.000849646495365675,"Uterine Carcinosarcoma","Primary Tumor"
"7672",0.834038461538462,1,0.000849020348386964,"Uterine Carcinosarcoma","Primary Tumor"
"7673",0.834134615384615,1,0.000848657360544181,"Uterine Carcinosarcoma","Primary Tumor"
"7674",0.834230769230769,1,0.000848420236101322,"Uterine Carcinosarcoma","Primary Tumor"
"7675",0.834326923076923,1,0.000848257421768639,"Uterine Carcinosarcoma","Primary Tumor"
"7676",0.834423076923077,1,0.000847787941394507,"Uterine Carcinosarcoma","Primary Tumor"
"7677",0.834519230769231,1,0.000847181402445663,"Uterine Carcinosarcoma","Primary Tumor"
"7678",0.834615384615385,1,0.000846789804396342,"Uterine Carcinosarcoma","Primary Tumor"
"7679",0.834711538461538,1,0.000846728390719309,"Uterine Carcinosarcoma","Primary Tumor"
"7680",0.834807692307692,1,0.000846454016845244,"Uterine Carcinosarcoma","Primary Tumor"
"7681",0.834903846153846,1,0.000845456392508992,"Uterine Carcinosarcoma","Primary Tumor"
"7682",0.835,1,0.000845277706718273,"Uterine Carcinosarcoma","Primary Tumor"
"7683",0.835096153846154,1,0.000844938185271982,"Uterine Carcinosarcoma","Primary Tumor"
"7684",0.835192307692308,1,0.000843319454851721,"Uterine Carcinosarcoma","Primary Tumor"
"7685",0.835288461538462,1,0.000843283467647393,"Uterine Carcinosarcoma","Primary Tumor"
"7686",0.835384615384615,1,0.000842864119472986,"Uterine Carcinosarcoma","Primary Tumor"
"7687",0.835480769230769,1,0.000842263096101692,"Uterine Carcinosarcoma","Primary Tumor"
"7688",0.835576923076923,1,0.000842216345227853,"Uterine Carcinosarcoma","Primary Tumor"
"7689",0.835673076923077,1,0.000841902165316544,"Uterine Carcinosarcoma","Primary Tumor"
"7690",0.835769230769231,1,0.000841869180709831,"Uterine Carcinosarcoma","Primary Tumor"
"7691",0.835865384615385,1,0.000841778233505508,"Uterine Carcinosarcoma","Primary Tumor"
"7692",0.835961538461538,1,0.000841204927663708,"Uterine Carcinosarcoma","Primary Tumor"
"7693",0.836057692307692,1,0.00084041464759943,"Uterine Carcinosarcoma","Primary Tumor"
"7694",0.836153846153846,1,0.000839533634739986,"Uterine Carcinosarcoma","Primary Tumor"
"7695",0.83625,1,0.000838286302969338,"Uterine Carcinosarcoma","Primary Tumor"
"7696",0.836346153846154,1,0.000838234382250613,"Uterine Carcinosarcoma","Primary Tumor"
"7697",0.836442307692308,1,0.000837705709784697,"Uterine Carcinosarcoma","Primary Tumor"
"7698",0.836538461538462,1,0.00083742534558473,"Uterine Carcinosarcoma","Primary Tumor"
"7699",0.836634615384615,1,0.000837344318930344,"Uterine Carcinosarcoma","Primary Tumor"
"7700",0.836730769230769,1,0.000837332257519363,"Uterine Carcinosarcoma","Primary Tumor"
"7701",0.836826923076923,1,0.000836210281318306,"Uterine Carcinosarcoma","Primary Tumor"
"7702",0.836923076923077,1,0.000835914355087231,"Uterine Carcinosarcoma","Primary Tumor"
"7703",0.837019230769231,1,0.000835340652457384,"Uterine Carcinosarcoma","Primary Tumor"
"7704",0.837115384615385,1,0.00083529699524687,"Uterine Carcinosarcoma","Primary Tumor"
"7705",0.837211538461539,1,0.000835141938969386,"Uterine Carcinosarcoma","Primary Tumor"
"7706",0.837307692307692,1,0.000834946421039651,"Uterine Carcinosarcoma","Primary Tumor"
"7707",0.837403846153846,1,0.000834626830008678,"Uterine Carcinosarcoma","Primary Tumor"
"7708",0.8375,1,0.000834617735595233,"Uterine Carcinosarcoma","Primary Tumor"
"7709",0.837596153846154,1,0.000834321903069424,"Uterine Carcinosarcoma","Primary Tumor"
"7710",0.837692307692308,1,0.000834146605698249,"Uterine Carcinosarcoma","Primary Tumor"
"7711",0.837788461538462,1,0.000833884884660741,"Uterine Carcinosarcoma","Primary Tumor"
"7712",0.837884615384615,1,0.0008333982037666,"Uterine Carcinosarcoma","Primary Tumor"
"7713",0.837980769230769,1,0.000833159353707424,"Uterine Carcinosarcoma","Primary Tumor"
"7714",0.838076923076923,1,0.000832662348948854,"Uterine Carcinosarcoma","Primary Tumor"
"7715",0.838173076923077,1,0.000832477307775914,"Uterine Carcinosarcoma","Primary Tumor"
"7716",0.838269230769231,1,0.000832468703566347,"Uterine Carcinosarcoma","Primary Tumor"
"7717",0.838365384615385,1,0.000832274423789081,"Uterine Carcinosarcoma","Primary Tumor"
"7718",0.838461538461538,1,0.000832254497157625,"Uterine Carcinosarcoma","Primary Tumor"
"7719",0.838557692307692,1,0.000832205747164916,"Uterine Carcinosarcoma","Primary Tumor"
"7720",0.838653846153846,1,0.000832162132771819,"Uterine Carcinosarcoma","Primary Tumor"
"7721",0.83875,1,0.00083207255482598,"Uterine Carcinosarcoma","Primary Tumor"
"7722",0.838846153846154,1,0.00083153152884774,"Uterine Carcinosarcoma","Primary Tumor"
"7723",0.838942307692308,1,0.000831449940416062,"Uterine Carcinosarcoma","Primary Tumor"
"7724",0.839038461538462,1,0.000831105414646371,"Uterine Carcinosarcoma","Primary Tumor"
"7725",0.839134615384615,1,0.000830523441279207,"Uterine Carcinosarcoma","Primary Tumor"
"7726",0.839230769230769,1,0.000830220350660382,"Uterine Carcinosarcoma","Primary Tumor"
"7727",0.839326923076923,1,0.000829881009719369,"Uterine Carcinosarcoma","Primary Tumor"
"7728",0.839423076923077,1,0.000829558550954679,"Uterine Carcinosarcoma","Primary Tumor"
"7729",0.839519230769231,1,0.000828720708145325,"Uterine Carcinosarcoma","Primary Tumor"
"7730",0.839615384615385,1,0.000828705720252843,"Uterine Carcinosarcoma","Primary Tumor"
"7731",0.839711538461538,1,0.000828572261636129,"Uterine Carcinosarcoma","Primary Tumor"
"7732",0.839807692307692,1,0.000828089922769393,"Uterine Carcinosarcoma","Primary Tumor"
"7733",0.839903846153846,1,0.000827219601762907,"Uterine Carcinosarcoma","Primary Tumor"
"7734",0.84,1,0.000827034313913622,"Uterine Carcinosarcoma","Primary Tumor"
"7735",0.840096153846154,1,0.000826327205696309,"Uterine Carcinosarcoma","Primary Tumor"
"7736",0.840192307692308,1,0.000826123005686075,"Uterine Carcinosarcoma","Primary Tumor"
"7737",0.840288461538461,1,0.000825881985236365,"Uterine Carcinosarcoma","Primary Tumor"
"7738",0.840384615384615,1,0.000825438696360092,"Uterine Carcinosarcoma","Primary Tumor"
"7739",0.840480769230769,1,0.000824374886077228,"Uterine Carcinosarcoma","Primary Tumor"
"7740",0.840576923076923,1,0.000823121837808083,"Uterine Carcinosarcoma","Primary Tumor"
"7741",0.840673076923077,1,0.000822817387539199,"Uterine Carcinosarcoma","Primary Tumor"
"7742",0.840769230769231,1,0.000822629712225909,"Uterine Carcinosarcoma","Primary Tumor"
"7743",0.840865384615385,1,0.000821954381319157,"Uterine Carcinosarcoma","Primary Tumor"
"7744",0.840961538461538,1,0.000820661056479155,"Uterine Carcinosarcoma","Primary Tumor"
"7745",0.841057692307692,1,0.00081988913004738,"Uterine Carcinosarcoma","Primary Tumor"
"7746",0.841153846153846,1,0.000819101899565688,"Uterine Carcinosarcoma","Primary Tumor"
"7747",0.84125,1,0.000818200984332385,"Uterine Carcinosarcoma","Primary Tumor"
"7748",0.841346153846154,1,0.000817983619233242,"Uterine Carcinosarcoma","Primary Tumor"
"7749",0.841442307692308,1,0.000817674460028672,"Uterine Carcinosarcoma","Primary Tumor"
"7750",0.841538461538462,1,0.000817572954119661,"Uterine Carcinosarcoma","Primary Tumor"
"7751",0.841634615384615,1,0.000817335289232113,"Uterine Carcinosarcoma","Primary Tumor"
"7752",0.841730769230769,1,0.000817104366990673,"Uterine Carcinosarcoma","Primary Tumor"
"7753",0.841826923076923,1,0.000817030205883529,"Uterine Carcinosarcoma","Primary Tumor"
"7754",0.841923076923077,1,0.000816104344182,"Uterine Carcinosarcoma","Primary Tumor"
"7755",0.842019230769231,1,0.000815683498904041,"Uterine Carcinosarcoma","Primary Tumor"
"7756",0.842115384615385,1,0.000814943860514061,"Uterine Carcinosarcoma","Primary Tumor"
"7757",0.842211538461539,1,0.000814096005983589,"Uterine Carcinosarcoma","Primary Tumor"
"7758",0.842307692307692,1,0.000814027734683087,"Uterine Carcinosarcoma","Primary Tumor"
"7759",0.842403846153846,1,0.000813894334526388,"Uterine Carcinosarcoma","Primary Tumor"
"7760",0.8425,1,0.000813445821578163,"Uterine Carcinosarcoma","Primary Tumor"
"7761",0.842596153846154,1,0.000812521507477681,"Uterine Carcinosarcoma","Primary Tumor"
"7762",0.842692307692308,1,0.000812406408974065,"Uterine Carcinosarcoma","Primary Tumor"
"7763",0.842788461538462,1,0.000812182491873981,"Uterine Carcinosarcoma","Primary Tumor"
"7764",0.842884615384615,1,0.000812117135048696,"Uterine Carcinosarcoma","Primary Tumor"
"7765",0.842980769230769,1,0.000811958034246718,"Uterine Carcinosarcoma","Primary Tumor"
"7766",0.843076923076923,1,0.000811254471867695,"Uterine Carcinosarcoma","Primary Tumor"
"7767",0.843173076923077,1,0.000811077892768686,"Uterine Carcinosarcoma","Primary Tumor"
"7768",0.843269230769231,1,0.000811017448424045,"Uterine Carcinosarcoma","Primary Tumor"
"7769",0.843365384615385,1,0.000809470408369317,"Uterine Carcinosarcoma","Primary Tumor"
"7770",0.843461538461538,1,0.000809422798122017,"Uterine Carcinosarcoma","Primary Tumor"
"7771",0.843557692307692,1,0.000809142691375553,"Uterine Carcinosarcoma","Primary Tumor"
"7772",0.843653846153846,1,0.000809087065981817,"Uterine Carcinosarcoma","Primary Tumor"
"7773",0.84375,1,0.000808821103980173,"Uterine Carcinosarcoma","Primary Tumor"
"7774",0.843846153846154,1,0.000808792403645286,"Uterine Carcinosarcoma","Primary Tumor"
"7775",0.843942307692308,1,0.000808438533527855,"Uterine Carcinosarcoma","Primary Tumor"
"7776",0.844038461538462,1,0.00080842544019466,"Uterine Carcinosarcoma","Primary Tumor"
"7777",0.844134615384615,1,0.000808361109555955,"Uterine Carcinosarcoma","Primary Tumor"
"7778",0.844230769230769,1,0.000807450429209156,"Uterine Carcinosarcoma","Primary Tumor"
"7779",0.844326923076923,1,0.000806901321025899,"Uterine Carcinosarcoma","Primary Tumor"
"7780",0.844423076923077,1,0.000806743558724676,"Uterine Carcinosarcoma","Primary Tumor"
"7781",0.844519230769231,1,0.000806639580832269,"Uterine Carcinosarcoma","Primary Tumor"
"7782",0.844615384615385,1,0.000806406127172976,"Uterine Carcinosarcoma","Primary Tumor"
"7783",0.844711538461538,1,0.000805865772908199,"Uterine Carcinosarcoma","Primary Tumor"
"7784",0.844807692307692,1,0.000805358216414143,"Uterine Carcinosarcoma","Primary Tumor"
"7785",0.844903846153846,1,0.000804586069991786,"Uterine Carcinosarcoma","Primary Tumor"
"7786",0.845,1,0.000803793264167019,"Uterine Carcinosarcoma","Primary Tumor"
"7787",0.845096153846154,1,0.000802516032069045,"Uterine Carcinosarcoma","Primary Tumor"
"7788",0.845192307692308,1,0.000802017922673537,"Uterine Carcinosarcoma","Primary Tumor"
"7789",0.845288461538461,1,0.000801844256501982,"Uterine Carcinosarcoma","Primary Tumor"
"7790",0.845384615384615,1,0.000801170862811396,"Uterine Carcinosarcoma","Primary Tumor"
"7791",0.845480769230769,1,0.000800824101069741,"Uterine Carcinosarcoma","Primary Tumor"
"7792",0.845576923076923,1,0.000800385754696098,"Uterine Carcinosarcoma","Primary Tumor"
"7793",0.845673076923077,1,0.000800071557560678,"Uterine Carcinosarcoma","Primary Tumor"
"7794",0.845769230769231,1,0.000799858961144984,"Uterine Carcinosarcoma","Primary Tumor"
"7795",0.845865384615385,1,0.000799519264178983,"Uterine Carcinosarcoma","Primary Tumor"
"7796",0.845961538461538,1,0.000799372484826089,"Uterine Carcinosarcoma","Primary Tumor"
"7797",0.846057692307692,1,0.000799111331385438,"Uterine Carcinosarcoma","Primary Tumor"
"7798",0.846153846153846,1,0.000799033910302893,"Uterine Carcinosarcoma","Primary Tumor"
"7799",0.84625,1,0.000798984989059726,"Uterine Carcinosarcoma","Primary Tumor"
"7800",0.846346153846154,1,0.00079871930493447,"Uterine Carcinosarcoma","Primary Tumor"
"7801",0.846442307692308,1,0.000797334610272871,"Uterine Carcinosarcoma","Primary Tumor"
"7802",0.846538461538462,1,0.000796771407527763,"Uterine Carcinosarcoma","Primary Tumor"
"7803",0.846634615384615,1,0.000796563031217778,"Uterine Carcinosarcoma","Primary Tumor"
"7804",0.846730769230769,1,0.000795324285449484,"Uterine Carcinosarcoma","Primary Tumor"
"7805",0.846826923076923,1,0.00079482196075753,"Uterine Carcinosarcoma","Primary Tumor"
"7806",0.846923076923077,1,0.000793572455853875,"Uterine Carcinosarcoma","Primary Tumor"
"7807",0.847019230769231,1,0.000793164791164203,"Uterine Carcinosarcoma","Primary Tumor"
"7808",0.847115384615385,1,0.000792785512488847,"Uterine Carcinosarcoma","Primary Tumor"
"7809",0.847211538461539,1,0.00079260272251136,"Uterine Carcinosarcoma","Primary Tumor"
"7810",0.847307692307692,1,0.000792516179806579,"Uterine Carcinosarcoma","Primary Tumor"
"7811",0.847403846153846,1,0.000792200308441848,"Uterine Carcinosarcoma","Primary Tumor"
"7812",0.8475,1,0.00079203302944475,"Uterine Carcinosarcoma","Primary Tumor"
"7813",0.847596153846154,1,0.000791944120777655,"Uterine Carcinosarcoma","Primary Tumor"
"7814",0.847692307692308,1,0.000791815224208015,"Uterine Carcinosarcoma","Primary Tumor"
"7815",0.847788461538462,1,0.000791519487052694,"Uterine Carcinosarcoma","Primary Tumor"
"7816",0.847884615384615,1,0.000791284174047946,"Uterine Carcinosarcoma","Primary Tumor"
"7817",0.847980769230769,1,0.00079126271050256,"Uterine Carcinosarcoma","Primary Tumor"
"7818",0.848076923076923,1,0.000790944123422732,"Uterine Carcinosarcoma","Primary Tumor"
"7819",0.848173076923077,1,0.000790090544760536,"Uterine Carcinosarcoma","Primary Tumor"
"7820",0.848269230769231,1,0.000789771498319713,"Uterine Carcinosarcoma","Primary Tumor"
"7821",0.848365384615385,1,0.000789715797445134,"Uterine Carcinosarcoma","Primary Tumor"
"7822",0.848461538461538,1,0.000789271595017071,"Uterine Carcinosarcoma","Primary Tumor"
"7823",0.848557692307692,1,0.00078925590141754,"Uterine Carcinosarcoma","Primary Tumor"
"7824",0.848653846153846,1,0.000789188147539588,"Uterine Carcinosarcoma","Primary Tumor"
"7825",0.84875,1,0.000788788591543077,"Uterine Carcinosarcoma","Primary Tumor"
"7826",0.848846153846154,1,0.00078865977323217,"Uterine Carcinosarcoma","Primary Tumor"
"7827",0.848942307692308,1,0.000788149541047556,"Uterine Carcinosarcoma","Primary Tumor"
"7828",0.849038461538462,1,0.000787935407915996,"Uterine Carcinosarcoma","Primary Tumor"
"7829",0.849134615384615,1,0.000787002889338084,"Uterine Carcinosarcoma","Primary Tumor"
"7830",0.849230769230769,1,0.000785833089415489,"Uterine Carcinosarcoma","Primary Tumor"
"7831",0.849326923076923,1,0.000785479008174494,"Uterine Carcinosarcoma","Primary Tumor"
"7832",0.849423076923077,1,0.000785094635262107,"Uterine Carcinosarcoma","Primary Tumor"
"7833",0.849519230769231,1,0.000784848812528827,"Uterine Carcinosarcoma","Primary Tumor"
"7834",0.849615384615385,1,0.000784807685137889,"Uterine Carcinosarcoma","Primary Tumor"
"7835",0.849711538461538,1,0.000783395329238767,"Uterine Carcinosarcoma","Primary Tumor"
"7836",0.849807692307692,1,0.000783167221345527,"Uterine Carcinosarcoma","Primary Tumor"
"7837",0.849903846153846,1,0.000783063595266142,"Uterine Carcinosarcoma","Primary Tumor"
"7838",0.85,1,0.000782068031805805,"Uterine Carcinosarcoma","Primary Tumor"
"7839",0.850096153846154,1,0.000781907491035572,"Uterine Carcinosarcoma","Primary Tumor"
"7840",0.850192307692308,1,0.000781618913533011,"Uterine Carcinosarcoma","Primary Tumor"
"7841",0.850288461538461,1,0.000780832673430765,"Uterine Carcinosarcoma","Primary Tumor"
"7842",0.850384615384615,1,0.000780269289713642,"Uterine Carcinosarcoma","Primary Tumor"
"7843",0.850480769230769,1,0.000779932376738124,"Uterine Carcinosarcoma","Primary Tumor"
"7844",0.850576923076923,1,0.000779628916941277,"Uterine Carcinosarcoma","Primary Tumor"
"7845",0.850673076923077,1,0.000779064270301943,"Uterine Carcinosarcoma","Primary Tumor"
"7846",0.850769230769231,1,0.000777976354960352,"Uterine Carcinosarcoma","Primary Tumor"
"7847",0.850865384615385,1,0.000777948572222575,"Uterine Carcinosarcoma","Primary Tumor"
"7848",0.850961538461538,1,0.000776921589412893,"Uterine Carcinosarcoma","Primary Tumor"
"7849",0.851057692307692,1,0.000776848853205614,"Uterine Carcinosarcoma","Primary Tumor"
"7850",0.851153846153846,1,0.000776656451643931,"Uterine Carcinosarcoma","Primary Tumor"
"7851",0.85125,1,0.000776636788496488,"Uterine Carcinosarcoma","Primary Tumor"
"7852",0.851346153846154,1,0.000776610670783051,"Uterine Carcinosarcoma","Primary Tumor"
"7853",0.851442307692308,1,0.000776540206535725,"Uterine Carcinosarcoma","Primary Tumor"
"7854",0.851538461538462,1,0.00077639551584352,"Uterine Carcinosarcoma","Primary Tumor"
"7855",0.851634615384615,1,0.000775893473102585,"Uterine Carcinosarcoma","Primary Tumor"
"7856",0.851730769230769,1,0.000775691750806384,"Uterine Carcinosarcoma","Primary Tumor"
"7857",0.851826923076923,1,0.000774684775468937,"Uterine Carcinosarcoma","Primary Tumor"
"7858",0.851923076923077,1,0.000774657779979426,"Uterine Carcinosarcoma","Primary Tumor"
"7859",0.852019230769231,1,0.000774461177783459,"Uterine Carcinosarcoma","Primary Tumor"
"7860",0.852115384615385,1,0.000774075176908862,"Uterine Carcinosarcoma","Primary Tumor"
"7861",0.852211538461538,1,0.00077388981949833,"Uterine Carcinosarcoma","Primary Tumor"
"7862",0.852307692307692,1,0.000773758521361301,"Uterine Carcinosarcoma","Primary Tumor"
"7863",0.852403846153846,1,0.000772968656483464,"Uterine Carcinosarcoma","Primary Tumor"
"7864",0.8525,1,0.000772844967492192,"Uterine Carcinosarcoma","Primary Tumor"
"7865",0.852596153846154,1,0.00077214757604116,"Uterine Carcinosarcoma","Primary Tumor"
"7866",0.852692307692308,1,0.000771462753637819,"Uterine Carcinosarcoma","Primary Tumor"
"7867",0.852788461538462,1,0.000770774609443747,"Uterine Carcinosarcoma","Primary Tumor"
"7868",0.852884615384615,1,0.000770588594750987,"Uterine Carcinosarcoma","Primary Tumor"
"7869",0.852980769230769,1,0.000769805088325248,"Uterine Carcinosarcoma","Primary Tumor"
"7870",0.853076923076923,1,0.000769717453966146,"Uterine Carcinosarcoma","Primary Tumor"
"7871",0.853173076923077,1,0.000769197650171471,"Uterine Carcinosarcoma","Primary Tumor"
"7872",0.853269230769231,1,0.000768939702753935,"Uterine Carcinosarcoma","Primary Tumor"
"7873",0.853365384615385,1,0.000768889193842326,"Uterine Carcinosarcoma","Primary Tumor"
"7874",0.853461538461538,1,0.000767863990120743,"Uterine Carcinosarcoma","Primary Tumor"
"7875",0.853557692307692,1,0.000767591845936555,"Uterine Carcinosarcoma","Primary Tumor"
"7876",0.853653846153846,1,0.00076715674225003,"Uterine Carcinosarcoma","Primary Tumor"
"7877",0.85375,1,0.000766984280655802,"Uterine Carcinosarcoma","Primary Tumor"
"7878",0.853846153846154,1,0.000766772468362875,"Uterine Carcinosarcoma","Primary Tumor"
"7879",0.853942307692308,1,0.000766502059967977,"Uterine Carcinosarcoma","Primary Tumor"
"7880",0.854038461538462,1,0.000766059506506322,"Uterine Carcinosarcoma","Primary Tumor"
"7881",0.854134615384615,1,0.000765800854941601,"Uterine Carcinosarcoma","Primary Tumor"
"7882",0.854230769230769,1,0.000764446730859958,"Uterine Carcinosarcoma","Primary Tumor"
"7883",0.854326923076923,1,0.000764256445752287,"Uterine Carcinosarcoma","Primary Tumor"
"7884",0.854423076923077,1,0.00076410158523732,"Uterine Carcinosarcoma","Primary Tumor"
"7885",0.854519230769231,1,0.000762066055082222,"Uterine Carcinosarcoma","Primary Tumor"
"7886",0.854615384615385,1,0.000761633779343573,"Uterine Carcinosarcoma","Primary Tumor"
"7887",0.854711538461538,1,0.000761472833185506,"Uterine Carcinosarcoma","Primary Tumor"
"7888",0.854807692307692,1,0.000761368251366745,"Uterine Carcinosarcoma","Primary Tumor"
"7889",0.854903846153846,1,0.000760065000333099,"Uterine Carcinosarcoma","Primary Tumor"
"7890",0.855,1,0.000759482482927898,"Uterine Carcinosarcoma","Primary Tumor"
"7891",0.855096153846154,1,0.000759010315501851,"Uterine Carcinosarcoma","Primary Tumor"
"7892",0.855192307692308,1,0.000758998137224021,"Uterine Carcinosarcoma","Primary Tumor"
"7893",0.855288461538461,1,0.000758498083352044,"Uterine Carcinosarcoma","Primary Tumor"
"7894",0.855384615384615,1,0.000758340221256537,"Uterine Carcinosarcoma","Primary Tumor"
"7895",0.855480769230769,1,0.000758283492839129,"Uterine Carcinosarcoma","Primary Tumor"
"7896",0.855576923076923,1,0.000757387584450431,"Uterine Carcinosarcoma","Primary Tumor"
"7897",0.855673076923077,1,0.000757313307446772,"Uterine Carcinosarcoma","Primary Tumor"
"7898",0.855769230769231,1,0.000757116883941422,"Uterine Carcinosarcoma","Primary Tumor"
"7899",0.855865384615385,1,0.000756621276585823,"Uterine Carcinosarcoma","Primary Tumor"
"7900",0.855961538461538,1,0.000756463449391176,"Uterine Carcinosarcoma","Primary Tumor"
"7901",0.856057692307692,1,0.000756226336557253,"Uterine Carcinosarcoma","Primary Tumor"
"7902",0.856153846153846,1,0.000755864583450339,"Uterine Carcinosarcoma","Primary Tumor"
"7903",0.85625,1,0.000755157828123632,"Uterine Carcinosarcoma","Primary Tumor"
"7904",0.856346153846154,1,0.000754556164170417,"Uterine Carcinosarcoma","Primary Tumor"
"7905",0.856442307692308,1,0.000754092789700955,"Uterine Carcinosarcoma","Primary Tumor"
"7906",0.856538461538462,1,0.000753616964889403,"Uterine Carcinosarcoma","Primary Tumor"
"7907",0.856634615384615,1,0.000753111746059076,"Uterine Carcinosarcoma","Primary Tumor"
"7908",0.856730769230769,1,0.000753059520066546,"Uterine Carcinosarcoma","Primary Tumor"
"7909",0.856826923076923,1,0.000751247214415662,"Uterine Carcinosarcoma","Primary Tumor"
"7910",0.856923076923077,1,0.000751113961411698,"Uterine Carcinosarcoma","Primary Tumor"
"7911",0.857019230769231,1,0.000750861138537506,"Uterine Carcinosarcoma","Primary Tumor"
"7912",0.857115384615385,1,0.000749581155451651,"Uterine Carcinosarcoma","Primary Tumor"
"7913",0.857211538461538,1,0.000749569969509478,"Uterine Carcinosarcoma","Primary Tumor"
"7914",0.857307692307692,1,0.000748377610328088,"Uterine Carcinosarcoma","Primary Tumor"
"7915",0.857403846153846,1,0.000746897582072248,"Uterine Carcinosarcoma","Primary Tumor"
"7916",0.8575,1,0.000746839993324588,"Uterine Carcinosarcoma","Primary Tumor"
"7917",0.857596153846154,1,0.000746671657642972,"Uterine Carcinosarcoma","Primary Tumor"
"7918",0.857692307692308,1,0.000746100542506567,"Uterine Carcinosarcoma","Primary Tumor"
"7919",0.857788461538462,1,0.000746098030304676,"Uterine Carcinosarcoma","Primary Tumor"
"7920",0.857884615384615,1,0.000745624401444878,"Uterine Carcinosarcoma","Primary Tumor"
"7921",0.857980769230769,1,0.000745454938394174,"Uterine Carcinosarcoma","Primary Tumor"
"7922",0.858076923076923,1,0.000745005839247304,"Uterine Carcinosarcoma","Primary Tumor"
"7923",0.858173076923077,1,0.000744392956954054,"Uterine Carcinosarcoma","Primary Tumor"
"7924",0.858269230769231,1,0.00074364581871289,"Uterine Carcinosarcoma","Primary Tumor"
"7925",0.858365384615385,1,0.000743285764966406,"Uterine Carcinosarcoma","Primary Tumor"
"7926",0.858461538461538,1,0.000743223974216445,"Uterine Carcinosarcoma","Primary Tumor"
"7927",0.858557692307692,1,0.000740976901504764,"Uterine Carcinosarcoma","Primary Tumor"
"7928",0.858653846153846,1,0.000739465597657807,"Uterine Carcinosarcoma","Primary Tumor"
"7929",0.85875,1,0.0007393245320233,"Uterine Carcinosarcoma","Primary Tumor"
"7930",0.858846153846154,1,0.000738855657483106,"Uterine Carcinosarcoma","Primary Tumor"
"7931",0.858942307692308,1,0.000738541333562659,"Uterine Carcinosarcoma","Primary Tumor"
"7932",0.859038461538462,1,0.000738437040355477,"Uterine Carcinosarcoma","Primary Tumor"
"7933",0.859134615384615,1,0.000738310100691586,"Uterine Carcinosarcoma","Primary Tumor"
"7934",0.859230769230769,1,0.000738086523153325,"Uterine Carcinosarcoma","Primary Tumor"
"7935",0.859326923076923,1,0.000738065336212901,"Uterine Carcinosarcoma","Primary Tumor"
"7936",0.859423076923077,1,0.000737334948264112,"Uterine Carcinosarcoma","Primary Tumor"
"7937",0.859519230769231,1,0.000737294989437864,"Uterine Carcinosarcoma","Primary Tumor"
"7938",0.859615384615385,1,0.000736754158379482,"Uterine Carcinosarcoma","Primary Tumor"
"7939",0.859711538461538,1,0.000736611635703377,"Uterine Carcinosarcoma","Primary Tumor"
"7940",0.859807692307692,1,0.000736470394129163,"Uterine Carcinosarcoma","Primary Tumor"
"7941",0.859903846153846,1,0.000736315875157545,"Uterine Carcinosarcoma","Primary Tumor"
"7942",0.86,1,0.000736170809759629,"Uterine Carcinosarcoma","Primary Tumor"
"7943",0.860096153846154,1,0.000735817166966912,"Uterine Carcinosarcoma","Primary Tumor"
"7944",0.860192307692308,1,0.00073574552071809,"Uterine Carcinosarcoma","Primary Tumor"
"7945",0.860288461538462,1,0.000735529864931417,"Uterine Carcinosarcoma","Primary Tumor"
"7946",0.860384615384615,1,0.00073505161188947,"Uterine Carcinosarcoma","Primary Tumor"
"7947",0.860480769230769,1,0.000733941032263319,"Uterine Carcinosarcoma","Primary Tumor"
"7948",0.860576923076923,1,0.000733723542392872,"Uterine Carcinosarcoma","Primary Tumor"
"7949",0.860673076923077,1,0.000733663269503637,"Uterine Carcinosarcoma","Primary Tumor"
"7950",0.860769230769231,1,0.000733208926900542,"Uterine Carcinosarcoma","Primary Tumor"
"7951",0.860865384615385,1,0.000732630399640999,"Uterine Carcinosarcoma","Primary Tumor"
"7952",0.860961538461538,1,0.000732595716950613,"Uterine Carcinosarcoma","Primary Tumor"
"7953",0.861057692307692,1,0.000732517184229842,"Uterine Carcinosarcoma","Primary Tumor"
"7954",0.861153846153846,1,0.000731805009922537,"Uterine Carcinosarcoma","Primary Tumor"
"7955",0.86125,1,0.000731636866147634,"Uterine Carcinosarcoma","Primary Tumor"
"7956",0.861346153846154,1,0.00073025776884339,"Uterine Carcinosarcoma","Primary Tumor"
"7957",0.861442307692308,1,0.000729909938797291,"Uterine Carcinosarcoma","Primary Tumor"
"7958",0.861538461538462,1,0.000729387727753439,"Uterine Carcinosarcoma","Primary Tumor"
"7959",0.861634615384615,1,0.000728671117024793,"Uterine Carcinosarcoma","Primary Tumor"
"7960",0.861730769230769,1,0.000728613745080153,"Uterine Carcinosarcoma","Primary Tumor"
"7961",0.861826923076923,1,0.000728541493627555,"Uterine Carcinosarcoma","Primary Tumor"
"7962",0.861923076923077,1,0.000727438283307014,"Uterine Carcinosarcoma","Primary Tumor"
"7963",0.862019230769231,1,0.000727265727613391,"Uterine Carcinosarcoma","Primary Tumor"
"7964",0.862115384615385,1,0.000726902613408575,"Uterine Carcinosarcoma","Primary Tumor"
"7965",0.862211538461538,1,0.000726786720286143,"Uterine Carcinosarcoma","Primary Tumor"
"7966",0.862307692307692,1,0.00072664712123327,"Uterine Carcinosarcoma","Primary Tumor"
"7967",0.862403846153846,1,0.00072607602504271,"Uterine Carcinosarcoma","Primary Tumor"
"7968",0.8625,1,0.000725959885465977,"Uterine Carcinosarcoma","Primary Tumor"
"7969",0.862596153846154,1,0.000725730784644218,"Uterine Carcinosarcoma","Primary Tumor"
"7970",0.862692307692308,1,0.000725339542643089,"Uterine Carcinosarcoma","Primary Tumor"
"7971",0.862788461538462,1,0.000725223936462793,"Uterine Carcinosarcoma","Primary Tumor"
"7972",0.862884615384615,1,0.000724843447396872,"Uterine Carcinosarcoma","Primary Tumor"
"7973",0.862980769230769,1,0.000724186092108892,"Uterine Carcinosarcoma","Primary Tumor"
"7974",0.863076923076923,1,0.000723967088994693,"Uterine Carcinosarcoma","Primary Tumor"
"7975",0.863173076923077,1,0.000723727174216648,"Uterine Carcinosarcoma","Primary Tumor"
"7976",0.863269230769231,1,0.000722731775860352,"Uterine Carcinosarcoma","Primary Tumor"
"7977",0.863365384615385,1,0.000722300262257836,"Uterine Carcinosarcoma","Primary Tumor"
"7978",0.863461538461539,1,0.00072179700640429,"Uterine Carcinosarcoma","Primary Tumor"
"7979",0.863557692307692,1,0.000721773654974833,"Uterine Carcinosarcoma","Primary Tumor"
"7980",0.863653846153846,1,0.000721670125272689,"Uterine Carcinosarcoma","Primary Tumor"
"7981",0.86375,1,0.000721190731148291,"Uterine Carcinosarcoma","Primary Tumor"
"7982",0.863846153846154,1,0.000720922919567935,"Uterine Carcinosarcoma","Primary Tumor"
"7983",0.863942307692308,1,0.000720320195163215,"Uterine Carcinosarcoma","Primary Tumor"
"7984",0.864038461538462,1,0.000720101275086926,"Uterine Carcinosarcoma","Primary Tumor"
"7985",0.864134615384615,1,0.000719721978343024,"Uterine Carcinosarcoma","Primary Tumor"
"7986",0.864230769230769,1,0.000718117867864909,"Uterine Carcinosarcoma","Primary Tumor"
"7987",0.864326923076923,1,0.000717572995657889,"Uterine Carcinosarcoma","Primary Tumor"
"7988",0.864423076923077,1,0.000717244949391405,"Uterine Carcinosarcoma","Primary Tumor"
"7989",0.864519230769231,1,0.000717025154336581,"Uterine Carcinosarcoma","Primary Tumor"
"7990",0.864615384615385,1,0.000716646585766645,"Uterine Carcinosarcoma","Primary Tumor"
"7991",0.864711538461538,1,0.000716258943316839,"Uterine Carcinosarcoma","Primary Tumor"
"7992",0.864807692307692,1,0.000714143368475972,"Uterine Carcinosarcoma","Primary Tumor"
"7993",0.864903846153846,1,0.000714047288953856,"Uterine Carcinosarcoma","Primary Tumor"
"7994",0.865,1,0.000713567597386722,"Uterine Carcinosarcoma","Primary Tumor"
"7995",0.865096153846154,1,0.000712819934462372,"Uterine Carcinosarcoma","Primary Tumor"
"7996",0.865192307692308,1,0.000712747554086457,"Uterine Carcinosarcoma","Primary Tumor"
"7997",0.865288461538462,1,0.000712522191820941,"Uterine Carcinosarcoma","Primary Tumor"
"7998",0.865384615384615,1,0.000711701128788711,"Uterine Carcinosarcoma","Primary Tumor"
"7999",0.865480769230769,1,0.000711571985429704,"Uterine Carcinosarcoma","Primary Tumor"
"8000",0.865576923076923,1,0.000711398668765018,"Uterine Carcinosarcoma","Primary Tumor"
"8001",0.865673076923077,1,0.000711293679806491,"Uterine Carcinosarcoma","Primary Tumor"
"8002",0.865769230769231,1,0.000711073827030284,"Uterine Carcinosarcoma","Primary Tumor"
"8003",0.865865384615385,1,0.000709438330440793,"Uterine Carcinosarcoma","Primary Tumor"
"8004",0.865961538461538,1,0.000707675998710244,"Uterine Carcinosarcoma","Primary Tumor"
"8005",0.866057692307692,1,0.000707663522484747,"Uterine Carcinosarcoma","Primary Tumor"
"8006",0.866153846153846,1,0.000707297499071169,"Uterine Carcinosarcoma","Primary Tumor"
"8007",0.86625,1,0.000706983098486824,"Uterine Carcinosarcoma","Primary Tumor"
"8008",0.866346153846154,1,0.00070687289594773,"Uterine Carcinosarcoma","Primary Tumor"
"8009",0.866442307692308,1,0.000705998868873348,"Uterine Carcinosarcoma","Primary Tumor"
"8010",0.866538461538462,1,0.000705329267142174,"Uterine Carcinosarcoma","Primary Tumor"
"8011",0.866634615384615,1,0.000704892718159322,"Uterine Carcinosarcoma","Primary Tumor"
"8012",0.866730769230769,1,0.00070484598435927,"Uterine Carcinosarcoma","Primary Tumor"
"8013",0.866826923076923,1,0.000704421090946705,"Uterine Carcinosarcoma","Primary Tumor"
"8014",0.866923076923077,1,0.000704356847971876,"Uterine Carcinosarcoma","Primary Tumor"
"8015",0.867019230769231,1,0.000703950775569728,"Uterine Carcinosarcoma","Primary Tumor"
"8016",0.867115384615385,1,0.000703613663325275,"Uterine Carcinosarcoma","Primary Tumor"
"8017",0.867211538461538,1,0.00070342357151687,"Uterine Carcinosarcoma","Primary Tumor"
"8018",0.867307692307692,1,0.000703341576132388,"Uterine Carcinosarcoma","Primary Tumor"
"8019",0.867403846153846,1,0.00070312794587668,"Uterine Carcinosarcoma","Primary Tumor"
"8020",0.8675,1,0.000702775965216951,"Uterine Carcinosarcoma","Primary Tumor"
"8021",0.867596153846154,1,0.000702571318364376,"Uterine Carcinosarcoma","Primary Tumor"
"8022",0.867692307692308,1,0.000700445510624315,"Uterine Carcinosarcoma","Primary Tumor"
"8023",0.867788461538462,1,0.000699811022627395,"Uterine Carcinosarcoma","Primary Tumor"
"8024",0.867884615384615,1,0.000699218382861133,"Uterine Carcinosarcoma","Primary Tumor"
"8025",0.867980769230769,1,0.00069898322648787,"Uterine Carcinosarcoma","Primary Tumor"
"8026",0.868076923076923,1,0.0006989018533331,"Uterine Carcinosarcoma","Primary Tumor"
"8027",0.868173076923077,1,0.000698691975118515,"Uterine Carcinosarcoma","Primary Tumor"
"8028",0.868269230769231,1,0.000698624011934434,"Uterine Carcinosarcoma","Primary Tumor"
"8029",0.868365384615385,1,0.000697766491399299,"Uterine Carcinosarcoma","Primary Tumor"
"8030",0.868461538461539,1,0.000697679120587713,"Uterine Carcinosarcoma","Primary Tumor"
"8031",0.868557692307692,1,0.000697525682809785,"Uterine Carcinosarcoma","Primary Tumor"
"8032",0.868653846153846,1,0.000696886733682844,"Uterine Carcinosarcoma","Primary Tumor"
"8033",0.86875,1,0.00069672354132555,"Uterine Carcinosarcoma","Primary Tumor"
"8034",0.868846153846154,1,0.000696345942198251,"Uterine Carcinosarcoma","Primary Tumor"
"8035",0.868942307692308,1,0.000696257086541863,"Uterine Carcinosarcoma","Primary Tumor"
"8036",0.869038461538462,1,0.000696253312646666,"Uterine Carcinosarcoma","Primary Tumor"
"8037",0.869134615384615,1,0.000696122205450789,"Uterine Carcinosarcoma","Primary Tumor"
"8038",0.869230769230769,1,0.000696099764351144,"Uterine Carcinosarcoma","Primary Tumor"
"8039",0.869326923076923,1,0.000696036346727325,"Uterine Carcinosarcoma","Primary Tumor"
"8040",0.869423076923077,1,0.000695942910380665,"Uterine Carcinosarcoma","Primary Tumor"
"8041",0.869519230769231,1,0.000695295730624101,"Uterine Carcinosarcoma","Primary Tumor"
"8042",0.869615384615385,1,0.000695177697948579,"Uterine Carcinosarcoma","Primary Tumor"
"8043",0.869711538461538,1,0.000694823386690357,"Uterine Carcinosarcoma","Primary Tumor"
"8044",0.869807692307692,1,0.000694319743474114,"Uterine Carcinosarcoma","Primary Tumor"
"8045",0.869903846153846,1,0.000694150280435846,"Uterine Carcinosarcoma","Primary Tumor"
"8046",0.87,1,0.000694038540712927,"Uterine Carcinosarcoma","Primary Tumor"
"8047",0.870096153846154,1,0.000693953041663087,"Uterine Carcinosarcoma","Primary Tumor"
"8048",0.870192307692308,1,0.000692411343640731,"Uterine Carcinosarcoma","Primary Tumor"
"8049",0.870288461538462,1,0.000691987730099264,"Uterine Carcinosarcoma","Primary Tumor"
"8050",0.870384615384615,1,0.000691302267242455,"Uterine Carcinosarcoma","Primary Tumor"
"8051",0.870480769230769,1,0.00069065345784225,"Uterine Carcinosarcoma","Primary Tumor"
"8052",0.870576923076923,1,0.000690457373707987,"Uterine Carcinosarcoma","Primary Tumor"
"8053",0.870673076923077,1,0.000689797315746365,"Uterine Carcinosarcoma","Primary Tumor"
"8054",0.870769230769231,1,0.000689188984532407,"Uterine Carcinosarcoma","Primary Tumor"
"8055",0.870865384615385,1,0.000689033521731108,"Uterine Carcinosarcoma","Primary Tumor"
"8056",0.870961538461538,1,0.000688237557558868,"Uterine Carcinosarcoma","Primary Tumor"
"8057",0.871057692307692,1,0.000688061605156998,"Uterine Carcinosarcoma","Primary Tumor"
"8058",0.871153846153846,1,0.000687743188426793,"Uterine Carcinosarcoma","Primary Tumor"
"8059",0.87125,1,0.000687724260316713,"Uterine Carcinosarcoma","Primary Tumor"
"8060",0.871346153846154,1,0.000687588326446109,"Uterine Carcinosarcoma","Primary Tumor"
"8061",0.871442307692308,1,0.000687188486903967,"Uterine Carcinosarcoma","Primary Tumor"
"8062",0.871538461538461,1,0.000686807632410358,"Uterine Carcinosarcoma","Primary Tumor"
"8063",0.871634615384615,1,0.000686660449776277,"Uterine Carcinosarcoma","Primary Tumor"
"8064",0.871730769230769,1,0.000686186329015515,"Uterine Carcinosarcoma","Primary Tumor"
"8065",0.871826923076923,1,0.000686098778126754,"Uterine Carcinosarcoma","Primary Tumor"
"8066",0.871923076923077,1,0.000685979585465013,"Uterine Carcinosarcoma","Primary Tumor"
"8067",0.872019230769231,1,0.000684684926572809,"Uterine Carcinosarcoma","Primary Tumor"
"8068",0.872115384615385,1,0.000683866175179126,"Uterine Carcinosarcoma","Primary Tumor"
"8069",0.872211538461538,1,0.000683004056566516,"Uterine Carcinosarcoma","Primary Tumor"
"8070",0.872307692307692,1,0.000682823663580301,"Uterine Carcinosarcoma","Primary Tumor"
"8071",0.872403846153846,1,0.000682771342036537,"Uterine Carcinosarcoma","Primary Tumor"
"8072",0.8725,1,0.000682749564469787,"Uterine Carcinosarcoma","Primary Tumor"
"8073",0.872596153846154,1,0.000682113325866096,"Uterine Carcinosarcoma","Primary Tumor"
"8074",0.872692307692308,1,0.000681641400049005,"Uterine Carcinosarcoma","Primary Tumor"
"8075",0.872788461538462,1,0.00068144025871153,"Uterine Carcinosarcoma","Primary Tumor"
"8076",0.872884615384615,1,0.000681401141561566,"Uterine Carcinosarcoma","Primary Tumor"
"8077",0.872980769230769,1,0.000680423550758813,"Uterine Carcinosarcoma","Primary Tumor"
"8078",0.873076923076923,1,0.00068001736312151,"Uterine Carcinosarcoma","Primary Tumor"
"8079",0.873173076923077,1,0.000679817128167559,"Uterine Carcinosarcoma","Primary Tumor"
"8080",0.873269230769231,1,0.000679037997998067,"Uterine Carcinosarcoma","Primary Tumor"
"8081",0.873365384615385,1,0.000678255541320949,"Uterine Carcinosarcoma","Primary Tumor"
"8082",0.873461538461539,1,0.00067756210959935,"Uterine Carcinosarcoma","Primary Tumor"
"8083",0.873557692307692,1,0.000677209659527445,"Uterine Carcinosarcoma","Primary Tumor"
"8084",0.873653846153846,1,0.000676701427798743,"Uterine Carcinosarcoma","Primary Tumor"
"8085",0.87375,1,0.000676635080164911,"Uterine Carcinosarcoma","Primary Tumor"
"8086",0.873846153846154,1,0.000676618354194747,"Uterine Carcinosarcoma","Primary Tumor"
"8087",0.873942307692308,1,0.000676587871742185,"Uterine Carcinosarcoma","Primary Tumor"
"8088",0.874038461538462,1,0.00067657183157066,"Uterine Carcinosarcoma","Primary Tumor"
"8089",0.874134615384615,1,0.000674723262378829,"Uterine Carcinosarcoma","Primary Tumor"
"8090",0.874230769230769,1,0.000674658265746197,"Uterine Carcinosarcoma","Primary Tumor"
"8091",0.874326923076923,1,0.000674155839022639,"Uterine Carcinosarcoma","Primary Tumor"
"8092",0.874423076923077,1,0.000673248544313498,"Uterine Carcinosarcoma","Primary Tumor"
"8093",0.874519230769231,1,0.000673156731085145,"Uterine Carcinosarcoma","Primary Tumor"
"8094",0.874615384615385,1,0.00067208904291427,"Uterine Carcinosarcoma","Primary Tumor"
"8095",0.874711538461538,1,0.000671449412012692,"Uterine Carcinosarcoma","Primary Tumor"
"8096",0.874807692307692,1,0.000671400535922184,"Uterine Carcinosarcoma","Primary Tumor"
"8097",0.874903846153846,1,0.000670490431683879,"Uterine Carcinosarcoma","Primary Tumor"
"8098",0.875,1,0.000669215569497728,"Uterine Carcinosarcoma","Primary Tumor"
"8099",0.875096153846154,1,0.000669135929823206,"Uterine Carcinosarcoma","Primary Tumor"
"8100",0.875192307692308,1,0.00066878555322758,"Uterine Carcinosarcoma","Primary Tumor"
"8101",0.875288461538462,1,0.000668044899623133,"Uterine Carcinosarcoma","Primary Tumor"
"8102",0.875384615384615,1,0.000668028664001397,"Uterine Carcinosarcoma","Primary Tumor"
"8103",0.875480769230769,1,0.00066785683922943,"Uterine Carcinosarcoma","Primary Tumor"
"8104",0.875576923076923,1,0.000667709516874115,"Uterine Carcinosarcoma","Primary Tumor"
"8105",0.875673076923077,1,0.000667593757963103,"Uterine Carcinosarcoma","Primary Tumor"
"8106",0.875769230769231,1,0.000667575190813618,"Uterine Carcinosarcoma","Primary Tumor"
"8107",0.875865384615385,1,0.000667408553158499,"Uterine Carcinosarcoma","Primary Tumor"
"8108",0.875961538461538,1,0.000666855649238851,"Uterine Carcinosarcoma","Primary Tumor"
"8109",0.876057692307692,1,0.000666695648979032,"Uterine Carcinosarcoma","Primary Tumor"
"8110",0.876153846153846,1,0.000666681021472049,"Uterine Carcinosarcoma","Primary Tumor"
"8111",0.87625,1,0.000666505152758123,"Uterine Carcinosarcoma","Primary Tumor"
"8112",0.876346153846154,1,0.000666052100463665,"Uterine Carcinosarcoma","Primary Tumor"
"8113",0.876442307692308,1,0.000665895870639255,"Uterine Carcinosarcoma","Primary Tumor"
"8114",0.876538461538461,1,0.000665706077157657,"Uterine Carcinosarcoma","Primary Tumor"
"8115",0.876634615384615,1,0.000665469954750697,"Uterine Carcinosarcoma","Primary Tumor"
"8116",0.876730769230769,1,0.000665309980707129,"Uterine Carcinosarcoma","Primary Tumor"
"8117",0.876826923076923,1,0.0006652547253575,"Uterine Carcinosarcoma","Primary Tumor"
"8118",0.876923076923077,1,0.000663914877412797,"Uterine Carcinosarcoma","Primary Tumor"
"8119",0.877019230769231,1,0.000663675073427239,"Uterine Carcinosarcoma","Primary Tumor"
"8120",0.877115384615385,1,0.000663625257062761,"Uterine Carcinosarcoma","Primary Tumor"
"8121",0.877211538461538,1,0.000663532435964176,"Uterine Carcinosarcoma","Primary Tumor"
"8122",0.877307692307692,1,0.000663333395958476,"Uterine Carcinosarcoma","Primary Tumor"
"8123",0.877403846153846,1,0.000662703497970707,"Uterine Carcinosarcoma","Primary Tumor"
"8124",0.8775,1,0.000662686855881667,"Uterine Carcinosarcoma","Primary Tumor"
"8125",0.877596153846154,1,0.000662532221589185,"Uterine Carcinosarcoma","Primary Tumor"
"8126",0.877692307692308,1,0.000662150228558533,"Uterine Carcinosarcoma","Primary Tumor"
"8127",0.877788461538462,1,0.000662120946653078,"Uterine Carcinosarcoma","Primary Tumor"
"8128",0.877884615384615,1,0.000662094248613077,"Uterine Carcinosarcoma","Primary Tumor"
"8129",0.877980769230769,1,0.00066106138096067,"Uterine Carcinosarcoma","Primary Tumor"
"8130",0.878076923076923,1,0.000660587108419985,"Uterine Carcinosarcoma","Primary Tumor"
"8131",0.878173076923077,1,0.000660493079531865,"Uterine Carcinosarcoma","Primary Tumor"
"8132",0.878269230769231,1,0.000660261791648131,"Uterine Carcinosarcoma","Primary Tumor"
"8133",0.878365384615385,1,0.000660249316165262,"Uterine Carcinosarcoma","Primary Tumor"
"8134",0.878461538461539,1,0.000660070954226932,"Uterine Carcinosarcoma","Primary Tumor"
"8135",0.878557692307692,1,0.000659960693685901,"Uterine Carcinosarcoma","Primary Tumor"
"8136",0.878653846153846,1,0.00065960836842438,"Uterine Carcinosarcoma","Primary Tumor"
"8137",0.87875,1,0.000658751156786708,"Uterine Carcinosarcoma","Primary Tumor"
"8138",0.878846153846154,1,0.00065869075003766,"Uterine Carcinosarcoma","Primary Tumor"
"8139",0.878942307692308,1,0.000658243187761642,"Uterine Carcinosarcoma","Primary Tumor"
"8140",0.879038461538462,1,0.000657485275495473,"Uterine Carcinosarcoma","Primary Tumor"
"8141",0.879134615384615,1,0.000657364328417342,"Uterine Carcinosarcoma","Primary Tumor"
"8142",0.879230769230769,1,0.000657347709359768,"Uterine Carcinosarcoma","Primary Tumor"
"8143",0.879326923076923,1,0.000657113630223805,"Uterine Carcinosarcoma","Primary Tumor"
"8144",0.879423076923077,1,0.000656957400206659,"Uterine Carcinosarcoma","Primary Tumor"
"8145",0.879519230769231,1,0.000656357218480452,"Uterine Carcinosarcoma","Primary Tumor"
"8146",0.879615384615385,1,0.000656347751634589,"Uterine Carcinosarcoma","Primary Tumor"
"8147",0.879711538461538,1,0.000656312298642381,"Uterine Carcinosarcoma","Primary Tumor"
"8148",0.879807692307692,1,0.000656211840252108,"Uterine Carcinosarcoma","Primary Tumor"
"8149",0.879903846153846,1,0.000655986931007102,"Uterine Carcinosarcoma","Primary Tumor"
"8150",0.88,1,0.000655727283494834,"Uterine Carcinosarcoma","Primary Tumor"
"8151",0.880096153846154,1,0.00065484166368257,"Uterine Carcinosarcoma","Primary Tumor"
"8152",0.880192307692308,1,0.000654460393286649,"Uterine Carcinosarcoma","Primary Tumor"
"8153",0.880288461538462,1,0.000654415745019898,"Uterine Carcinosarcoma","Primary Tumor"
"8154",0.880384615384615,1,0.000653550610992482,"Uterine Carcinosarcoma","Primary Tumor"
"8155",0.880480769230769,1,0.000653298204081443,"Uterine Carcinosarcoma","Primary Tumor"
"8156",0.880576923076923,1,0.000653279132392437,"Uterine Carcinosarcoma","Primary Tumor"
"8157",0.880673076923077,1,0.000653082636114966,"Uterine Carcinosarcoma","Primary Tumor"
"8158",0.880769230769231,1,0.00065306295772094,"Uterine Carcinosarcoma","Primary Tumor"
"8159",0.880865384615385,1,0.000652395020007801,"Uterine Carcinosarcoma","Primary Tumor"
"8160",0.880961538461538,1,0.000652262985047614,"Uterine Carcinosarcoma","Primary Tumor"
"8161",0.881057692307692,1,0.000651840248964364,"Uterine Carcinosarcoma","Primary Tumor"
"8162",0.881153846153846,1,0.000651366229315942,"Uterine Carcinosarcoma","Primary Tumor"
"8163",0.88125,1,0.000649465737582067,"Uterine Carcinosarcoma","Primary Tumor"
"8164",0.881346153846154,1,0.000649013072465232,"Uterine Carcinosarcoma","Primary Tumor"
"8165",0.881442307692308,1,0.000648339855955249,"Uterine Carcinosarcoma","Primary Tumor"
"8166",0.881538461538461,1,0.000648149986879232,"Uterine Carcinosarcoma","Primary Tumor"
"8167",0.881634615384615,1,0.000647980901059775,"Uterine Carcinosarcoma","Primary Tumor"
"8168",0.881730769230769,1,0.000647793146252407,"Uterine Carcinosarcoma","Primary Tumor"
"8169",0.881826923076923,1,0.000647773376014515,"Uterine Carcinosarcoma","Primary Tumor"
"8170",0.881923076923077,1,0.000647429828966928,"Uterine Carcinosarcoma","Primary Tumor"
"8171",0.882019230769231,1,0.000647220718085872,"Uterine Carcinosarcoma","Primary Tumor"
"8172",0.882115384615385,1,0.000646943656658516,"Uterine Carcinosarcoma","Primary Tumor"
"8173",0.882211538461538,1,0.000646243863878571,"Uterine Carcinosarcoma","Primary Tumor"
"8174",0.882307692307692,1,0.000645482979412582,"Uterine Carcinosarcoma","Primary Tumor"
"8175",0.882403846153846,1,0.000645389485050551,"Uterine Carcinosarcoma","Primary Tumor"
"8176",0.8825,1,0.000645125234032706,"Uterine Carcinosarcoma","Primary Tumor"
"8177",0.882596153846154,1,0.000644177992036532,"Uterine Carcinosarcoma","Primary Tumor"
"8178",0.882692307692308,1,0.000643710593430491,"Uterine Carcinosarcoma","Primary Tumor"
"8179",0.882788461538462,1,0.00064356688987155,"Uterine Carcinosarcoma","Primary Tumor"
"8180",0.882884615384615,1,0.000642838495526155,"Uterine Carcinosarcoma","Primary Tumor"
"8181",0.882980769230769,1,0.000642310639609622,"Uterine Carcinosarcoma","Primary Tumor"
"8182",0.883076923076923,1,0.000641913685099693,"Uterine Carcinosarcoma","Primary Tumor"
"8183",0.883173076923077,1,0.000641817902203301,"Uterine Carcinosarcoma","Primary Tumor"
"8184",0.883269230769231,1,0.000640912836599505,"Uterine Carcinosarcoma","Primary Tumor"
"8185",0.883365384615385,1,0.000639947255535067,"Uterine Carcinosarcoma","Primary Tumor"
"8186",0.883461538461538,1,0.000639835399267819,"Uterine Carcinosarcoma","Primary Tumor"
"8187",0.883557692307692,1,0.000639338203101247,"Uterine Carcinosarcoma","Primary Tumor"
"8188",0.883653846153846,1,0.00063884676705761,"Uterine Carcinosarcoma","Primary Tumor"
"8189",0.88375,1,0.00063870350949391,"Uterine Carcinosarcoma","Primary Tumor"
"8190",0.883846153846154,1,0.000638119320708563,"Uterine Carcinosarcoma","Primary Tumor"
"8191",0.883942307692308,1,0.000637845582226015,"Uterine Carcinosarcoma","Primary Tumor"
"8192",0.884038461538462,1,0.000637295024244811,"Uterine Carcinosarcoma","Primary Tumor"
"8193",0.884134615384615,1,0.000637118168379081,"Uterine Carcinosarcoma","Primary Tumor"
"8194",0.884230769230769,1,0.0006371098418122,"Uterine Carcinosarcoma","Primary Tumor"
"8195",0.884326923076923,1,0.000636710463624457,"Uterine Carcinosarcoma","Primary Tumor"
"8196",0.884423076923077,1,0.000636423232096672,"Uterine Carcinosarcoma","Primary Tumor"
"8197",0.884519230769231,1,0.000635848582097531,"Uterine Carcinosarcoma","Primary Tumor"
"8198",0.884615384615385,1,0.000635715571468243,"Uterine Carcinosarcoma","Primary Tumor"
"8199",0.884711538461538,1,0.000635519229290837,"Uterine Carcinosarcoma","Primary Tumor"
"8200",0.884807692307692,1,0.000635237749423201,"Uterine Carcinosarcoma","Primary Tumor"
"8201",0.884903846153846,1,0.00063447643596104,"Uterine Carcinosarcoma","Primary Tumor"
"8202",0.885,1,0.000634436032243113,"Uterine Carcinosarcoma","Primary Tumor"
"8203",0.885096153846154,1,0.000633962920164266,"Uterine Carcinosarcoma","Primary Tumor"
"8204",0.885192307692308,1,0.000630471170958935,"Uterine Carcinosarcoma","Primary Tumor"
"8205",0.885288461538462,1,0.000630437821013796,"Uterine Carcinosarcoma","Primary Tumor"
"8206",0.885384615384615,1,0.000630431804439446,"Uterine Carcinosarcoma","Primary Tumor"
"8207",0.885480769230769,1,0.000630205982700249,"Uterine Carcinosarcoma","Primary Tumor"
"8208",0.885576923076923,1,0.000630070108517011,"Uterine Carcinosarcoma","Primary Tumor"
"8209",0.885673076923077,1,0.0006295440517603,"Uterine Carcinosarcoma","Primary Tumor"
"8210",0.885769230769231,1,0.000629271216305627,"Uterine Carcinosarcoma","Primary Tumor"
"8211",0.885865384615385,1,0.000628281693342392,"Uterine Carcinosarcoma","Primary Tumor"
"8212",0.885961538461538,1,0.000628045102878172,"Uterine Carcinosarcoma","Primary Tumor"
"8213",0.886057692307692,1,0.000627454615609424,"Uterine Carcinosarcoma","Primary Tumor"
"8214",0.886153846153846,1,0.000626692435075737,"Uterine Carcinosarcoma","Primary Tumor"
"8215",0.88625,1,0.000626203162892414,"Uterine Carcinosarcoma","Primary Tumor"
"8216",0.886346153846154,1,0.00062614106619352,"Uterine Carcinosarcoma","Primary Tumor"
"8217",0.886442307692308,1,0.00062570862329836,"Uterine Carcinosarcoma","Primary Tumor"
"8218",0.886538461538461,1,0.000625616128935191,"Uterine Carcinosarcoma","Primary Tumor"
"8219",0.886634615384615,1,0.000625504583520287,"Uterine Carcinosarcoma","Primary Tumor"
"8220",0.886730769230769,1,0.000625482240995789,"Uterine Carcinosarcoma","Primary Tumor"
"8221",0.886826923076923,1,0.00062545868895314,"Uterine Carcinosarcoma","Primary Tumor"
"8222",0.886923076923077,1,0.000624950315432304,"Uterine Carcinosarcoma","Primary Tumor"
"8223",0.887019230769231,1,0.000624850995154969,"Uterine Carcinosarcoma","Primary Tumor"
"8224",0.887115384615385,1,0.000624674213646981,"Uterine Carcinosarcoma","Primary Tumor"
"8225",0.887211538461538,1,0.000624573967896058,"Uterine Carcinosarcoma","Primary Tumor"
"8226",0.887307692307692,1,0.000624569643931761,"Uterine Carcinosarcoma","Primary Tumor"
"8227",0.887403846153846,1,0.000624200880775527,"Uterine Carcinosarcoma","Primary Tumor"
"8228",0.8875,1,0.000623014165188285,"Uterine Carcinosarcoma","Primary Tumor"
"8229",0.887596153846154,1,0.000622964616930677,"Uterine Carcinosarcoma","Primary Tumor"
"8230",0.887692307692308,1,0.000622956384247697,"Uterine Carcinosarcoma","Primary Tumor"
"8231",0.887788461538462,1,0.000622844272118561,"Uterine Carcinosarcoma","Primary Tumor"
"8232",0.887884615384615,1,0.000622802275658252,"Uterine Carcinosarcoma","Primary Tumor"
"8233",0.887980769230769,1,0.000622377451781952,"Uterine Carcinosarcoma","Primary Tumor"
"8234",0.888076923076923,1,0.000621268723600577,"Uterine Carcinosarcoma","Primary Tumor"
"8235",0.888173076923077,1,0.000620903218571667,"Uterine Carcinosarcoma","Primary Tumor"
"8236",0.888269230769231,1,0.000620828119656025,"Uterine Carcinosarcoma","Primary Tumor"
"8237",0.888365384615385,1,0.000620714217946516,"Uterine Carcinosarcoma","Primary Tumor"
"8238",0.888461538461538,1,0.000620306371364787,"Uterine Carcinosarcoma","Primary Tumor"
"8239",0.888557692307692,1,0.000619407830519281,"Uterine Carcinosarcoma","Primary Tumor"
"8240",0.888653846153846,1,0.000619136511841645,"Uterine Carcinosarcoma","Primary Tumor"
"8241",0.88875,1,0.000617721210405375,"Uterine Carcinosarcoma","Primary Tumor"
"8242",0.888846153846154,1,0.000617564402557891,"Uterine Carcinosarcoma","Primary Tumor"
"8243",0.888942307692308,1,0.000617382855302773,"Uterine Carcinosarcoma","Primary Tumor"
"8244",0.889038461538462,1,0.000617282284491094,"Uterine Carcinosarcoma","Primary Tumor"
"8245",0.889134615384615,1,0.000615733399197627,"Uterine Carcinosarcoma","Primary Tumor"
"8246",0.889230769230769,1,0.000615031095729246,"Uterine Carcinosarcoma","Primary Tumor"
"8247",0.889326923076923,1,0.00061501095670935,"Uterine Carcinosarcoma","Primary Tumor"
"8248",0.889423076923077,1,0.000613797783123982,"Uterine Carcinosarcoma","Primary Tumor"
"8249",0.889519230769231,1,0.000613045855974104,"Uterine Carcinosarcoma","Primary Tumor"
"8250",0.889615384615385,1,0.000613028905345758,"Uterine Carcinosarcoma","Primary Tumor"
"8251",0.889711538461538,1,0.000612744707325641,"Uterine Carcinosarcoma","Primary Tumor"
"8252",0.889807692307692,1,0.000612640165895573,"Uterine Carcinosarcoma","Primary Tumor"
"8253",0.889903846153846,1,0.000612509671129247,"Uterine Carcinosarcoma","Primary Tumor"
"8254",0.89,1,0.000612359104958493,"Uterine Carcinosarcoma","Primary Tumor"
"8255",0.890096153846154,1,0.000612144259508618,"Uterine Carcinosarcoma","Primary Tumor"
"8256",0.890192307692308,1,0.000611192494240909,"Uterine Carcinosarcoma","Primary Tumor"
"8257",0.890288461538462,1,0.000611067198747151,"Uterine Carcinosarcoma","Primary Tumor"
"8258",0.890384615384615,1,0.000610866730409776,"Uterine Carcinosarcoma","Primary Tumor"
"8259",0.890480769230769,1,0.000610516042990117,"Uterine Carcinosarcoma","Primary Tumor"
"8260",0.890576923076923,1,0.000609793546517245,"Uterine Carcinosarcoma","Primary Tumor"
"8261",0.890673076923077,1,0.000608434273372427,"Uterine Carcinosarcoma","Primary Tumor"
"8262",0.890769230769231,1,0.000607915152177618,"Uterine Carcinosarcoma","Primary Tumor"
"8263",0.890865384615385,1,0.000607748485284221,"Uterine Carcinosarcoma","Primary Tumor"
"8264",0.890961538461538,1,0.000607686217912962,"Uterine Carcinosarcoma","Primary Tumor"
"8265",0.891057692307692,1,0.000607333238235364,"Uterine Carcinosarcoma","Primary Tumor"
"8266",0.891153846153846,1,0.000607257362239322,"Uterine Carcinosarcoma","Primary Tumor"
"8267",0.89125,1,0.000607152259957555,"Uterine Carcinosarcoma","Primary Tumor"
"8268",0.891346153846154,1,0.000606754116847741,"Uterine Carcinosarcoma","Primary Tumor"
"8269",0.891442307692308,1,0.000606245687029383,"Uterine Carcinosarcoma","Primary Tumor"
"8270",0.891538461538462,1,0.000605688159022622,"Uterine Carcinosarcoma","Primary Tumor"
"8271",0.891634615384615,1,0.000604759171383029,"Uterine Carcinosarcoma","Primary Tumor"
"8272",0.891730769230769,1,0.000604279034141619,"Uterine Carcinosarcoma","Primary Tumor"
"8273",0.891826923076923,1,0.00060388403383782,"Uterine Carcinosarcoma","Primary Tumor"
"8274",0.891923076923077,1,0.000603869279280134,"Uterine Carcinosarcoma","Primary Tumor"
"8275",0.892019230769231,1,0.0006032825544251,"Uterine Carcinosarcoma","Primary Tumor"
"8276",0.892115384615385,1,0.000602905090317574,"Uterine Carcinosarcoma","Primary Tumor"
"8277",0.892211538461538,1,0.000601099740364819,"Uterine Carcinosarcoma","Primary Tumor"
"8278",0.892307692307692,1,0.000600913406825887,"Uterine Carcinosarcoma","Primary Tumor"
"8279",0.892403846153846,1,0.000600094193552003,"Uterine Carcinosarcoma","Primary Tumor"
"8280",0.8925,1,0.00059989720116671,"Uterine Carcinosarcoma","Primary Tumor"
"8281",0.892596153846154,1,0.000599510412862103,"Uterine Carcinosarcoma","Primary Tumor"
"8282",0.892692307692308,1,0.000598393346784687,"Uterine Carcinosarcoma","Primary Tumor"
"8283",0.892788461538462,1,0.000598339775973789,"Uterine Carcinosarcoma","Primary Tumor"
"8284",0.892884615384615,1,0.000598161799509778,"Uterine Carcinosarcoma","Primary Tumor"
"8285",0.892980769230769,1,0.00059786516390048,"Uterine Carcinosarcoma","Primary Tumor"
"8286",0.893076923076923,1,0.000595954658282105,"Uterine Carcinosarcoma","Primary Tumor"
"8287",0.893173076923077,1,0.000594206314594836,"Uterine Carcinosarcoma","Primary Tumor"
"8288",0.893269230769231,1,0.000594169361041175,"Uterine Carcinosarcoma","Primary Tumor"
"8289",0.893365384615385,1,0.000592017954366142,"Uterine Carcinosarcoma","Primary Tumor"
"8290",0.893461538461538,1,0.000591058537219635,"Uterine Carcinosarcoma","Primary Tumor"
"8291",0.893557692307692,1,0.000590210915519584,"Uterine Carcinosarcoma","Primary Tumor"
"8292",0.893653846153846,1,0.000590092488760074,"Uterine Carcinosarcoma","Primary Tumor"
"8293",0.89375,1,0.000589526118045525,"Uterine Carcinosarcoma","Primary Tumor"
"8294",0.893846153846154,1,0.000588031517956722,"Uterine Carcinosarcoma","Primary Tumor"
"8295",0.893942307692308,1,0.000587701910106486,"Uterine Carcinosarcoma","Primary Tumor"
"8296",0.894038461538462,1,0.000587534930330147,"Uterine Carcinosarcoma","Primary Tumor"
"8297",0.894134615384615,1,0.000587401820318134,"Uterine Carcinosarcoma","Primary Tumor"
"8298",0.894230769230769,1,0.000586645931720753,"Uterine Carcinosarcoma","Primary Tumor"
"8299",0.894326923076923,1,0.000586266992685158,"Uterine Carcinosarcoma","Primary Tumor"
"8300",0.894423076923077,1,0.000586238681092643,"Uterine Carcinosarcoma","Primary Tumor"
"8301",0.894519230769231,1,0.000586209160138518,"Uterine Carcinosarcoma","Primary Tumor"
"8302",0.894615384615385,1,0.000585618560024925,"Uterine Carcinosarcoma","Primary Tumor"
"8303",0.894711538461539,1,0.000585440930099268,"Uterine Carcinosarcoma","Primary Tumor"
"8304",0.894807692307692,1,0.000585138229709403,"Uterine Carcinosarcoma","Primary Tumor"
"8305",0.894903846153846,1,0.000584918348820906,"Uterine Carcinosarcoma","Primary Tumor"
"8306",0.895,1,0.000584075515254745,"Uterine Carcinosarcoma","Primary Tumor"
"8307",0.895096153846154,1,0.000583735769584259,"Uterine Carcinosarcoma","Primary Tumor"
"8308",0.895192307692308,1,0.000583614972803459,"Uterine Carcinosarcoma","Primary Tumor"
"8309",0.895288461538462,1,0.00058342846870485,"Uterine Carcinosarcoma","Primary Tumor"
"8310",0.895384615384615,1,0.000583237541580517,"Uterine Carcinosarcoma","Primary Tumor"
"8311",0.895480769230769,1,0.00058323166270513,"Uterine Carcinosarcoma","Primary Tumor"
"8312",0.895576923076923,1,0.000581102615911044,"Uterine Carcinosarcoma","Primary Tumor"
"8313",0.895673076923077,1,0.000580905221662986,"Uterine Carcinosarcoma","Primary Tumor"
"8314",0.895769230769231,1,0.000580768926230157,"Uterine Carcinosarcoma","Primary Tumor"
"8315",0.895865384615385,1,0.000580546335454901,"Uterine Carcinosarcoma","Primary Tumor"
"8316",0.895961538461538,1,0.000580408957569167,"Uterine Carcinosarcoma","Primary Tumor"
"8317",0.896057692307692,1,0.000579524391233988,"Uterine Carcinosarcoma","Primary Tumor"
"8318",0.896153846153846,1,0.000579250492486527,"Uterine Carcinosarcoma","Primary Tumor"
"8319",0.89625,1,0.00057914811109061,"Uterine Carcinosarcoma","Primary Tumor"
"8320",0.896346153846154,1,0.000577484538337503,"Uterine Carcinosarcoma","Primary Tumor"
"8321",0.896442307692308,1,0.000576539903129669,"Uterine Carcinosarcoma","Primary Tumor"
"8322",0.896538461538462,1,0.000576141490978732,"Uterine Carcinosarcoma","Primary Tumor"
"8323",0.896634615384615,1,0.000576083252135429,"Uterine Carcinosarcoma","Primary Tumor"
"8324",0.896730769230769,1,0.000575939095178613,"Uterine Carcinosarcoma","Primary Tumor"
"8325",0.896826923076923,1,0.000575346896095397,"Uterine Carcinosarcoma","Primary Tumor"
"8326",0.896923076923077,1,0.000575225019459835,"Uterine Carcinosarcoma","Primary Tumor"
"8327",0.897019230769231,1,0.000575158598725589,"Uterine Carcinosarcoma","Primary Tumor"
"8328",0.897115384615385,1,0.000574691825718565,"Uterine Carcinosarcoma","Primary Tumor"
"8329",0.897211538461538,1,0.000574409065980053,"Uterine Carcinosarcoma","Primary Tumor"
"8330",0.897307692307692,1,0.000573575024841233,"Uterine Carcinosarcoma","Primary Tumor"
"8331",0.897403846153846,1,0.000572393707272245,"Uterine Carcinosarcoma","Primary Tumor"
"8332",0.8975,1,0.000571770166652774,"Uterine Carcinosarcoma","Primary Tumor"
"8333",0.897596153846154,1,0.000571410649276571,"Uterine Carcinosarcoma","Primary Tumor"
"8334",0.897692307692308,1,0.000571389504955611,"Uterine Carcinosarcoma","Primary Tumor"
"8335",0.897788461538462,1,0.000570432682796107,"Uterine Carcinosarcoma","Primary Tumor"
"8336",0.897884615384615,1,0.00057015378227554,"Uterine Carcinosarcoma","Primary Tumor"
"8337",0.897980769230769,1,0.000569994413718744,"Uterine Carcinosarcoma","Primary Tumor"
"8338",0.898076923076923,1,0.000568549465933876,"Uterine Carcinosarcoma","Primary Tumor"
"8339",0.898173076923077,1,0.000568260836261159,"Uterine Carcinosarcoma","Primary Tumor"
"8340",0.898269230769231,1,0.000567694841380861,"Uterine Carcinosarcoma","Primary Tumor"
"8341",0.898365384615385,1,0.000567682608787479,"Uterine Carcinosarcoma","Primary Tumor"
"8342",0.898461538461538,1,0.000567250780559081,"Uterine Carcinosarcoma","Primary Tumor"
"8343",0.898557692307692,1,0.000567067467012849,"Uterine Carcinosarcoma","Primary Tumor"
"8344",0.898653846153846,1,0.000566652235514109,"Uterine Carcinosarcoma","Primary Tumor"
"8345",0.89875,1,0.00056664478949997,"Uterine Carcinosarcoma","Primary Tumor"
"8346",0.898846153846154,1,0.000566560735943744,"Uterine Carcinosarcoma","Primary Tumor"
"8347",0.898942307692308,1,0.000566451327914552,"Uterine Carcinosarcoma","Primary Tumor"
"8348",0.899038461538462,1,0.000566275123238924,"Uterine Carcinosarcoma","Primary Tumor"
"8349",0.899134615384615,1,0.000566157016147373,"Uterine Carcinosarcoma","Primary Tumor"
"8350",0.899230769230769,1,0.000566099469587522,"Uterine Carcinosarcoma","Primary Tumor"
"8351",0.899326923076923,1,0.000565758534394667,"Uterine Carcinosarcoma","Primary Tumor"
"8352",0.899423076923077,1,0.000565751783586421,"Uterine Carcinosarcoma","Primary Tumor"
"8353",0.899519230769231,1,0.000565082236490544,"Uterine Carcinosarcoma","Primary Tumor"
"8354",0.899615384615385,1,0.000563964559254004,"Uterine Carcinosarcoma","Primary Tumor"
"8355",0.899711538461539,1,0.000563512130427712,"Uterine Carcinosarcoma","Primary Tumor"
"8356",0.899807692307692,1,0.00056314627889531,"Uterine Carcinosarcoma","Primary Tumor"
"8357",0.899903846153846,1,0.000562801610227148,"Uterine Carcinosarcoma","Primary Tumor"
"8358",0.9,1,0.000562607876053667,"Uterine Carcinosarcoma","Primary Tumor"
"8359",0.900096153846154,1,0.000561986915540991,"Uterine Carcinosarcoma","Primary Tumor"
"8360",0.900192307692308,1,0.000561020466376294,"Uterine Carcinosarcoma","Primary Tumor"
"8361",0.900288461538462,1,0.000560888010647576,"Uterine Carcinosarcoma","Primary Tumor"
"8362",0.900384615384615,1,0.000560643912083991,"Uterine Carcinosarcoma","Primary Tumor"
"8363",0.900480769230769,1,0.000560458916718298,"Uterine Carcinosarcoma","Primary Tumor"
"8364",0.900576923076923,1,0.000559702234988246,"Uterine Carcinosarcoma","Primary Tumor"
"8365",0.900673076923077,1,0.000559474567981,"Uterine Carcinosarcoma","Primary Tumor"
"8366",0.900769230769231,1,0.000559370261078107,"Uterine Carcinosarcoma","Primary Tumor"
"8367",0.900865384615385,1,0.000558843310293433,"Uterine Carcinosarcoma","Primary Tumor"
"8368",0.900961538461538,1,0.000558800266691195,"Uterine Carcinosarcoma","Primary Tumor"
"8369",0.901057692307692,1,0.000558249749451956,"Uterine Carcinosarcoma","Primary Tumor"
"8370",0.901153846153846,1,0.000557604382586452,"Uterine Carcinosarcoma","Primary Tumor"
"8371",0.90125,1,0.000557366723029418,"Uterine Carcinosarcoma","Primary Tumor"
"8372",0.901346153846154,1,0.00055715612741658,"Uterine Carcinosarcoma","Primary Tumor"
"8373",0.901442307692308,1,0.000556785593299303,"Uterine Carcinosarcoma","Primary Tumor"
"8374",0.901538461538462,1,0.000556598037290246,"Uterine Carcinosarcoma","Primary Tumor"
"8375",0.901634615384615,1,0.000556529115327664,"Uterine Carcinosarcoma","Primary Tumor"
"8376",0.901730769230769,1,0.000556468229121254,"Uterine Carcinosarcoma","Primary Tumor"
"8377",0.901826923076923,1,0.000556438392922964,"Uterine Carcinosarcoma","Primary Tumor"
"8378",0.901923076923077,1,0.000556383302297903,"Uterine Carcinosarcoma","Primary Tumor"
"8379",0.902019230769231,1,0.000555844785504855,"Uterine Carcinosarcoma","Primary Tumor"
"8380",0.902115384615385,1,0.000555374514139229,"Uterine Carcinosarcoma","Primary Tumor"
"8381",0.902211538461538,1,0.000554729441066604,"Uterine Carcinosarcoma","Primary Tumor"
"8382",0.902307692307692,1,0.000554235594693475,"Uterine Carcinosarcoma","Primary Tumor"
"8383",0.902403846153846,1,0.000553279493452186,"Uterine Carcinosarcoma","Primary Tumor"
"8384",0.9025,1,0.000552898308552874,"Uterine Carcinosarcoma","Primary Tumor"
"8385",0.902596153846154,1,0.000552740648415595,"Uterine Carcinosarcoma","Primary Tumor"
"8386",0.902692307692308,1,0.000552408877060095,"Uterine Carcinosarcoma","Primary Tumor"
"8387",0.902788461538461,1,0.000552038073439398,"Uterine Carcinosarcoma","Primary Tumor"
"8388",0.902884615384615,1,0.000550361864760651,"Uterine Carcinosarcoma","Primary Tumor"
"8389",0.902980769230769,1,0.00054991460636411,"Uterine Carcinosarcoma","Primary Tumor"
"8390",0.903076923076923,1,0.000549763929019287,"Uterine Carcinosarcoma","Primary Tumor"
"8391",0.903173076923077,1,0.000549581306944713,"Uterine Carcinosarcoma","Primary Tumor"
"8392",0.903269230769231,1,0.000549499502096151,"Uterine Carcinosarcoma","Primary Tumor"
"8393",0.903365384615385,1,0.000549001612898059,"Uterine Carcinosarcoma","Primary Tumor"
"8394",0.903461538461538,1,0.00054868446111378,"Uterine Carcinosarcoma","Primary Tumor"
"8395",0.903557692307692,1,0.000548197265264783,"Uterine Carcinosarcoma","Primary Tumor"
"8396",0.903653846153846,1,0.000547795701214104,"Uterine Carcinosarcoma","Primary Tumor"
"8397",0.90375,1,0.000547755556256746,"Uterine Carcinosarcoma","Primary Tumor"
"8398",0.903846153846154,1,0.000547666444330686,"Uterine Carcinosarcoma","Primary Tumor"
"8399",0.903942307692308,1,0.000546949224780158,"Uterine Carcinosarcoma","Primary Tumor"
"8400",0.904038461538462,1,0.000546673538347919,"Uterine Carcinosarcoma","Primary Tumor"
"8401",0.904134615384615,1,0.000546230641793599,"Uterine Carcinosarcoma","Primary Tumor"
"8402",0.904230769230769,1,0.000544624818707429,"Uterine Carcinosarcoma","Primary Tumor"
"8403",0.904326923076923,1,0.000544354937034752,"Uterine Carcinosarcoma","Primary Tumor"
"8404",0.904423076923077,1,0.000543860824665288,"Uterine Carcinosarcoma","Primary Tumor"
"8405",0.904519230769231,1,0.000543244480857741,"Uterine Carcinosarcoma","Primary Tumor"
"8406",0.904615384615385,1,0.00054314130925337,"Uterine Carcinosarcoma","Primary Tumor"
"8407",0.904711538461539,1,0.00054285512418506,"Uterine Carcinosarcoma","Primary Tumor"
"8408",0.904807692307692,1,0.000542456241061084,"Uterine Carcinosarcoma","Primary Tumor"
"8409",0.904903846153846,1,0.0005424389509322,"Uterine Carcinosarcoma","Primary Tumor"
"8410",0.905,1,0.000542305943447396,"Uterine Carcinosarcoma","Primary Tumor"
"8411",0.905096153846154,1,0.000542065108355527,"Uterine Carcinosarcoma","Primary Tumor"
"8412",0.905192307692308,1,0.000541975714998144,"Uterine Carcinosarcoma","Primary Tumor"
"8413",0.905288461538462,1,0.000541468193974159,"Uterine Carcinosarcoma","Primary Tumor"
"8414",0.905384615384615,1,0.000541086397439217,"Uterine Carcinosarcoma","Primary Tumor"
"8415",0.905480769230769,1,0.000540529323027616,"Uterine Carcinosarcoma","Primary Tumor"
"8416",0.905576923076923,1,0.000539996217477801,"Uterine Carcinosarcoma","Primary Tumor"
"8417",0.905673076923077,1,0.000539328231085934,"Uterine Carcinosarcoma","Primary Tumor"
"8418",0.905769230769231,1,0.00053923874903794,"Uterine Carcinosarcoma","Primary Tumor"
"8419",0.905865384615385,1,0.000539019913896266,"Uterine Carcinosarcoma","Primary Tumor"
"8420",0.905961538461538,1,0.000538382904016754,"Uterine Carcinosarcoma","Primary Tumor"
"8421",0.906057692307692,1,0.000538125563131153,"Uterine Carcinosarcoma","Primary Tumor"
"8422",0.906153846153846,1,0.000538096669649546,"Uterine Carcinosarcoma","Primary Tumor"
"8423",0.90625,1,0.000537554932799722,"Uterine Carcinosarcoma","Primary Tumor"
"8424",0.906346153846154,1,0.000537224423085569,"Uterine Carcinosarcoma","Primary Tumor"
"8425",0.906442307692308,1,0.00053718576197459,"Uterine Carcinosarcoma","Primary Tumor"
"8426",0.906538461538462,1,0.000536666860444734,"Uterine Carcinosarcoma","Primary Tumor"
"8427",0.906634615384615,1,0.000536580793364494,"Uterine Carcinosarcoma","Primary Tumor"
"8428",0.906730769230769,1,0.000535244609940477,"Uterine Carcinosarcoma","Primary Tumor"
"8429",0.906826923076923,1,0.000534598169965705,"Uterine Carcinosarcoma","Primary Tumor"
"8430",0.906923076923077,1,0.00053448092129349,"Uterine Carcinosarcoma","Primary Tumor"
"8431",0.907019230769231,1,0.000534217724027619,"Uterine Carcinosarcoma","Primary Tumor"
"8432",0.907115384615385,1,0.000533672200930146,"Uterine Carcinosarcoma","Primary Tumor"
"8433",0.907211538461538,1,0.000533668121733388,"Uterine Carcinosarcoma","Primary Tumor"
"8434",0.907307692307692,1,0.000533107401351818,"Uterine Carcinosarcoma","Primary Tumor"
"8435",0.907403846153846,1,0.000532381708645335,"Uterine Carcinosarcoma","Primary Tumor"
"8436",0.9075,1,0.000532010816905348,"Uterine Carcinosarcoma","Primary Tumor"
"8437",0.907596153846154,1,0.000530818586818804,"Uterine Carcinosarcoma","Primary Tumor"
"8438",0.907692307692308,1,0.000530646285176628,"Uterine Carcinosarcoma","Primary Tumor"
"8439",0.907788461538461,1,0.00052952973994036,"Uterine Carcinosarcoma","Primary Tumor"
"8440",0.907884615384615,1,0.000529039488622707,"Uterine Carcinosarcoma","Primary Tumor"
"8441",0.907980769230769,1,0.000528762559833695,"Uterine Carcinosarcoma","Primary Tumor"
"8442",0.908076923076923,1,0.000528374787807095,"Uterine Carcinosarcoma","Primary Tumor"
"8443",0.908173076923077,1,0.000527694650380495,"Uterine Carcinosarcoma","Primary Tumor"
"8444",0.908269230769231,1,0.000526660638855536,"Uterine Carcinosarcoma","Primary Tumor"
"8445",0.908365384615385,1,0.00052634048762723,"Uterine Carcinosarcoma","Primary Tumor"
"8446",0.908461538461538,1,0.00052551444211324,"Uterine Carcinosarcoma","Primary Tumor"
"8447",0.908557692307692,1,0.000525351322294698,"Uterine Carcinosarcoma","Primary Tumor"
"8448",0.908653846153846,1,0.000525185836724562,"Uterine Carcinosarcoma","Primary Tumor"
"8449",0.90875,1,0.000525073610523563,"Uterine Carcinosarcoma","Primary Tumor"
"8450",0.908846153846154,1,0.000524196752002881,"Uterine Carcinosarcoma","Primary Tumor"
"8451",0.908942307692308,1,0.000523702355261224,"Uterine Carcinosarcoma","Primary Tumor"
"8452",0.909038461538462,1,0.000522844121738086,"Uterine Carcinosarcoma","Primary Tumor"
"8453",0.909134615384615,1,0.000522442410616164,"Uterine Carcinosarcoma","Primary Tumor"
"8454",0.909230769230769,1,0.00052232471724456,"Uterine Carcinosarcoma","Primary Tumor"
"8455",0.909326923076923,1,0.000521594540426107,"Uterine Carcinosarcoma","Primary Tumor"
"8456",0.909423076923077,1,0.000521445541011301,"Uterine Carcinosarcoma","Primary Tumor"
"8457",0.909519230769231,1,0.00052098306100945,"Uterine Carcinosarcoma","Primary Tumor"
"8458",0.909615384615385,1,0.000520884511019948,"Uterine Carcinosarcoma","Primary Tumor"
"8459",0.909711538461539,1,0.000520769256000753,"Uterine Carcinosarcoma","Primary Tumor"
"8460",0.909807692307692,1,0.000520529875250642,"Uterine Carcinosarcoma","Primary Tumor"
"8461",0.909903846153846,1,0.000520175315462668,"Uterine Carcinosarcoma","Primary Tumor"
"8462",0.91,1,0.000520126006032573,"Uterine Carcinosarcoma","Primary Tumor"
"8463",0.910096153846154,1,0.000520101517490823,"Uterine Carcinosarcoma","Primary Tumor"
"8464",0.910192307692308,1,0.000519928741759657,"Uterine Carcinosarcoma","Primary Tumor"
"8465",0.910288461538462,1,0.000519714039371566,"Uterine Carcinosarcoma","Primary Tumor"
"8466",0.910384615384615,1,0.000519047938959183,"Uterine Carcinosarcoma","Primary Tumor"
"8467",0.910480769230769,1,0.000519042859840724,"Uterine Carcinosarcoma","Primary Tumor"
"8468",0.910576923076923,1,0.000518748548158254,"Uterine Carcinosarcoma","Primary Tumor"
"8469",0.910673076923077,1,0.000518574690355655,"Uterine Carcinosarcoma","Primary Tumor"
"8470",0.910769230769231,1,0.00051714632343991,"Uterine Carcinosarcoma","Primary Tumor"
"8471",0.910865384615385,1,0.000516592713179165,"Uterine Carcinosarcoma","Primary Tumor"
"8472",0.910961538461538,1,0.000515791885618566,"Uterine Carcinosarcoma","Primary Tumor"
"8473",0.911057692307692,1,0.000514311206976426,"Uterine Carcinosarcoma","Primary Tumor"
"8474",0.911153846153846,1,0.000513735301310825,"Uterine Carcinosarcoma","Primary Tumor"
"8475",0.91125,1,0.00051351448817305,"Uterine Carcinosarcoma","Primary Tumor"
"8476",0.911346153846154,1,0.000512498366117997,"Uterine Carcinosarcoma","Primary Tumor"
"8477",0.911442307692308,1,0.000511718208465184,"Uterine Carcinosarcoma","Primary Tumor"
"8478",0.911538461538462,1,0.000510911344085208,"Uterine Carcinosarcoma","Primary Tumor"
"8479",0.911634615384615,1,0.000510881757644577,"Uterine Carcinosarcoma","Primary Tumor"
"8480",0.911730769230769,1,0.000510309895779604,"Uterine Carcinosarcoma","Primary Tumor"
"8481",0.911826923076923,1,0.000509741274802411,"Uterine Carcinosarcoma","Primary Tumor"
"8482",0.911923076923077,1,0.000508903205132749,"Uterine Carcinosarcoma","Primary Tumor"
"8483",0.912019230769231,1,0.000508740241456307,"Uterine Carcinosarcoma","Primary Tumor"
"8484",0.912115384615385,1,0.000508586308675563,"Uterine Carcinosarcoma","Primary Tumor"
"8485",0.912211538461538,1,0.000508475037284906,"Uterine Carcinosarcoma","Primary Tumor"
"8486",0.912307692307692,1,0.000508409241888663,"Uterine Carcinosarcoma","Primary Tumor"
"8487",0.912403846153846,1,0.000506676816446894,"Uterine Carcinosarcoma","Primary Tumor"
"8488",0.9125,1,0.000505849108804801,"Uterine Carcinosarcoma","Primary Tumor"
"8489",0.912596153846154,1,0.000504858481851,"Uterine Carcinosarcoma","Primary Tumor"
"8490",0.912692307692308,1,0.000504439398326673,"Uterine Carcinosarcoma","Primary Tumor"
"8491",0.912788461538461,1,0.000503663525690645,"Uterine Carcinosarcoma","Primary Tumor"
"8492",0.912884615384615,1,0.000502777230338647,"Uterine Carcinosarcoma","Primary Tumor"
"8493",0.912980769230769,1,0.000502477382780642,"Uterine Carcinosarcoma","Primary Tumor"
"8494",0.913076923076923,1,0.000502066090023567,"Uterine Carcinosarcoma","Primary Tumor"
"8495",0.913173076923077,1,0.000502058933704586,"Uterine Carcinosarcoma","Primary Tumor"
"8496",0.913269230769231,1,0.000501524445898349,"Uterine Carcinosarcoma","Primary Tumor"
"8497",0.913365384615385,1,0.000501397981578555,"Uterine Carcinosarcoma","Primary Tumor"
"8498",0.913461538461538,1,0.000501362325505128,"Uterine Carcinosarcoma","Primary Tumor"
"8499",0.913557692307692,1,0.000501339523218847,"Uterine Carcinosarcoma","Primary Tumor"
"8500",0.913653846153846,1,0.000500683937021074,"Uterine Carcinosarcoma","Primary Tumor"
"8501",0.91375,1,0.000500098852528996,"Uterine Carcinosarcoma","Primary Tumor"
"8502",0.913846153846154,1,0.000500084672259593,"Uterine Carcinosarcoma","Primary Tumor"
"8503",0.913942307692308,1,0.000499519683284988,"Uterine Carcinosarcoma","Primary Tumor"
"8504",0.914038461538462,1,0.00049915025131797,"Uterine Carcinosarcoma","Primary Tumor"
"8505",0.914134615384615,1,0.000497868978154292,"Uterine Carcinosarcoma","Primary Tumor"
"8506",0.914230769230769,1,0.000497491843034492,"Uterine Carcinosarcoma","Primary Tumor"
"8507",0.914326923076923,1,0.000497390998563607,"Uterine Carcinosarcoma","Primary Tumor"
"8508",0.914423076923077,1,0.000497097509233324,"Uterine Carcinosarcoma","Primary Tumor"
"8509",0.914519230769231,1,0.000496668302153447,"Uterine Carcinosarcoma","Primary Tumor"
"8510",0.914615384615385,1,0.000496566421129607,"Uterine Carcinosarcoma","Primary Tumor"
"8511",0.914711538461538,1,0.000496302793511316,"Uterine Carcinosarcoma","Primary Tumor"
"8512",0.914807692307692,1,0.000495987370861761,"Uterine Carcinosarcoma","Primary Tumor"
"8513",0.914903846153846,1,0.000495508180030857,"Uterine Carcinosarcoma","Primary Tumor"
"8514",0.915,1,0.000495195044003083,"Uterine Carcinosarcoma","Primary Tumor"
"8515",0.915096153846154,1,0.000494905293646597,"Uterine Carcinosarcoma","Primary Tumor"
"8516",0.915192307692308,1,0.000494837867203612,"Uterine Carcinosarcoma","Primary Tumor"
"8517",0.915288461538462,1,0.000494599022383579,"Uterine Carcinosarcoma","Primary Tumor"
"8518",0.915384615384615,1,0.000494535633144499,"Uterine Carcinosarcoma","Primary Tumor"
"8519",0.915480769230769,1,0.000494220586597538,"Uterine Carcinosarcoma","Primary Tumor"
"8520",0.915576923076923,1,0.00049415516133966,"Uterine Carcinosarcoma","Primary Tumor"
"8521",0.915673076923077,1,0.000493986096415044,"Uterine Carcinosarcoma","Primary Tumor"
"8522",0.915769230769231,1,0.000493642291206631,"Uterine Carcinosarcoma","Primary Tumor"
"8523",0.915865384615385,1,0.000492242654428376,"Uterine Carcinosarcoma","Primary Tumor"
"8524",0.915961538461538,1,0.000492026355071729,"Uterine Carcinosarcoma","Primary Tumor"
"8525",0.916057692307692,1,0.000491768527273728,"Uterine Carcinosarcoma","Primary Tumor"
"8526",0.916153846153846,1,0.000491223046998113,"Uterine Carcinosarcoma","Primary Tumor"
"8527",0.91625,1,0.000491171618966724,"Uterine Carcinosarcoma","Primary Tumor"
"8528",0.916346153846154,1,0.000490816637727765,"Uterine Carcinosarcoma","Primary Tumor"
"8529",0.916442307692308,1,0.000490730997418143,"Uterine Carcinosarcoma","Primary Tumor"
"8530",0.916538461538462,1,0.000490633891751635,"Uterine Carcinosarcoma","Primary Tumor"
"8531",0.916634615384615,1,0.000490525500746464,"Uterine Carcinosarcoma","Primary Tumor"
"8532",0.916730769230769,1,0.000489845465902139,"Uterine Carcinosarcoma","Primary Tumor"
"8533",0.916826923076923,1,0.000489528217290203,"Uterine Carcinosarcoma","Primary Tumor"
"8534",0.916923076923077,1,0.000489300726263631,"Uterine Carcinosarcoma","Primary Tumor"
"8535",0.917019230769231,1,0.000488249767628623,"Uterine Carcinosarcoma","Primary Tumor"
"8536",0.917115384615385,1,0.000487437524890222,"Uterine Carcinosarcoma","Primary Tumor"
"8537",0.917211538461538,1,0.000486685733777081,"Uterine Carcinosarcoma","Primary Tumor"
"8538",0.917307692307692,1,0.000485370610549651,"Uterine Carcinosarcoma","Primary Tumor"
"8539",0.917403846153846,1,0.000485061531044217,"Uterine Carcinosarcoma","Primary Tumor"
"8540",0.9175,1,0.000484752369746544,"Uterine Carcinosarcoma","Primary Tumor"
"8541",0.917596153846154,1,0.000484679625118556,"Uterine Carcinosarcoma","Primary Tumor"
"8542",0.917692307692308,1,0.000484029703864186,"Uterine Carcinosarcoma","Primary Tumor"
"8543",0.917788461538461,1,0.00048323830546515,"Uterine Carcinosarcoma","Primary Tumor"
"8544",0.917884615384615,1,0.000483119313609559,"Uterine Carcinosarcoma","Primary Tumor"
"8545",0.917980769230769,1,0.000482835245422586,"Uterine Carcinosarcoma","Primary Tumor"
"8546",0.918076923076923,1,0.00048266366663785,"Uterine Carcinosarcoma","Primary Tumor"
"8547",0.918173076923077,1,0.000481791300952272,"Uterine Carcinosarcoma","Primary Tumor"
"8548",0.918269230769231,1,0.000481425817797088,"Uterine Carcinosarcoma","Primary Tumor"
"8549",0.918365384615385,1,0.000481352032835836,"Uterine Carcinosarcoma","Primary Tumor"
"8550",0.918461538461538,1,0.000481295446614571,"Uterine Carcinosarcoma","Primary Tumor"
"8551",0.918557692307692,1,0.000481199338111415,"Uterine Carcinosarcoma","Primary Tumor"
"8552",0.918653846153846,1,0.000480880500288605,"Uterine Carcinosarcoma","Primary Tumor"
"8553",0.91875,1,0.000480783944203811,"Uterine Carcinosarcoma","Primary Tumor"
"8554",0.918846153846154,1,0.000480510264468714,"Uterine Carcinosarcoma","Primary Tumor"
"8555",0.918942307692308,1,0.000480410569203005,"Uterine Carcinosarcoma","Primary Tumor"
"8556",0.919038461538462,1,0.000480203150085345,"Uterine Carcinosarcoma","Primary Tumor"
"8557",0.919134615384615,1,0.000479926310776979,"Uterine Carcinosarcoma","Primary Tumor"
"8558",0.919230769230769,1,0.000479630108623508,"Uterine Carcinosarcoma","Primary Tumor"
"8559",0.919326923076923,1,0.000479322508596836,"Uterine Carcinosarcoma","Primary Tumor"
"8560",0.919423076923077,1,0.000479228234714801,"Uterine Carcinosarcoma","Primary Tumor"
"8561",0.919519230769231,1,0.000479133781660979,"Uterine Carcinosarcoma","Primary Tumor"
"8562",0.919615384615385,1,0.000478900940024118,"Uterine Carcinosarcoma","Primary Tumor"
"8563",0.919711538461538,1,0.000478659125784486,"Uterine Carcinosarcoma","Primary Tumor"
"8564",0.919807692307692,1,0.000478556390385187,"Uterine Carcinosarcoma","Primary Tumor"
"8565",0.919903846153846,1,0.000476607455214939,"Uterine Carcinosarcoma","Primary Tumor"
"8566",0.92,1,0.000476081792206373,"Uterine Carcinosarcoma","Primary Tumor"
"8567",0.920096153846154,1,0.000475999696322504,"Uterine Carcinosarcoma","Primary Tumor"
"8568",0.920192307692308,1,0.000475912331913575,"Uterine Carcinosarcoma","Primary Tumor"
"8569",0.920288461538462,1,0.000475801638974982,"Uterine Carcinosarcoma","Primary Tumor"
"8570",0.920384615384615,1,0.000475756027251584,"Uterine Carcinosarcoma","Primary Tumor"
"8571",0.920480769230769,1,0.000475735592035065,"Uterine Carcinosarcoma","Primary Tumor"
"8572",0.920576923076923,1,0.000475544486542856,"Uterine Carcinosarcoma","Primary Tumor"
"8573",0.920673076923077,1,0.000474651333294052,"Uterine Carcinosarcoma","Primary Tumor"
"8574",0.920769230769231,1,0.000474220593059904,"Uterine Carcinosarcoma","Primary Tumor"
"8575",0.920865384615385,1,0.000473710489119483,"Uterine Carcinosarcoma","Primary Tumor"
"8576",0.920961538461538,1,0.000473165174154522,"Uterine Carcinosarcoma","Primary Tumor"
"8577",0.921057692307692,1,0.000473048139354004,"Uterine Carcinosarcoma","Primary Tumor"
"8578",0.921153846153846,1,0.000472924629110416,"Uterine Carcinosarcoma","Primary Tumor"
"8579",0.92125,1,0.000472668931795983,"Uterine Carcinosarcoma","Primary Tumor"
"8580",0.921346153846154,1,0.000472269861866659,"Uterine Carcinosarcoma","Primary Tumor"
"8581",0.921442307692308,1,0.000471696190082138,"Uterine Carcinosarcoma","Primary Tumor"
"8582",0.921538461538462,1,0.000471223704780921,"Uterine Carcinosarcoma","Primary Tumor"
"8583",0.921634615384615,1,0.000470911865831702,"Uterine Carcinosarcoma","Primary Tumor"
"8584",0.921730769230769,1,0.000470736538393024,"Uterine Carcinosarcoma","Primary Tumor"
"8585",0.921826923076923,1,0.000470638222237807,"Uterine Carcinosarcoma","Primary Tumor"
"8586",0.921923076923077,1,0.000470613427476008,"Uterine Carcinosarcoma","Primary Tumor"
"8587",0.922019230769231,1,0.000469372498427156,"Uterine Carcinosarcoma","Primary Tumor"
"8588",0.922115384615385,1,0.000468310239985725,"Uterine Carcinosarcoma","Primary Tumor"
"8589",0.922211538461538,1,0.000467061539716207,"Uterine Carcinosarcoma","Primary Tumor"
"8590",0.922307692307692,1,0.000466900226818834,"Uterine Carcinosarcoma","Primary Tumor"
"8591",0.922403846153846,1,0.000466556170487853,"Uterine Carcinosarcoma","Primary Tumor"
"8592",0.9225,1,0.00046555243265578,"Uterine Carcinosarcoma","Primary Tumor"
"8593",0.922596153846154,1,0.000465506462938636,"Uterine Carcinosarcoma","Primary Tumor"
"8594",0.922692307692308,1,0.000465506355383005,"Uterine Carcinosarcoma","Primary Tumor"
"8595",0.922788461538462,1,0.000465241830490792,"Uterine Carcinosarcoma","Primary Tumor"
"8596",0.922884615384615,1,0.000465125590279225,"Uterine Carcinosarcoma","Primary Tumor"
"8597",0.922980769230769,1,0.000464667665533547,"Uterine Carcinosarcoma","Primary Tumor"
"8598",0.923076923076923,1,0.000464283516755537,"Uterine Carcinosarcoma","Primary Tumor"
"8599",0.923173076923077,1,0.000464160433479188,"Uterine Carcinosarcoma","Primary Tumor"
"8600",0.923269230769231,1,0.000464067283046043,"Uterine Carcinosarcoma","Primary Tumor"
"8601",0.923365384615385,1,0.000463650453659592,"Uterine Carcinosarcoma","Primary Tumor"
"8602",0.923461538461538,1,0.000463065952410524,"Uterine Carcinosarcoma","Primary Tumor"
"8603",0.923557692307692,1,0.000462980320315665,"Uterine Carcinosarcoma","Primary Tumor"
"8604",0.923653846153846,1,0.000462838683375932,"Uterine Carcinosarcoma","Primary Tumor"
"8605",0.92375,1,0.000462406760845524,"Uterine Carcinosarcoma","Primary Tumor"
"8606",0.923846153846154,1,0.000462144553215471,"Uterine Carcinosarcoma","Primary Tumor"
"8607",0.923942307692308,1,0.000461742550463273,"Uterine Carcinosarcoma","Primary Tumor"
"8608",0.924038461538462,1,0.000461594016792133,"Uterine Carcinosarcoma","Primary Tumor"
"8609",0.924134615384615,1,0.000461451803675406,"Uterine Carcinosarcoma","Primary Tumor"
"8610",0.924230769230769,1,0.000461335561275811,"Uterine Carcinosarcoma","Primary Tumor"
"8611",0.924326923076923,1,0.000461145898376314,"Uterine Carcinosarcoma","Primary Tumor"
"8612",0.924423076923077,1,0.000461083977825627,"Uterine Carcinosarcoma","Primary Tumor"
"8613",0.924519230769231,1,0.000460386257339018,"Uterine Carcinosarcoma","Primary Tumor"
"8614",0.924615384615385,1,0.000460255232563211,"Uterine Carcinosarcoma","Primary Tumor"
"8615",0.924711538461538,1,0.00045983630473756,"Uterine Carcinosarcoma","Primary Tumor"
"8616",0.924807692307692,1,0.000458908649020651,"Uterine Carcinosarcoma","Primary Tumor"
"8617",0.924903846153846,1,0.000458201571000183,"Uterine Carcinosarcoma","Primary Tumor"
"8618",0.925,1,0.000455757454855599,"Uterine Carcinosarcoma","Primary Tumor"
"8619",0.925096153846154,1,0.000454528770740259,"Uterine Carcinosarcoma","Primary Tumor"
"8620",0.925192307692308,1,0.000453843066848814,"Uterine Carcinosarcoma","Primary Tumor"
"8621",0.925288461538462,1,0.000453761070287495,"Uterine Carcinosarcoma","Primary Tumor"
"8622",0.925384615384615,1,0.000453321346972069,"Uterine Carcinosarcoma","Primary Tumor"
"8623",0.925480769230769,1,0.000453239642364434,"Uterine Carcinosarcoma","Primary Tumor"
"8624",0.925576923076923,1,0.000452637668702516,"Uterine Carcinosarcoma","Primary Tumor"
"8625",0.925673076923077,1,0.000452227404523331,"Uterine Carcinosarcoma","Primary Tumor"
"8626",0.925769230769231,1,0.000451184128900772,"Uterine Carcinosarcoma","Primary Tumor"
"8627",0.925865384615385,1,0.000451001765283565,"Uterine Carcinosarcoma","Primary Tumor"
"8628",0.925961538461539,1,0.000450418669049824,"Uterine Carcinosarcoma","Primary Tumor"
"8629",0.926057692307692,1,0.0004504006956908,"Uterine Carcinosarcoma","Primary Tumor"
"8630",0.926153846153846,1,0.000450108012824302,"Uterine Carcinosarcoma","Primary Tumor"
"8631",0.92625,1,0.000449993774183755,"Uterine Carcinosarcoma","Primary Tumor"
"8632",0.926346153846154,1,0.000449354444561845,"Uterine Carcinosarcoma","Primary Tumor"
"8633",0.926442307692308,1,0.000448925202159334,"Uterine Carcinosarcoma","Primary Tumor"
"8634",0.926538461538462,1,0.000448755981313442,"Uterine Carcinosarcoma","Primary Tumor"
"8635",0.926634615384615,1,0.000448658478089059,"Uterine Carcinosarcoma","Primary Tumor"
"8636",0.926730769230769,1,0.000448539950942073,"Uterine Carcinosarcoma","Primary Tumor"
"8637",0.926826923076923,1,0.000448384330650087,"Uterine Carcinosarcoma","Primary Tumor"
"8638",0.926923076923077,1,0.000448262472078298,"Uterine Carcinosarcoma","Primary Tumor"
"8639",0.927019230769231,1,0.000447775288002439,"Uterine Carcinosarcoma","Primary Tumor"
"8640",0.927115384615385,1,0.000447708623216969,"Uterine Carcinosarcoma","Primary Tumor"
"8641",0.927211538461538,1,0.000447116505737255,"Uterine Carcinosarcoma","Primary Tumor"
"8642",0.927307692307692,1,0.000446540893317859,"Uterine Carcinosarcoma","Primary Tumor"
"8643",0.927403846153846,1,0.000445697013540025,"Uterine Carcinosarcoma","Primary Tumor"
"8644",0.9275,1,0.000445115273819519,"Uterine Carcinosarcoma","Primary Tumor"
"8645",0.927596153846154,1,0.000444314161304415,"Uterine Carcinosarcoma","Primary Tumor"
"8646",0.927692307692308,1,0.000443324597544148,"Uterine Carcinosarcoma","Primary Tumor"
"8647",0.927788461538462,1,0.000443251199847339,"Uterine Carcinosarcoma","Primary Tumor"
"8648",0.927884615384615,1,0.000442926888785444,"Uterine Carcinosarcoma","Primary Tumor"
"8649",0.927980769230769,1,0.000442799689323703,"Uterine Carcinosarcoma","Primary Tumor"
"8650",0.928076923076923,1,0.000441910936746615,"Uterine Carcinosarcoma","Primary Tumor"
"8651",0.928173076923077,1,0.000440473376256745,"Uterine Carcinosarcoma","Primary Tumor"
"8652",0.928269230769231,1,0.000440259718379687,"Uterine Carcinosarcoma","Primary Tumor"
"8653",0.928365384615385,1,0.000439363014905103,"Uterine Carcinosarcoma","Primary Tumor"
"8654",0.928461538461538,1,0.000439224281263084,"Uterine Carcinosarcoma","Primary Tumor"
"8655",0.928557692307692,1,0.000439128624387219,"Uterine Carcinosarcoma","Primary Tumor"
"8656",0.928653846153846,1,0.000438050162963721,"Uterine Carcinosarcoma","Primary Tumor"
"8657",0.92875,1,0.000437475113467034,"Uterine Carcinosarcoma","Primary Tumor"
"8658",0.928846153846154,1,0.000437031482449113,"Uterine Carcinosarcoma","Primary Tumor"
"8659",0.928942307692308,1,0.000435866816391628,"Uterine Carcinosarcoma","Primary Tumor"
"8660",0.929038461538462,1,0.000435238307087693,"Uterine Carcinosarcoma","Primary Tumor"
"8661",0.929134615384615,1,0.000434365731403208,"Uterine Carcinosarcoma","Primary Tumor"
"8662",0.929230769230769,1,0.000433868309007046,"Uterine Carcinosarcoma","Primary Tumor"
"8663",0.929326923076923,1,0.000433460411402464,"Uterine Carcinosarcoma","Primary Tumor"
"8664",0.929423076923077,1,0.000432769778840325,"Uterine Carcinosarcoma","Primary Tumor"
"8665",0.929519230769231,1,0.000432722236463068,"Uterine Carcinosarcoma","Primary Tumor"
"8666",0.929615384615385,1,0.000432023274343774,"Uterine Carcinosarcoma","Primary Tumor"
"8667",0.929711538461538,1,0.000431497348273746,"Uterine Carcinosarcoma","Primary Tumor"
"8668",0.929807692307692,1,0.000431231166525547,"Uterine Carcinosarcoma","Primary Tumor"
"8669",0.929903846153846,1,0.0004309476456964,"Uterine Carcinosarcoma","Primary Tumor"
"8670",0.93,1,0.000430940678669556,"Uterine Carcinosarcoma","Primary Tumor"
"8671",0.930096153846154,1,0.000430894522825853,"Uterine Carcinosarcoma","Primary Tumor"
"8672",0.930192307692308,1,0.000430796239142661,"Uterine Carcinosarcoma","Primary Tumor"
"8673",0.930288461538462,1,0.000429310350333778,"Uterine Carcinosarcoma","Primary Tumor"
"8674",0.930384615384615,1,0.000429286585622246,"Uterine Carcinosarcoma","Primary Tumor"
"8675",0.930480769230769,1,0.000428848588570951,"Uterine Carcinosarcoma","Primary Tumor"
"8676",0.930576923076923,1,0.000428580473697648,"Uterine Carcinosarcoma","Primary Tumor"
"8677",0.930673076923077,1,0.000428468437069562,"Uterine Carcinosarcoma","Primary Tumor"
"8678",0.930769230769231,1,0.000428362903658885,"Uterine Carcinosarcoma","Primary Tumor"
"8679",0.930865384615385,1,0.000428089015771294,"Uterine Carcinosarcoma","Primary Tumor"
"8680",0.930961538461539,1,0.000427526595844552,"Uterine Carcinosarcoma","Primary Tumor"
"8681",0.931057692307692,1,0.000427457843556245,"Uterine Carcinosarcoma","Primary Tumor"
"8682",0.931153846153846,1,0.00042720565154053,"Uterine Carcinosarcoma","Primary Tumor"
"8683",0.93125,1,0.000427139519829423,"Uterine Carcinosarcoma","Primary Tumor"
"8684",0.931346153846154,1,0.000426516706215629,"Uterine Carcinosarcoma","Primary Tumor"
"8685",0.931442307692308,1,0.000425940990869123,"Uterine Carcinosarcoma","Primary Tumor"
"8686",0.931538461538462,1,0.000425520046465455,"Uterine Carcinosarcoma","Primary Tumor"
"8687",0.931634615384615,1,0.000425125431603446,"Uterine Carcinosarcoma","Primary Tumor"
"8688",0.931730769230769,1,0.000423769383935402,"Uterine Carcinosarcoma","Primary Tumor"
"8689",0.931826923076923,1,0.000423550262009464,"Uterine Carcinosarcoma","Primary Tumor"
"8690",0.931923076923077,1,0.000423414098139063,"Uterine Carcinosarcoma","Primary Tumor"
"8691",0.932019230769231,1,0.000423037775102775,"Uterine Carcinosarcoma","Primary Tumor"
"8692",0.932115384615385,1,0.000422801753748758,"Uterine Carcinosarcoma","Primary Tumor"
"8693",0.932211538461538,1,0.000422619029576188,"Uterine Carcinosarcoma","Primary Tumor"
"8694",0.932307692307692,1,0.000421975599028013,"Uterine Carcinosarcoma","Primary Tumor"
"8695",0.932403846153846,1,0.000421289715847539,"Uterine Carcinosarcoma","Primary Tumor"
"8696",0.9325,1,0.000421234417106398,"Uterine Carcinosarcoma","Primary Tumor"
"8697",0.932596153846154,1,0.000421101666610024,"Uterine Carcinosarcoma","Primary Tumor"
"8698",0.932692307692308,1,0.000420963786765149,"Uterine Carcinosarcoma","Primary Tumor"
"8699",0.932788461538462,1,0.000420485158090456,"Uterine Carcinosarcoma","Primary Tumor"
"8700",0.932884615384615,1,0.000420166544716327,"Uterine Carcinosarcoma","Primary Tumor"
"8701",0.932980769230769,1,0.00042013732053181,"Uterine Carcinosarcoma","Primary Tumor"
"8702",0.933076923076923,1,0.000419363423519337,"Uterine Carcinosarcoma","Primary Tumor"
"8703",0.933173076923077,1,0.000419235884849378,"Uterine Carcinosarcoma","Primary Tumor"
"8704",0.933269230769231,1,0.000418672589551861,"Uterine Carcinosarcoma","Primary Tumor"
"8705",0.933365384615385,1,0.000418349189161504,"Uterine Carcinosarcoma","Primary Tumor"
"8706",0.933461538461538,1,0.000418144765339523,"Uterine Carcinosarcoma","Primary Tumor"
"8707",0.933557692307692,1,0.000417981335892104,"Uterine Carcinosarcoma","Primary Tumor"
"8708",0.933653846153846,1,0.000417668804425841,"Uterine Carcinosarcoma","Primary Tumor"
"8709",0.93375,1,0.000417645771501718,"Uterine Carcinosarcoma","Primary Tumor"
"8710",0.933846153846154,1,0.000417037799354092,"Uterine Carcinosarcoma","Primary Tumor"
"8711",0.933942307692308,1,0.000416544303402211,"Uterine Carcinosarcoma","Primary Tumor"
"8712",0.934038461538461,1,0.000416227267814095,"Uterine Carcinosarcoma","Primary Tumor"
"8713",0.934134615384615,1,0.000415681669114321,"Uterine Carcinosarcoma","Primary Tumor"
"8714",0.934230769230769,1,0.000415402058664083,"Uterine Carcinosarcoma","Primary Tumor"
"8715",0.934326923076923,1,0.000414111401928929,"Uterine Carcinosarcoma","Primary Tumor"
"8716",0.934423076923077,1,0.000413936533793402,"Uterine Carcinosarcoma","Primary Tumor"
"8717",0.934519230769231,1,0.000413330066824313,"Uterine Carcinosarcoma","Primary Tumor"
"8718",0.934615384615385,1,0.000411451060510548,"Uterine Carcinosarcoma","Primary Tumor"
"8719",0.934711538461538,1,0.000410315738669009,"Uterine Carcinosarcoma","Primary Tumor"
"8720",0.934807692307692,1,0.000410088798828423,"Uterine Carcinosarcoma","Primary Tumor"
"8721",0.934903846153846,1,0.00040963929777027,"Uterine Carcinosarcoma","Primary Tumor"
"8722",0.935,1,0.000409575555188502,"Uterine Carcinosarcoma","Primary Tumor"
"8723",0.935096153846154,1,0.000409262331099391,"Uterine Carcinosarcoma","Primary Tumor"
"8724",0.935192307692308,1,0.000409166396629579,"Uterine Carcinosarcoma","Primary Tumor"
"8725",0.935288461538462,1,0.000408821212075305,"Uterine Carcinosarcoma","Primary Tumor"
"8726",0.935384615384615,1,0.000408769829866151,"Uterine Carcinosarcoma","Primary Tumor"
"8727",0.935480769230769,1,0.000408338933094443,"Uterine Carcinosarcoma","Primary Tumor"
"8728",0.935576923076923,1,0.000407967048461688,"Uterine Carcinosarcoma","Primary Tumor"
"8729",0.935673076923077,1,0.000407797762995599,"Uterine Carcinosarcoma","Primary Tumor"
"8730",0.935769230769231,1,0.00040731856118037,"Uterine Carcinosarcoma","Primary Tumor"
"8731",0.935865384615385,1,0.000407018127551839,"Uterine Carcinosarcoma","Primary Tumor"
"8732",0.935961538461539,1,0.000406804578888198,"Uterine Carcinosarcoma","Primary Tumor"
"8733",0.936057692307692,1,0.000406474216916419,"Uterine Carcinosarcoma","Primary Tumor"
"8734",0.936153846153846,1,0.000406335063467544,"Uterine Carcinosarcoma","Primary Tumor"
"8735",0.93625,1,0.00040621583610756,"Uterine Carcinosarcoma","Primary Tumor"
"8736",0.936346153846154,1,0.000405411268301958,"Uterine Carcinosarcoma","Primary Tumor"
"8737",0.936442307692308,1,0.000405290192003083,"Uterine Carcinosarcoma","Primary Tumor"
"8738",0.936538461538462,1,0.000405198440933896,"Uterine Carcinosarcoma","Primary Tumor"
"8739",0.936634615384615,1,0.000405186082948483,"Uterine Carcinosarcoma","Primary Tumor"
"8740",0.936730769230769,1,0.000405100135990932,"Uterine Carcinosarcoma","Primary Tumor"
"8741",0.936826923076923,1,0.000404878032001954,"Uterine Carcinosarcoma","Primary Tumor"
"8742",0.936923076923077,1,0.000404452774394271,"Uterine Carcinosarcoma","Primary Tumor"
"8743",0.937019230769231,1,0.000404274450893305,"Uterine Carcinosarcoma","Primary Tumor"
"8744",0.937115384615385,1,0.000404144346016988,"Uterine Carcinosarcoma","Primary Tumor"
"8745",0.937211538461538,1,0.000403427258751754,"Uterine Carcinosarcoma","Primary Tumor"
"8746",0.937307692307692,1,0.000403361397395385,"Uterine Carcinosarcoma","Primary Tumor"
"8747",0.937403846153846,1,0.000403252013869482,"Uterine Carcinosarcoma","Primary Tumor"
"8748",0.9375,1,0.000402989894193295,"Uterine Carcinosarcoma","Primary Tumor"
"8749",0.937596153846154,1,0.000402866851733852,"Uterine Carcinosarcoma","Primary Tumor"
"8750",0.937692307692308,1,0.000402835033098237,"Uterine Carcinosarcoma","Primary Tumor"
"8751",0.937788461538462,1,0.00040276004032247,"Uterine Carcinosarcoma","Primary Tumor"
"8752",0.937884615384615,1,0.000402594497321718,"Uterine Carcinosarcoma","Primary Tumor"
"8753",0.937980769230769,1,0.000401945633266565,"Uterine Carcinosarcoma","Primary Tumor"
"8754",0.938076923076923,1,0.000401884051289714,"Uterine Carcinosarcoma","Primary Tumor"
"8755",0.938173076923077,1,0.000401261820438648,"Uterine Carcinosarcoma","Primary Tumor"
"8756",0.938269230769231,1,0.000400174897608685,"Uterine Carcinosarcoma","Primary Tumor"
"8757",0.938365384615385,1,0.000399805100608441,"Uterine Carcinosarcoma","Primary Tumor"
"8758",0.938461538461538,1,0.000399713000808433,"Uterine Carcinosarcoma","Primary Tumor"
"8759",0.938557692307692,1,0.000399071468617174,"Uterine Carcinosarcoma","Primary Tumor"
"8760",0.938653846153846,1,0.000398368316483322,"Uterine Carcinosarcoma","Primary Tumor"
"8761",0.93875,1,0.000398094131090043,"Uterine Carcinosarcoma","Primary Tumor"
"8762",0.938846153846154,1,0.000397990249513369,"Uterine Carcinosarcoma","Primary Tumor"
"8763",0.938942307692308,1,0.000396381014061031,"Uterine Carcinosarcoma","Primary Tumor"
"8764",0.939038461538461,1,0.000395256231856544,"Uterine Carcinosarcoma","Primary Tumor"
"8765",0.939134615384615,1,0.000394812981108883,"Uterine Carcinosarcoma","Primary Tumor"
"8766",0.939230769230769,1,0.000394609647240585,"Uterine Carcinosarcoma","Primary Tumor"
"8767",0.939326923076923,1,0.000394447625753469,"Uterine Carcinosarcoma","Primary Tumor"
"8768",0.939423076923077,1,0.000394378704774101,"Uterine Carcinosarcoma","Primary Tumor"
"8769",0.939519230769231,1,0.000393461213711643,"Uterine Carcinosarcoma","Primary Tumor"
"8770",0.939615384615385,1,0.000393086166505352,"Uterine Carcinosarcoma","Primary Tumor"
"8771",0.939711538461538,1,0.000392816549991348,"Uterine Carcinosarcoma","Primary Tumor"
"8772",0.939807692307692,1,0.000392205855226258,"Uterine Carcinosarcoma","Primary Tumor"
"8773",0.939903846153846,1,0.00039216139763576,"Uterine Carcinosarcoma","Primary Tumor"
"8774",0.94,1,0.000391892441125918,"Uterine Carcinosarcoma","Primary Tumor"
"8775",0.940096153846154,1,0.000391766756011491,"Uterine Carcinosarcoma","Primary Tumor"
"8776",0.940192307692308,1,0.000391547407623039,"Uterine Carcinosarcoma","Primary Tumor"
"8777",0.940288461538462,1,0.000391320762713976,"Uterine Carcinosarcoma","Primary Tumor"
"8778",0.940384615384615,1,0.000391185465321353,"Uterine Carcinosarcoma","Primary Tumor"
"8779",0.940480769230769,1,0.000390704127224528,"Uterine Carcinosarcoma","Primary Tumor"
"8780",0.940576923076923,1,0.000390677277748441,"Uterine Carcinosarcoma","Primary Tumor"
"8781",0.940673076923077,1,0.000389571754871421,"Uterine Carcinosarcoma","Primary Tumor"
"8782",0.940769230769231,1,0.000389139084085444,"Uterine Carcinosarcoma","Primary Tumor"
"8783",0.940865384615385,1,0.000388963789073604,"Uterine Carcinosarcoma","Primary Tumor"
"8784",0.940961538461539,1,0.000388945293264387,"Uterine Carcinosarcoma","Primary Tumor"
"8785",0.941057692307692,1,0.000388349524547249,"Uterine Carcinosarcoma","Primary Tumor"
"8786",0.941153846153846,1,0.000388051212298457,"Uterine Carcinosarcoma","Primary Tumor"
"8787",0.94125,1,0.000387490318395689,"Uterine Carcinosarcoma","Primary Tumor"
"8788",0.941346153846154,1,0.000387424834853989,"Uterine Carcinosarcoma","Primary Tumor"
"8789",0.941442307692308,1,0.000387209992079085,"Uterine Carcinosarcoma","Primary Tumor"
"8790",0.941538461538462,1,0.00038691723139983,"Uterine Carcinosarcoma","Primary Tumor"
"8791",0.941634615384615,1,0.00038569572056113,"Uterine Carcinosarcoma","Primary Tumor"
"8792",0.941730769230769,1,0.000385314991175223,"Uterine Carcinosarcoma","Primary Tumor"
"8793",0.941826923076923,1,0.000385272573623974,"Uterine Carcinosarcoma","Primary Tumor"
"8794",0.941923076923077,1,0.0003847477380029,"Uterine Carcinosarcoma","Primary Tumor"
"8795",0.942019230769231,1,0.000384612732433065,"Uterine Carcinosarcoma","Primary Tumor"
"8796",0.942115384615385,1,0.000384315092547549,"Uterine Carcinosarcoma","Primary Tumor"
"8797",0.942211538461538,1,0.000383946958278814,"Uterine Carcinosarcoma","Primary Tumor"
"8798",0.942307692307692,1,0.000383941171606006,"Uterine Carcinosarcoma","Primary Tumor"
"8799",0.942403846153846,1,0.000383754861143393,"Uterine Carcinosarcoma","Primary Tumor"
"8800",0.9425,1,0.000383614429752988,"Uterine Carcinosarcoma","Primary Tumor"
"8801",0.942596153846154,1,0.000383517111921972,"Uterine Carcinosarcoma","Primary Tumor"
"8802",0.942692307692308,1,0.000382824070343957,"Uterine Carcinosarcoma","Primary Tumor"
"8803",0.942788461538462,1,0.00038250880474977,"Uterine Carcinosarcoma","Primary Tumor"
"8804",0.942884615384615,1,0.000382507362907902,"Uterine Carcinosarcoma","Primary Tumor"
"8805",0.942980769230769,1,0.000381259329506611,"Uterine Carcinosarcoma","Primary Tumor"
"8806",0.943076923076923,1,0.000380793075414942,"Uterine Carcinosarcoma","Primary Tumor"
"8807",0.943173076923077,1,0.000380645526771861,"Uterine Carcinosarcoma","Primary Tumor"
"8808",0.943269230769231,1,0.000380539970607385,"Uterine Carcinosarcoma","Primary Tumor"
"8809",0.943365384615385,1,0.000380335036662793,"Uterine Carcinosarcoma","Primary Tumor"
"8810",0.943461538461538,1,0.000380159309411043,"Uterine Carcinosarcoma","Primary Tumor"
"8811",0.943557692307692,1,0.000380051114402646,"Uterine Carcinosarcoma","Primary Tumor"
"8812",0.943653846153846,1,0.000379771491219927,"Uterine Carcinosarcoma","Primary Tumor"
"8813",0.94375,1,0.00037959655191,"Uterine Carcinosarcoma","Primary Tumor"
"8814",0.943846153846154,1,0.000379349695356579,"Uterine Carcinosarcoma","Primary Tumor"
"8815",0.943942307692308,1,0.000379212614883162,"Uterine Carcinosarcoma","Primary Tumor"
"8816",0.944038461538461,1,0.000378860495078182,"Uterine Carcinosarcoma","Primary Tumor"
"8817",0.944134615384615,1,0.000377505453055038,"Uterine Carcinosarcoma","Primary Tumor"
"8818",0.944230769230769,1,0.000377361016082656,"Uterine Carcinosarcoma","Primary Tumor"
"8819",0.944326923076923,1,0.000377027998345936,"Uterine Carcinosarcoma","Primary Tumor"
"8820",0.944423076923077,1,0.000376402194240177,"Uterine Carcinosarcoma","Primary Tumor"
"8821",0.944519230769231,1,0.000376352926383383,"Uterine Carcinosarcoma","Primary Tumor"
"8822",0.944615384615385,1,0.000376049046468818,"Uterine Carcinosarcoma","Primary Tumor"
"8823",0.944711538461538,1,0.000375605688206382,"Uterine Carcinosarcoma","Primary Tumor"
"8824",0.944807692307692,1,0.000375174587142424,"Uterine Carcinosarcoma","Primary Tumor"
"8825",0.944903846153846,1,0.00037485264120396,"Uterine Carcinosarcoma","Primary Tumor"
"8826",0.945,1,0.000374460758183148,"Uterine Carcinosarcoma","Primary Tumor"
"8827",0.945096153846154,1,0.00037443074134591,"Uterine Carcinosarcoma","Primary Tumor"
"8828",0.945192307692308,1,0.000374406666512339,"Uterine Carcinosarcoma","Primary Tumor"
"8829",0.945288461538462,1,0.000374184143317025,"Uterine Carcinosarcoma","Primary Tumor"
"8830",0.945384615384615,1,0.000374134311201257,"Uterine Carcinosarcoma","Primary Tumor"
"8831",0.945480769230769,1,0.000373212265998069,"Uterine Carcinosarcoma","Primary Tumor"
"8832",0.945576923076923,1,0.000373011970404291,"Uterine Carcinosarcoma","Primary Tumor"
"8833",0.945673076923077,1,0.000372549389599741,"Uterine Carcinosarcoma","Primary Tumor"
"8834",0.945769230769231,1,0.000371748868444044,"Uterine Carcinosarcoma","Primary Tumor"
"8835",0.945865384615385,1,0.000371681618308362,"Uterine Carcinosarcoma","Primary Tumor"
"8836",0.945961538461538,1,0.000371187805244144,"Uterine Carcinosarcoma","Primary Tumor"
"8837",0.946057692307692,1,0.000371157477464967,"Uterine Carcinosarcoma","Primary Tumor"
"8838",0.946153846153846,1,0.00037100952862934,"Uterine Carcinosarcoma","Primary Tumor"
"8839",0.94625,1,0.000370964122568318,"Uterine Carcinosarcoma","Primary Tumor"
"8840",0.946346153846154,1,0.000370497271011572,"Uterine Carcinosarcoma","Primary Tumor"
"8841",0.946442307692308,1,0.000370004325752959,"Uterine Carcinosarcoma","Primary Tumor"
"8842",0.946538461538462,1,0.000369603269992691,"Uterine Carcinosarcoma","Primary Tumor"
"8843",0.946634615384615,1,0.000369475840154121,"Uterine Carcinosarcoma","Primary Tumor"
"8844",0.946730769230769,1,0.000369378798562581,"Uterine Carcinosarcoma","Primary Tumor"
"8845",0.946826923076923,1,0.00036636713498317,"Uterine Carcinosarcoma","Primary Tumor"
"8846",0.946923076923077,1,0.000365995117616147,"Uterine Carcinosarcoma","Primary Tumor"
"8847",0.947019230769231,1,0.000365164283637198,"Uterine Carcinosarcoma","Primary Tumor"
"8848",0.947115384615385,1,0.000365159119362413,"Uterine Carcinosarcoma","Primary Tumor"
"8849",0.947211538461538,1,0.000364711996564071,"Uterine Carcinosarcoma","Primary Tumor"
"8850",0.947307692307692,1,0.000363289254634913,"Uterine Carcinosarcoma","Primary Tumor"
"8851",0.947403846153846,1,0.000362146461826418,"Uterine Carcinosarcoma","Primary Tumor"
"8852",0.9475,1,0.000360243369912805,"Uterine Carcinosarcoma","Primary Tumor"
"8853",0.947596153846154,1,0.000360179923408199,"Uterine Carcinosarcoma","Primary Tumor"
"8854",0.947692307692308,1,0.000359590189430659,"Uterine Carcinosarcoma","Primary Tumor"
"8855",0.947788461538462,1,0.000359214024863608,"Uterine Carcinosarcoma","Primary Tumor"
"8856",0.947884615384615,1,0.000359151245533873,"Uterine Carcinosarcoma","Primary Tumor"
"8857",0.947980769230769,1,0.000358147972017497,"Uterine Carcinosarcoma","Primary Tumor"
"8858",0.948076923076923,1,0.000358103532866916,"Uterine Carcinosarcoma","Primary Tumor"
"8859",0.948173076923077,1,0.000357669181087816,"Uterine Carcinosarcoma","Primary Tumor"
"8860",0.948269230769231,1,0.000357398336534476,"Uterine Carcinosarcoma","Primary Tumor"
"8861",0.948365384615385,1,0.000357345209499371,"Uterine Carcinosarcoma","Primary Tumor"
"8862",0.948461538461538,1,0.000356709079324169,"Uterine Carcinosarcoma","Primary Tumor"
"8863",0.948557692307692,1,0.000356687629220143,"Uterine Carcinosarcoma","Primary Tumor"
"8864",0.948653846153846,1,0.000356582956371532,"Uterine Carcinosarcoma","Primary Tumor"
"8865",0.94875,1,0.00035656081291946,"Uterine Carcinosarcoma","Primary Tumor"
"8866",0.948846153846154,1,0.000356518847400511,"Uterine Carcinosarcoma","Primary Tumor"
"8867",0.948942307692308,1,0.000355966847322087,"Uterine Carcinosarcoma","Primary Tumor"
"8868",0.949038461538461,1,0.000355837954816973,"Uterine Carcinosarcoma","Primary Tumor"
"8869",0.949134615384615,1,0.000355547144292312,"Uterine Carcinosarcoma","Primary Tumor"
"8870",0.949230769230769,1,0.000355141654557189,"Uterine Carcinosarcoma","Primary Tumor"
"8871",0.949326923076923,1,0.000354970526317833,"Uterine Carcinosarcoma","Primary Tumor"
"8872",0.949423076923077,1,0.000354556487721758,"Uterine Carcinosarcoma","Primary Tumor"
"8873",0.949519230769231,1,0.000353583364445909,"Uterine Carcinosarcoma","Primary Tumor"
"8874",0.949615384615385,1,0.0003534774486883,"Uterine Carcinosarcoma","Primary Tumor"
"8875",0.949711538461538,1,0.000353224964567023,"Uterine Carcinosarcoma","Primary Tumor"
"8876",0.949807692307692,1,0.000352732552722612,"Uterine Carcinosarcoma","Primary Tumor"
"8877",0.949903846153846,1,0.000352398203233406,"Uterine Carcinosarcoma","Primary Tumor"
"8878",0.95,1,0.000351559701841198,"Uterine Carcinosarcoma","Primary Tumor"
"8879",0.950096153846154,1,0.000351276078986218,"Uterine Carcinosarcoma","Primary Tumor"
"8880",0.950192307692308,1,0.000351223685447155,"Uterine Carcinosarcoma","Primary Tumor"
"8881",0.950288461538462,1,0.000351076120029825,"Uterine Carcinosarcoma","Primary Tumor"
"8882",0.950384615384615,1,0.000350429235044469,"Uterine Carcinosarcoma","Primary Tumor"
"8883",0.950480769230769,1,0.000350101084933052,"Uterine Carcinosarcoma","Primary Tumor"
"8884",0.950576923076923,1,0.000349191374626412,"Uterine Carcinosarcoma","Primary Tumor"
"8885",0.950673076923077,1,0.000348732595387702,"Uterine Carcinosarcoma","Primary Tumor"
"8886",0.950769230769231,1,0.000348597702217179,"Uterine Carcinosarcoma","Primary Tumor"
"8887",0.950865384615385,1,0.0003485550991702,"Uterine Carcinosarcoma","Primary Tumor"
"8888",0.950961538461538,1,0.000348398301815434,"Uterine Carcinosarcoma","Primary Tumor"
"8889",0.951057692307692,1,0.000348284937353505,"Uterine Carcinosarcoma","Primary Tumor"
"8890",0.951153846153846,1,0.000348032059050873,"Uterine Carcinosarcoma","Primary Tumor"
"8891",0.95125,1,0.000343946004577211,"Uterine Carcinosarcoma","Primary Tumor"
"8892",0.951346153846154,1,0.000343244709355761,"Uterine Carcinosarcoma","Primary Tumor"
"8893",0.951442307692308,1,0.000342868561377663,"Uterine Carcinosarcoma","Primary Tumor"
"8894",0.951538461538462,1,0.000342856016192994,"Uterine Carcinosarcoma","Primary Tumor"
"8895",0.951634615384615,1,0.000341945890093731,"Uterine Carcinosarcoma","Primary Tumor"
"8896",0.951730769230769,1,0.000341465001678087,"Uterine Carcinosarcoma","Primary Tumor"
"8897",0.951826923076923,1,0.000341459043612935,"Uterine Carcinosarcoma","Primary Tumor"
"8898",0.951923076923077,1,0.000341355439191338,"Uterine Carcinosarcoma","Primary Tumor"
"8899",0.952019230769231,1,0.000340828741209998,"Uterine Carcinosarcoma","Primary Tumor"
"8900",0.952115384615385,1,0.000340683706584022,"Uterine Carcinosarcoma","Primary Tumor"
"8901",0.952211538461538,1,0.000340061166367533,"Uterine Carcinosarcoma","Primary Tumor"
"8902",0.952307692307692,1,0.000339624927577775,"Uterine Carcinosarcoma","Primary Tumor"
"8903",0.952403846153846,1,0.000339042119645638,"Uterine Carcinosarcoma","Primary Tumor"
"8904",0.9525,1,0.000338949907902952,"Uterine Carcinosarcoma","Primary Tumor"
"8905",0.952596153846154,1,0.000338697396713883,"Uterine Carcinosarcoma","Primary Tumor"
"8906",0.952692307692308,1,0.000338528622351286,"Uterine Carcinosarcoma","Primary Tumor"
"8907",0.952788461538462,1,0.000338235608190351,"Uterine Carcinosarcoma","Primary Tumor"
"8908",0.952884615384615,1,0.000337684368472035,"Uterine Carcinosarcoma","Primary Tumor"
"8909",0.952980769230769,1,0.000337432476100408,"Uterine Carcinosarcoma","Primary Tumor"
"8910",0.953076923076923,1,0.000337126938788179,"Uterine Carcinosarcoma","Primary Tumor"
"8911",0.953173076923077,1,0.000336816796078554,"Uterine Carcinosarcoma","Primary Tumor"
"8912",0.953269230769231,1,0.000335900167650949,"Uterine Carcinosarcoma","Primary Tumor"
"8913",0.953365384615385,1,0.000335577382964636,"Uterine Carcinosarcoma","Primary Tumor"
"8914",0.953461538461538,1,0.000335156762154565,"Uterine Carcinosarcoma","Primary Tumor"
"8915",0.953557692307692,1,0.000333750014021361,"Uterine Carcinosarcoma","Primary Tumor"
"8916",0.953653846153846,1,0.000333635167780288,"Uterine Carcinosarcoma","Primary Tumor"
"8917",0.95375,1,0.00033351573092999,"Uterine Carcinosarcoma","Primary Tumor"
"8918",0.953846153846154,1,0.000333234443552488,"Uterine Carcinosarcoma","Primary Tumor"
"8919",0.953942307692308,1,0.000333109935465759,"Uterine Carcinosarcoma","Primary Tumor"
"8920",0.954038461538462,1,0.000331699676385799,"Uterine Carcinosarcoma","Primary Tumor"
"8921",0.954134615384615,1,0.000330414936438594,"Uterine Carcinosarcoma","Primary Tumor"
"8922",0.954230769230769,1,0.000330229692478756,"Uterine Carcinosarcoma","Primary Tumor"
"8923",0.954326923076923,1,0.000329965777835173,"Uterine Carcinosarcoma","Primary Tumor"
"8924",0.954423076923077,1,0.000329856053462585,"Uterine Carcinosarcoma","Primary Tumor"
"8925",0.954519230769231,1,0.000328709406573369,"Uterine Carcinosarcoma","Primary Tumor"
"8926",0.954615384615385,1,0.000328460222049909,"Uterine Carcinosarcoma","Primary Tumor"
"8927",0.954711538461538,1,0.000327985750014026,"Uterine Carcinosarcoma","Primary Tumor"
"8928",0.954807692307692,1,0.000327853551508439,"Uterine Carcinosarcoma","Primary Tumor"
"8929",0.954903846153846,1,0.00032668605460362,"Uterine Carcinosarcoma","Primary Tumor"
"8930",0.955,1,0.000325486688291243,"Uterine Carcinosarcoma","Primary Tumor"
"8931",0.955096153846154,1,0.000325409758841988,"Uterine Carcinosarcoma","Primary Tumor"
"8932",0.955192307692308,1,0.000325366350949485,"Uterine Carcinosarcoma","Primary Tumor"
"8933",0.955288461538462,1,0.000324690459070687,"Uterine Carcinosarcoma","Primary Tumor"
"8934",0.955384615384615,1,0.000324138014166642,"Uterine Carcinosarcoma","Primary Tumor"
"8935",0.955480769230769,1,0.000323482758871174,"Uterine Carcinosarcoma","Primary Tumor"
"8936",0.955576923076923,1,0.000323374746176608,"Uterine Carcinosarcoma","Primary Tumor"
"8937",0.955673076923077,1,0.000322880244197465,"Uterine Carcinosarcoma","Primary Tumor"
"8938",0.955769230769231,1,0.000321959638116986,"Uterine Carcinosarcoma","Primary Tumor"
"8939",0.955865384615385,1,0.000321955922929495,"Uterine Carcinosarcoma","Primary Tumor"
"8940",0.955961538461538,1,0.00032124425662361,"Uterine Carcinosarcoma","Primary Tumor"
"8941",0.956057692307692,1,0.000321207234225684,"Uterine Carcinosarcoma","Primary Tumor"
"8942",0.956153846153846,1,0.000321087026216915,"Uterine Carcinosarcoma","Primary Tumor"
"8943",0.95625,1,0.000320025909755217,"Uterine Carcinosarcoma","Primary Tumor"
"8944",0.956346153846154,1,0.000319198670147514,"Uterine Carcinosarcoma","Primary Tumor"
"8945",0.956442307692308,1,0.00031910029474469,"Uterine Carcinosarcoma","Primary Tumor"
"8946",0.956538461538462,1,0.000319023390796258,"Uterine Carcinosarcoma","Primary Tumor"
"8947",0.956634615384615,1,0.000318109917827325,"Uterine Carcinosarcoma","Primary Tumor"
"8948",0.956730769230769,1,0.000317476505451442,"Uterine Carcinosarcoma","Primary Tumor"
"8949",0.956826923076923,1,0.000317330750024269,"Uterine Carcinosarcoma","Primary Tumor"
"8950",0.956923076923077,1,0.000316637256296048,"Uterine Carcinosarcoma","Primary Tumor"
"8951",0.957019230769231,1,0.000316112529781698,"Uterine Carcinosarcoma","Primary Tumor"
"8952",0.957115384615385,1,0.000316058941341013,"Uterine Carcinosarcoma","Primary Tumor"
"8953",0.957211538461539,1,0.000315994482846027,"Uterine Carcinosarcoma","Primary Tumor"
"8954",0.957307692307692,1,0.000315126698419821,"Uterine Carcinosarcoma","Primary Tumor"
"8955",0.957403846153846,1,0.000314432810438525,"Uterine Carcinosarcoma","Primary Tumor"
"8956",0.9575,1,0.000314199205095345,"Uterine Carcinosarcoma","Primary Tumor"
"8957",0.957596153846154,1,0.000313482036988999,"Uterine Carcinosarcoma","Primary Tumor"
"8958",0.957692307692308,1,0.000313447987156268,"Uterine Carcinosarcoma","Primary Tumor"
"8959",0.957788461538462,1,0.000313295632834221,"Uterine Carcinosarcoma","Primary Tumor"
"8960",0.957884615384615,1,0.000312772131172201,"Uterine Carcinosarcoma","Primary Tumor"
"8961",0.957980769230769,1,0.000312097909880515,"Uterine Carcinosarcoma","Primary Tumor"
"8962",0.958076923076923,1,0.000311979347533131,"Uterine Carcinosarcoma","Primary Tumor"
"8963",0.958173076923077,1,0.000311035325032072,"Uterine Carcinosarcoma","Primary Tumor"
"8964",0.958269230769231,1,0.00031099601065665,"Uterine Carcinosarcoma","Primary Tumor"
"8965",0.958365384615385,1,0.000310447329716412,"Uterine Carcinosarcoma","Primary Tumor"
"8966",0.958461538461538,1,0.00030988309333968,"Uterine Carcinosarcoma","Primary Tumor"
"8967",0.958557692307692,1,0.000309577307151865,"Uterine Carcinosarcoma","Primary Tumor"
"8968",0.958653846153846,1,0.000309469839960386,"Uterine Carcinosarcoma","Primary Tumor"
"8969",0.95875,1,0.000309252827507267,"Uterine Carcinosarcoma","Primary Tumor"
"8970",0.958846153846154,1,0.000308546809376531,"Uterine Carcinosarcoma","Primary Tumor"
"8971",0.958942307692308,1,0.000308148943226838,"Uterine Carcinosarcoma","Primary Tumor"
"8972",0.959038461538462,1,0.000308006340448475,"Uterine Carcinosarcoma","Primary Tumor"
"8973",0.959134615384615,1,0.000307308786925531,"Uterine Carcinosarcoma","Primary Tumor"
"8974",0.959230769230769,1,0.000307003948828211,"Uterine Carcinosarcoma","Primary Tumor"
"8975",0.959326923076923,1,0.000306885839306825,"Uterine Carcinosarcoma","Primary Tumor"
"8976",0.959423076923077,1,0.000306198508660982,"Uterine Carcinosarcoma","Primary Tumor"
"8977",0.959519230769231,1,0.000305209648720384,"Uterine Carcinosarcoma","Primary Tumor"
"8978",0.959615384615385,1,0.000305166952654257,"Uterine Carcinosarcoma","Primary Tumor"
"8979",0.959711538461538,1,0.000305112739377278,"Uterine Carcinosarcoma","Primary Tumor"
"8980",0.959807692307692,1,0.000305099650080742,"Uterine Carcinosarcoma","Primary Tumor"
"8981",0.959903846153846,1,0.000304997771104598,"Uterine Carcinosarcoma","Primary Tumor"
"8982",0.96,1,0.000304678372937572,"Uterine Carcinosarcoma","Primary Tumor"
"8983",0.960096153846154,1,0.000304250278381435,"Uterine Carcinosarcoma","Primary Tumor"
"8984",0.960192307692308,1,0.000304044200264086,"Uterine Carcinosarcoma","Primary Tumor"
"8985",0.960288461538462,1,0.000303987700672637,"Uterine Carcinosarcoma","Primary Tumor"
"8986",0.960384615384615,1,0.00030346713108631,"Uterine Carcinosarcoma","Primary Tumor"
"8987",0.960480769230769,1,0.000303437622043656,"Uterine Carcinosarcoma","Primary Tumor"
"8988",0.960576923076923,1,0.000303424377784967,"Uterine Carcinosarcoma","Primary Tumor"
"8989",0.960673076923077,1,0.00030314635194717,"Uterine Carcinosarcoma","Primary Tumor"
"8990",0.960769230769231,1,0.000303005468222151,"Uterine Carcinosarcoma","Primary Tumor"
"8991",0.960865384615385,1,0.000301566822315968,"Uterine Carcinosarcoma","Primary Tumor"
"8992",0.960961538461538,1,0.000300920230888901,"Uterine Carcinosarcoma","Primary Tumor"
"8993",0.961057692307692,1,0.00030021660122026,"Uterine Carcinosarcoma","Primary Tumor"
"8994",0.961153846153846,1,0.000300063974034592,"Uterine Carcinosarcoma","Primary Tumor"
"8995",0.96125,1,0.00029901174533975,"Uterine Carcinosarcoma","Primary Tumor"
"8996",0.961346153846154,1,0.000298987799894346,"Uterine Carcinosarcoma","Primary Tumor"
"8997",0.961442307692308,1,0.000298718496611672,"Uterine Carcinosarcoma","Primary Tumor"
"8998",0.961538461538462,1,0.000298646768583044,"Uterine Carcinosarcoma","Primary Tumor"
"8999",0.961634615384615,1,0.000298425286049508,"Uterine Carcinosarcoma","Primary Tumor"
"9000",0.961730769230769,1,0.000297826515283872,"Uterine Carcinosarcoma","Primary Tumor"
"9001",0.961826923076923,1,0.000297774187456246,"Uterine Carcinosarcoma","Primary Tumor"
"9002",0.961923076923077,1,0.000297210877841514,"Uterine Carcinosarcoma","Primary Tumor"
"9003",0.962019230769231,1,0.000296071080760685,"Uterine Carcinosarcoma","Primary Tumor"
"9004",0.962115384615385,1,0.0002960537902581,"Uterine Carcinosarcoma","Primary Tumor"
"9005",0.962211538461539,1,0.00029467388661053,"Uterine Carcinosarcoma","Primary Tumor"
"9006",0.962307692307692,1,0.000294471786615569,"Uterine Carcinosarcoma","Primary Tumor"
"9007",0.962403846153846,1,0.000294153255151253,"Uterine Carcinosarcoma","Primary Tumor"
"9008",0.9625,1,0.000294091847642619,"Uterine Carcinosarcoma","Primary Tumor"
"9009",0.962596153846154,1,0.000293156857665955,"Uterine Carcinosarcoma","Primary Tumor"
"9010",0.962692307692308,1,0.000292886641828138,"Uterine Carcinosarcoma","Primary Tumor"
"9011",0.962788461538462,1,0.000292882451024989,"Uterine Carcinosarcoma","Primary Tumor"
"9012",0.962884615384615,1,0.000292087777189254,"Uterine Carcinosarcoma","Primary Tumor"
"9013",0.962980769230769,1,0.000292027495328528,"Uterine Carcinosarcoma","Primary Tumor"
"9014",0.963076923076923,1,0.000291918110171929,"Uterine Carcinosarcoma","Primary Tumor"
"9015",0.963173076923077,1,0.000291873430974698,"Uterine Carcinosarcoma","Primary Tumor"
"9016",0.963269230769231,1,0.000291318529033524,"Uterine Carcinosarcoma","Primary Tumor"
"9017",0.963365384615385,1,0.000289868261291737,"Uterine Carcinosarcoma","Primary Tumor"
"9018",0.963461538461538,1,0.00028958918720734,"Uterine Carcinosarcoma","Primary Tumor"
"9019",0.963557692307692,1,0.000289370327856475,"Uterine Carcinosarcoma","Primary Tumor"
"9020",0.963653846153846,1,0.000289099010348015,"Uterine Carcinosarcoma","Primary Tumor"
"9021",0.96375,1,0.000288627267626351,"Uterine Carcinosarcoma","Primary Tumor"
"9022",0.963846153846154,1,0.000288339525906456,"Uterine Carcinosarcoma","Primary Tumor"
"9023",0.963942307692308,1,0.000287853830111429,"Uterine Carcinosarcoma","Primary Tumor"
"9024",0.964038461538462,1,0.00028599883611935,"Uterine Carcinosarcoma","Primary Tumor"
"9025",0.964134615384615,1,0.000284851237183914,"Uterine Carcinosarcoma","Primary Tumor"
"9026",0.964230769230769,1,0.00028434595073723,"Uterine Carcinosarcoma","Primary Tumor"
"9027",0.964326923076923,1,0.000284274246733718,"Uterine Carcinosarcoma","Primary Tumor"
"9028",0.964423076923077,1,0.000283915591965722,"Uterine Carcinosarcoma","Primary Tumor"
"9029",0.964519230769231,1,0.000283320473261184,"Uterine Carcinosarcoma","Primary Tumor"
"9030",0.964615384615385,1,0.000282168312787379,"Uterine Carcinosarcoma","Primary Tumor"
"9031",0.964711538461538,1,0.000281042562120581,"Uterine Carcinosarcoma","Primary Tumor"
"9032",0.964807692307692,1,0.000280950659929724,"Uterine Carcinosarcoma","Primary Tumor"
"9033",0.964903846153846,1,0.000280787626697032,"Uterine Carcinosarcoma","Primary Tumor"
"9034",0.965,1,0.000279712353853934,"Uterine Carcinosarcoma","Primary Tumor"
"9035",0.965096153846154,1,0.000279673664349334,"Uterine Carcinosarcoma","Primary Tumor"
"9036",0.965192307692308,1,0.000279096477035057,"Uterine Carcinosarcoma","Primary Tumor"
"9037",0.965288461538461,1,0.000278893129228464,"Uterine Carcinosarcoma","Primary Tumor"
"9038",0.965384615384615,1,0.000277678182313501,"Uterine Carcinosarcoma","Primary Tumor"
"9039",0.965480769230769,1,0.000275858010560737,"Uterine Carcinosarcoma","Primary Tumor"
"9040",0.965576923076923,1,0.000274766166365237,"Uterine Carcinosarcoma","Primary Tumor"
"9041",0.965673076923077,1,0.000274198244150758,"Uterine Carcinosarcoma","Primary Tumor"
"9042",0.965769230769231,1,0.000273356806913094,"Uterine Carcinosarcoma","Primary Tumor"
"9043",0.965865384615385,1,0.000273226395392734,"Uterine Carcinosarcoma","Primary Tumor"
"9044",0.965961538461538,1,0.000272852414399005,"Uterine Carcinosarcoma","Primary Tumor"
"9045",0.966057692307692,1,0.00027210192196947,"Uterine Carcinosarcoma","Primary Tumor"
"9046",0.966153846153846,1,0.00027183918709861,"Uterine Carcinosarcoma","Primary Tumor"
"9047",0.96625,1,0.000271131960754345,"Uterine Carcinosarcoma","Primary Tumor"
"9048",0.966346153846154,1,0.000271102590727934,"Uterine Carcinosarcoma","Primary Tumor"
"9049",0.966442307692308,1,0.000270759357644423,"Uterine Carcinosarcoma","Primary Tumor"
"9050",0.966538461538462,1,0.00027001062940224,"Uterine Carcinosarcoma","Primary Tumor"
"9051",0.966634615384615,1,0.000269339818759096,"Uterine Carcinosarcoma","Primary Tumor"
"9052",0.966730769230769,1,0.000269091247393161,"Uterine Carcinosarcoma","Primary Tumor"
"9053",0.966826923076923,1,0.000268937600789054,"Uterine Carcinosarcoma","Primary Tumor"
"9054",0.966923076923077,1,0.000268578504658445,"Uterine Carcinosarcoma","Primary Tumor"
"9055",0.967019230769231,1,0.000267178668003409,"Uterine Carcinosarcoma","Primary Tumor"
"9056",0.967115384615385,1,0.000265652185617138,"Uterine Carcinosarcoma","Primary Tumor"
"9057",0.967211538461539,1,0.000264552621916159,"Uterine Carcinosarcoma","Primary Tumor"
"9058",0.967307692307692,1,0.000264109684613212,"Uterine Carcinosarcoma","Primary Tumor"
"9059",0.967403846153846,1,0.000262192262414529,"Uterine Carcinosarcoma","Primary Tumor"
"9060",0.9675,1,0.000261997863994501,"Uterine Carcinosarcoma","Primary Tumor"
"9061",0.967596153846154,1,0.000261897369803754,"Uterine Carcinosarcoma","Primary Tumor"
"9062",0.967692307692308,1,0.000261821923613681,"Uterine Carcinosarcoma","Primary Tumor"
"9063",0.967788461538462,1,0.000261260694859877,"Uterine Carcinosarcoma","Primary Tumor"
"9064",0.967884615384615,1,0.000260380224864076,"Uterine Carcinosarcoma","Primary Tumor"
"9065",0.967980769230769,1,0.000260378790617133,"Uterine Carcinosarcoma","Primary Tumor"
"9066",0.968076923076923,1,0.000260290364210047,"Uterine Carcinosarcoma","Primary Tumor"
"9067",0.968173076923077,1,0.000259516131826509,"Uterine Carcinosarcoma","Primary Tumor"
"9068",0.968269230769231,1,0.000259334671619982,"Uterine Carcinosarcoma","Primary Tumor"
"9069",0.968365384615385,1,0.000259153001054169,"Uterine Carcinosarcoma","Primary Tumor"
"9070",0.968461538461538,1,0.000257510894725699,"Uterine Carcinosarcoma","Primary Tumor"
"9071",0.968557692307692,1,0.000256889035640473,"Uterine Carcinosarcoma","Primary Tumor"
"9072",0.968653846153846,1,0.000256163621892846,"Uterine Carcinosarcoma","Primary Tumor"
"9073",0.96875,1,0.000256095849804905,"Uterine Carcinosarcoma","Primary Tumor"
"9074",0.968846153846154,1,0.000255166002241958,"Uterine Carcinosarcoma","Primary Tumor"
"9075",0.968942307692308,1,0.000255026433504058,"Uterine Carcinosarcoma","Primary Tumor"
"9076",0.969038461538462,1,0.000254396802649826,"Uterine Carcinosarcoma","Primary Tumor"
"9077",0.969134615384615,1,0.00025391109614048,"Uterine Carcinosarcoma","Primary Tumor"
"9078",0.969230769230769,1,0.000253211357762129,"Uterine Carcinosarcoma","Primary Tumor"
"9079",0.969326923076923,1,0.000253193783767758,"Uterine Carcinosarcoma","Primary Tumor"
"9080",0.969423076923077,1,0.000253190555887572,"Uterine Carcinosarcoma","Primary Tumor"
"9081",0.969519230769231,1,0.000252522473109917,"Uterine Carcinosarcoma","Primary Tumor"
"9082",0.969615384615385,1,0.000251799139350029,"Uterine Carcinosarcoma","Primary Tumor"
"9083",0.969711538461538,1,0.000251762315646276,"Uterine Carcinosarcoma","Primary Tumor"
"9084",0.969807692307692,1,0.000251666417056429,"Uterine Carcinosarcoma","Primary Tumor"
"9085",0.969903846153846,1,0.000250755186326446,"Uterine Carcinosarcoma","Primary Tumor"
"9086",0.97,1,0.000249710578242412,"Uterine Carcinosarcoma","Primary Tumor"
"9087",0.970096153846154,1,0.000249626729671548,"Uterine Carcinosarcoma","Primary Tumor"
"9088",0.970192307692308,1,0.000249616117703244,"Uterine Carcinosarcoma","Primary Tumor"
"9089",0.970288461538461,1,0.000248821088524198,"Uterine Carcinosarcoma","Primary Tumor"
"9090",0.970384615384615,1,0.000248357891299733,"Uterine Carcinosarcoma","Primary Tumor"
"9091",0.970480769230769,1,0.000248261230204383,"Uterine Carcinosarcoma","Primary Tumor"
"9092",0.970576923076923,1,0.000247466935095142,"Uterine Carcinosarcoma","Primary Tumor"
"9093",0.970673076923077,1,0.000246590484783704,"Uterine Carcinosarcoma","Primary Tumor"
"9094",0.970769230769231,1,0.000246246664291183,"Uterine Carcinosarcoma","Primary Tumor"
"9095",0.970865384615385,1,0.000244658189512914,"Uterine Carcinosarcoma","Primary Tumor"
"9096",0.970961538461538,1,0.000243717001199739,"Uterine Carcinosarcoma","Primary Tumor"
"9097",0.971057692307692,1,0.000243133173659871,"Uterine Carcinosarcoma","Primary Tumor"
"9098",0.971153846153846,1,0.000243000071637023,"Uterine Carcinosarcoma","Primary Tumor"
"9099",0.97125,1,0.000242670380626864,"Uterine Carcinosarcoma","Primary Tumor"
"9100",0.971346153846154,1,0.000241983953843228,"Uterine Carcinosarcoma","Primary Tumor"
"9101",0.971442307692308,1,0.000241612883063569,"Uterine Carcinosarcoma","Primary Tumor"
"9102",0.971538461538462,1,0.000241351278872481,"Uterine Carcinosarcoma","Primary Tumor"
"9103",0.971634615384615,1,0.00024068763336349,"Uterine Carcinosarcoma","Primary Tumor"
"9104",0.971730769230769,1,0.000240348158058512,"Uterine Carcinosarcoma","Primary Tumor"
"9105",0.971826923076923,1,0.000240034813024481,"Uterine Carcinosarcoma","Primary Tumor"
"9106",0.971923076923077,1,0.000239604689114992,"Uterine Carcinosarcoma","Primary Tumor"
"9107",0.972019230769231,1,0.000236621776322776,"Uterine Carcinosarcoma","Primary Tumor"
"9108",0.972115384615385,1,0.000236589380560703,"Uterine Carcinosarcoma","Primary Tumor"
"9109",0.972211538461539,1,0.000236023291235177,"Uterine Carcinosarcoma","Primary Tumor"
"9110",0.972307692307692,1,0.000235988328557646,"Uterine Carcinosarcoma","Primary Tumor"
"9111",0.972403846153846,1,0.000235884339893744,"Uterine Carcinosarcoma","Primary Tumor"
"9112",0.9725,1,0.000235284242652845,"Uterine Carcinosarcoma","Primary Tumor"
"9113",0.972596153846154,1,0.000234909992417598,"Uterine Carcinosarcoma","Primary Tumor"
"9114",0.972692307692308,1,0.000234003751719891,"Uterine Carcinosarcoma","Primary Tumor"
"9115",0.972788461538462,1,0.000233817878834919,"Uterine Carcinosarcoma","Primary Tumor"
"9116",0.972884615384615,1,0.000233765761509463,"Uterine Carcinosarcoma","Primary Tumor"
"9117",0.972980769230769,1,0.000233755231712096,"Uterine Carcinosarcoma","Primary Tumor"
"9118",0.973076923076923,1,0.000233204702477452,"Uterine Carcinosarcoma","Primary Tumor"
"9119",0.973173076923077,1,0.000233080962620646,"Uterine Carcinosarcoma","Primary Tumor"
"9120",0.973269230769231,1,0.000232879664150643,"Uterine Carcinosarcoma","Primary Tumor"
"9121",0.973365384615385,1,0.000231191566401612,"Uterine Carcinosarcoma","Primary Tumor"
"9122",0.973461538461538,1,0.000231152464039819,"Uterine Carcinosarcoma","Primary Tumor"
"9123",0.973557692307692,1,0.000230769684665288,"Uterine Carcinosarcoma","Primary Tumor"
"9124",0.973653846153846,1,0.000230687548012032,"Uterine Carcinosarcoma","Primary Tumor"
"9125",0.97375,1,0.000230665718997658,"Uterine Carcinosarcoma","Primary Tumor"
"9126",0.973846153846154,1,0.000230327782027584,"Uterine Carcinosarcoma","Primary Tumor"
"9127",0.973942307692308,1,0.000230220370494139,"Uterine Carcinosarcoma","Primary Tumor"
"9128",0.974038461538462,1,0.000229088155532575,"Uterine Carcinosarcoma","Primary Tumor"
"9129",0.974134615384615,1,0.000228420964694442,"Uterine Carcinosarcoma","Primary Tumor"
"9130",0.974230769230769,1,0.000228054757430374,"Uterine Carcinosarcoma","Primary Tumor"
"9131",0.974326923076923,1,0.000227921714320289,"Uterine Carcinosarcoma","Primary Tumor"
"9132",0.974423076923077,1,0.000227056405362358,"Uterine Carcinosarcoma","Primary Tumor"
"9133",0.974519230769231,1,0.000225896603709752,"Uterine Carcinosarcoma","Primary Tumor"
"9134",0.974615384615385,1,0.000224787194600951,"Uterine Carcinosarcoma","Primary Tumor"
"9135",0.974711538461538,1,0.000223605626475165,"Uterine Carcinosarcoma","Primary Tumor"
"9136",0.974807692307692,1,0.000221876021859413,"Uterine Carcinosarcoma","Primary Tumor"
"9137",0.974903846153846,1,0.00022111302888117,"Uterine Carcinosarcoma","Primary Tumor"
"9138",0.975,1,0.000220984408633607,"Uterine Carcinosarcoma","Primary Tumor"
"9139",0.975096153846154,1,0.000220068343698476,"Uterine Carcinosarcoma","Primary Tumor"
"9140",0.975192307692308,1,0.000220040050141979,"Uterine Carcinosarcoma","Primary Tumor"
"9141",0.975288461538461,1,0.000219962797317952,"Uterine Carcinosarcoma","Primary Tumor"
"9142",0.975384615384615,1,0.000218594891332802,"Uterine Carcinosarcoma","Primary Tumor"
"9143",0.975480769230769,1,0.000218341269674349,"Uterine Carcinosarcoma","Primary Tumor"
"9144",0.975576923076923,1,0.000218169725056283,"Uterine Carcinosarcoma","Primary Tumor"
"9145",0.975673076923077,1,0.000217612970411007,"Uterine Carcinosarcoma","Primary Tumor"
"9146",0.975769230769231,1,0.000217280536851217,"Uterine Carcinosarcoma","Primary Tumor"
"9147",0.975865384615385,1,0.000217188523363054,"Uterine Carcinosarcoma","Primary Tumor"
"9148",0.975961538461538,1,0.000216994181685637,"Uterine Carcinosarcoma","Primary Tumor"
"9149",0.976057692307692,1,0.000215398762144381,"Uterine Carcinosarcoma","Primary Tumor"
"9150",0.976153846153846,1,0.000214990020397599,"Uterine Carcinosarcoma","Primary Tumor"
"9151",0.97625,1,0.000214874449552926,"Uterine Carcinosarcoma","Primary Tumor"
"9152",0.976346153846154,1,0.000213915426463762,"Uterine Carcinosarcoma","Primary Tumor"
"9153",0.976442307692308,1,0.000213439722739017,"Uterine Carcinosarcoma","Primary Tumor"
"9154",0.976538461538462,1,0.000213417051463716,"Uterine Carcinosarcoma","Primary Tumor"
"9155",0.976634615384615,1,0.000212639171181195,"Uterine Carcinosarcoma","Primary Tumor"
"9156",0.976730769230769,1,0.000212267694029489,"Uterine Carcinosarcoma","Primary Tumor"
"9157",0.976826923076923,1,0.000212251451985446,"Uterine Carcinosarcoma","Primary Tumor"
"9158",0.976923076923077,1,0.000211599070267465,"Uterine Carcinosarcoma","Primary Tumor"
"9159",0.977019230769231,1,0.000211445243283315,"Uterine Carcinosarcoma","Primary Tumor"
"9160",0.977115384615385,1,0.000210550961197375,"Uterine Carcinosarcoma","Primary Tumor"
"9161",0.977211538461538,1,0.000210544290400239,"Uterine Carcinosarcoma","Primary Tumor"
"9162",0.977307692307692,1,0.000210403296689199,"Uterine Carcinosarcoma","Primary Tumor"
"9163",0.977403846153846,1,0.000209971380568996,"Uterine Carcinosarcoma","Primary Tumor"
"9164",0.9775,1,0.000209362285723658,"Uterine Carcinosarcoma","Primary Tumor"
"9165",0.977596153846154,1,0.000209206691997199,"Uterine Carcinosarcoma","Primary Tumor"
"9166",0.977692307692308,1,0.000208728583240614,"Uterine Carcinosarcoma","Primary Tumor"
"9167",0.977788461538462,1,0.000208599501078321,"Uterine Carcinosarcoma","Primary Tumor"
"9168",0.977884615384615,1,0.000205565367746852,"Uterine Carcinosarcoma","Primary Tumor"
"9169",0.977980769230769,1,0.000205246037560225,"Uterine Carcinosarcoma","Primary Tumor"
"9170",0.978076923076923,1,0.000204540786032603,"Uterine Carcinosarcoma","Primary Tumor"
"9171",0.978173076923077,1,0.00020447630112963,"Uterine Carcinosarcoma","Primary Tumor"
"9172",0.978269230769231,1,0.000204085828861555,"Uterine Carcinosarcoma","Primary Tumor"
"9173",0.978365384615385,1,0.000203553015773905,"Uterine Carcinosarcoma","Primary Tumor"
"9174",0.978461538461538,1,0.00020271979358244,"Uterine Carcinosarcoma","Primary Tumor"
"9175",0.978557692307692,1,0.000202645304481996,"Uterine Carcinosarcoma","Primary Tumor"
"9176",0.978653846153846,1,0.000201469849959612,"Uterine Carcinosarcoma","Primary Tumor"
"9177",0.97875,1,0.000201251691863136,"Uterine Carcinosarcoma","Primary Tumor"
"9178",0.978846153846154,1,0.000200694366840892,"Uterine Carcinosarcoma","Primary Tumor"
"9179",0.978942307692308,1,0.000198825003967174,"Uterine Carcinosarcoma","Primary Tumor"
"9180",0.979038461538462,1,0.00019770202056002,"Uterine Carcinosarcoma","Primary Tumor"
"9181",0.979134615384615,1,0.000196900700301872,"Uterine Carcinosarcoma","Primary Tumor"
"9182",0.979230769230769,1,0.000196644446973648,"Uterine Carcinosarcoma","Primary Tumor"
"9183",0.979326923076923,1,0.000195622493657344,"Uterine Carcinosarcoma","Primary Tumor"
"9184",0.979423076923077,1,0.000195411299838688,"Uterine Carcinosarcoma","Primary Tumor"
"9185",0.979519230769231,1,0.000195057756943617,"Uterine Carcinosarcoma","Primary Tumor"
"9186",0.979615384615385,1,0.000194740338021804,"Uterine Carcinosarcoma","Primary Tumor"
"9187",0.979711538461538,1,0.000193661293958036,"Uterine Carcinosarcoma","Primary Tumor"
"9188",0.979807692307692,1,0.000192964940265661,"Uterine Carcinosarcoma","Primary Tumor"
"9189",0.979903846153846,1,0.00019218770958418,"Uterine Carcinosarcoma","Primary Tumor"
"9190",0.98,1,0.000191826705231435,"Uterine Carcinosarcoma","Primary Tumor"
"9191",0.980096153846154,1,0.000191821937024717,"Uterine Carcinosarcoma","Primary Tumor"
"9192",0.980192307692308,1,0.000191632457301583,"Uterine Carcinosarcoma","Primary Tumor"
"9193",0.980288461538461,1,0.000190761516203897,"Uterine Carcinosarcoma","Primary Tumor"
"9194",0.980384615384615,1,0.000190720000590727,"Uterine Carcinosarcoma","Primary Tumor"
"9195",0.980480769230769,1,0.000190412451139155,"Uterine Carcinosarcoma","Primary Tumor"
"9196",0.980576923076923,1,0.000190212345079432,"Uterine Carcinosarcoma","Primary Tumor"
"9197",0.980673076923077,1,0.000189772922934317,"Uterine Carcinosarcoma","Primary Tumor"
"9198",0.980769230769231,1,0.000189407744392689,"Uterine Carcinosarcoma","Primary Tumor"
"9199",0.980865384615385,1,0.000188442890183937,"Uterine Carcinosarcoma","Primary Tumor"
"9200",0.980961538461538,1,0.000188199887621976,"Uterine Carcinosarcoma","Primary Tumor"
"9201",0.981057692307692,1,0.000187498172143252,"Uterine Carcinosarcoma","Primary Tumor"
"9202",0.981153846153846,1,0.000186878736955443,"Uterine Carcinosarcoma","Primary Tumor"
"9203",0.98125,1,0.000185712699041662,"Uterine Carcinosarcoma","Primary Tumor"
"9204",0.981346153846154,1,0.00018554930762571,"Uterine Carcinosarcoma","Primary Tumor"
"9205",0.981442307692308,1,0.000185184868130239,"Uterine Carcinosarcoma","Primary Tumor"
"9206",0.981538461538462,1,0.000185124289396654,"Uterine Carcinosarcoma","Primary Tumor"
"9207",0.981634615384615,1,0.000185036608608802,"Uterine Carcinosarcoma","Primary Tumor"
"9208",0.981730769230769,1,0.000183456699732076,"Uterine Carcinosarcoma","Primary Tumor"
"9209",0.981826923076923,1,0.000182930872836717,"Uterine Carcinosarcoma","Primary Tumor"
"9210",0.981923076923077,1,0.000182730166846556,"Uterine Carcinosarcoma","Primary Tumor"
"9211",0.982019230769231,1,0.000182307881442356,"Uterine Carcinosarcoma","Primary Tumor"
"9212",0.982115384615385,1,0.000182305390099891,"Uterine Carcinosarcoma","Primary Tumor"
"9213",0.982211538461538,1,0.000181709385765227,"Uterine Carcinosarcoma","Primary Tumor"
"9214",0.982307692307692,1,0.000181069757406283,"Uterine Carcinosarcoma","Primary Tumor"
"9215",0.982403846153846,1,0.000180991095309557,"Uterine Carcinosarcoma","Primary Tumor"
"9216",0.9825,1,0.000180916709304868,"Uterine Carcinosarcoma","Primary Tumor"
"9217",0.982596153846154,1,0.000180263890149357,"Uterine Carcinosarcoma","Primary Tumor"
"9218",0.982692307692308,1,0.00018008696677152,"Uterine Carcinosarcoma","Primary Tumor"
"9219",0.982788461538462,1,0.000177722305037542,"Uterine Carcinosarcoma","Primary Tumor"
"9220",0.982884615384615,1,0.000177241558212859,"Uterine Carcinosarcoma","Primary Tumor"
"9221",0.982980769230769,1,0.000176814622816712,"Uterine Carcinosarcoma","Primary Tumor"
"9222",0.983076923076923,1,0.00017675314665655,"Uterine Carcinosarcoma","Primary Tumor"
"9223",0.983173076923077,1,0.000176190628325856,"Uterine Carcinosarcoma","Primary Tumor"
"9224",0.983269230769231,1,0.000176038326163752,"Uterine Carcinosarcoma","Primary Tumor"
"9225",0.983365384615385,1,0.00017592951080736,"Uterine Carcinosarcoma","Primary Tumor"
"9226",0.983461538461538,1,0.000175518963111521,"Uterine Carcinosarcoma","Primary Tumor"
"9227",0.983557692307692,1,0.000174713004205906,"Uterine Carcinosarcoma","Primary Tumor"
"9228",0.983653846153846,1,0.000173680420131883,"Uterine Carcinosarcoma","Primary Tumor"
"9229",0.98375,1,0.000173483403298702,"Uterine Carcinosarcoma","Primary Tumor"
"9230",0.983846153846154,1,0.000173363627359091,"Uterine Carcinosarcoma","Primary Tumor"
"9231",0.983942307692308,1,0.00017328252804949,"Uterine Carcinosarcoma","Primary Tumor"
"9232",0.984038461538462,1,0.000173188399851698,"Uterine Carcinosarcoma","Primary Tumor"
"9233",0.984134615384615,1,0.000172346120405287,"Uterine Carcinosarcoma","Primary Tumor"
"9234",0.984230769230769,1,0.000172110333406805,"Uterine Carcinosarcoma","Primary Tumor"
"9235",0.984326923076923,1,0.000171587090739278,"Uterine Carcinosarcoma","Primary Tumor"
"9236",0.984423076923077,1,0.000171248958681369,"Uterine Carcinosarcoma","Primary Tumor"
"9237",0.984519230769231,1,0.00017111676379733,"Uterine Carcinosarcoma","Primary Tumor"
"9238",0.984615384615385,1,0.000170574047490546,"Uterine Carcinosarcoma","Primary Tumor"
"9239",0.984711538461538,1,0.000167451684508491,"Uterine Carcinosarcoma","Primary Tumor"
"9240",0.984807692307692,1,0.000167390357956432,"Uterine Carcinosarcoma","Primary Tumor"
"9241",0.984903846153846,1,0.000166503943142882,"Uterine Carcinosarcoma","Primary Tumor"
"9242",0.985,1,0.000165871131048823,"Uterine Carcinosarcoma","Primary Tumor"
"9243",0.985096153846154,1,0.000165580047909342,"Uterine Carcinosarcoma","Primary Tumor"
"9244",0.985192307692308,1,0.000165416368654081,"Uterine Carcinosarcoma","Primary Tumor"
"9245",0.985288461538462,1,0.00016531748250681,"Uterine Carcinosarcoma","Primary Tumor"
"9246",0.985384615384615,1,0.000164590547291343,"Uterine Carcinosarcoma","Primary Tumor"
"9247",0.985480769230769,1,0.000163545107571106,"Uterine Carcinosarcoma","Primary Tumor"
"9248",0.985576923076923,1,0.00016271671771384,"Uterine Carcinosarcoma","Primary Tumor"
"9249",0.985673076923077,1,0.000162627703281903,"Uterine Carcinosarcoma","Primary Tumor"
"9250",0.985769230769231,1,0.000162131008882738,"Uterine Carcinosarcoma","Primary Tumor"
"9251",0.985865384615385,1,0.00016196566980986,"Uterine Carcinosarcoma","Primary Tumor"
"9252",0.985961538461538,1,0.000161115282109159,"Uterine Carcinosarcoma","Primary Tumor"
"9253",0.986057692307692,1,0.000160573032348066,"Uterine Carcinosarcoma","Primary Tumor"
"9254",0.986153846153846,1,0.000160263411621342,"Uterine Carcinosarcoma","Primary Tumor"
"9255",0.98625,1,0.000160027894992032,"Uterine Carcinosarcoma","Primary Tumor"
"9256",0.986346153846154,1,0.000159466901181959,"Uterine Carcinosarcoma","Primary Tumor"
"9257",0.986442307692308,1,0.000158131224446967,"Uterine Carcinosarcoma","Primary Tumor"
"9258",0.986538461538462,1,0.000158088053107797,"Uterine Carcinosarcoma","Primary Tumor"
"9259",0.986634615384615,1,0.000158021721648582,"Uterine Carcinosarcoma","Primary Tumor"
"9260",0.986730769230769,1,0.000156876596597022,"Uterine Carcinosarcoma","Primary Tumor"
"9261",0.986826923076923,1,0.000156744281962551,"Uterine Carcinosarcoma","Primary Tumor"
"9262",0.986923076923077,1,0.000156652641237098,"Uterine Carcinosarcoma","Primary Tumor"
"9263",0.987019230769231,1,0.000156339455926302,"Uterine Carcinosarcoma","Primary Tumor"
"9264",0.987115384615385,1,0.000156299572293128,"Uterine Carcinosarcoma","Primary Tumor"
"9265",0.987211538461538,1,0.000154299858086682,"Uterine Carcinosarcoma","Primary Tumor"
"9266",0.987307692307692,1,0.000153454126332386,"Uterine Carcinosarcoma","Primary Tumor"
"9267",0.987403846153846,1,0.000152921491870073,"Uterine Carcinosarcoma","Primary Tumor"
"9268",0.9875,1,0.000152614911527293,"Uterine Carcinosarcoma","Primary Tumor"
"9269",0.987596153846154,1,0.000152443023472171,"Uterine Carcinosarcoma","Primary Tumor"
"9270",0.987692307692308,1,0.000151411777426613,"Uterine Carcinosarcoma","Primary Tumor"
"9271",0.987788461538462,1,0.00015133061012218,"Uterine Carcinosarcoma","Primary Tumor"
"9272",0.987884615384615,1,0.000150556881111541,"Uterine Carcinosarcoma","Primary Tumor"
"9273",0.987980769230769,1,0.000150514362904475,"Uterine Carcinosarcoma","Primary Tumor"
"9274",0.988076923076923,1,0.000150491435449873,"Uterine Carcinosarcoma","Primary Tumor"
"9275",0.988173076923077,1,0.000150355978511874,"Uterine Carcinosarcoma","Primary Tumor"
"9276",0.988269230769231,1,0.000150142374330975,"Uterine Carcinosarcoma","Primary Tumor"
"9277",0.988365384615385,1,0.000150139282338868,"Uterine Carcinosarcoma","Primary Tumor"
"9278",0.988461538461539,1,0.000149333809754348,"Uterine Carcinosarcoma","Primary Tumor"
"9279",0.988557692307692,1,0.000147760613875114,"Uterine Carcinosarcoma","Primary Tumor"
"9280",0.988653846153846,1,0.000147372622604336,"Uterine Carcinosarcoma","Primary Tumor"
"9281",0.98875,1,0.000147181936785867,"Uterine Carcinosarcoma","Primary Tumor"
"9282",0.988846153846154,1,0.000146793037939297,"Uterine Carcinosarcoma","Primary Tumor"
"9283",0.988942307692308,1,0.00014553222216418,"Uterine Carcinosarcoma","Primary Tumor"
"9284",0.989038461538462,1,0.000145521295553341,"Uterine Carcinosarcoma","Primary Tumor"
"9285",0.989134615384615,1,0.00014499708050919,"Uterine Carcinosarcoma","Primary Tumor"
"9286",0.989230769230769,1,0.000144968139903501,"Uterine Carcinosarcoma","Primary Tumor"
"9287",0.989326923076923,1,0.000144867073804122,"Uterine Carcinosarcoma","Primary Tumor"
"9288",0.989423076923077,1,0.000144297529650061,"Uterine Carcinosarcoma","Primary Tumor"
"9289",0.989519230769231,1,0.000143202939057119,"Uterine Carcinosarcoma","Primary Tumor"
"9290",0.989615384615385,1,0.000143173202569624,"Uterine Carcinosarcoma","Primary Tumor"
"9291",0.989711538461538,1,0.000142042990224689,"Uterine Carcinosarcoma","Primary Tumor"
"9292",0.989807692307692,1,0.000141283216676391,"Uterine Carcinosarcoma","Primary Tumor"
"9293",0.989903846153846,1,0.00014051096705503,"Uterine Carcinosarcoma","Primary Tumor"
"9294",0.99,1,0.000139894467790946,"Uterine Carcinosarcoma","Primary Tumor"
"9295",0.990096153846154,1,0.000139743169422335,"Uterine Carcinosarcoma","Primary Tumor"
"9296",0.990192307692308,1,0.000139410285779351,"Uterine Carcinosarcoma","Primary Tumor"
"9297",0.990288461538462,1,0.000139393452737058,"Uterine Carcinosarcoma","Primary Tumor"
"9298",0.990384615384615,1,0.000137109011218772,"Uterine Carcinosarcoma","Primary Tumor"
"9299",0.990480769230769,1,0.000133873637599979,"Uterine Carcinosarcoma","Primary Tumor"
"9300",0.990576923076923,1,0.000130867445064409,"Uterine Carcinosarcoma","Primary Tumor"
"9301",0.990673076923077,1,0.000130788387423753,"Uterine Carcinosarcoma","Primary Tumor"
"9302",0.990769230769231,1,0.000130632086492777,"Uterine Carcinosarcoma","Primary Tumor"
"9303",0.990865384615385,1,0.000130550007296559,"Uterine Carcinosarcoma","Primary Tumor"
"9304",0.990961538461538,1,0.000129691712215108,"Uterine Carcinosarcoma","Primary Tumor"
"9305",0.991057692307692,1,0.000129542798464444,"Uterine Carcinosarcoma","Primary Tumor"
"9306",0.991153846153846,1,0.000129250068989784,"Uterine Carcinosarcoma","Primary Tumor"
"9307",0.99125,1,0.000128173402360487,"Uterine Carcinosarcoma","Primary Tumor"
"9308",0.991346153846154,1,0.000127476018967343,"Uterine Carcinosarcoma","Primary Tumor"
"9309",0.991442307692308,1,0.00012745723072638,"Uterine Carcinosarcoma","Primary Tumor"
"9310",0.991538461538462,1,0.000126621984391506,"Uterine Carcinosarcoma","Primary Tumor"
"9311",0.991634615384615,1,0.000126576148250845,"Uterine Carcinosarcoma","Primary Tumor"
"9312",0.991730769230769,1,0.000125072975653451,"Uterine Carcinosarcoma","Primary Tumor"
"9313",0.991826923076923,1,0.000122373473357085,"Uterine Carcinosarcoma","Primary Tumor"
"9314",0.991923076923077,1,0.000121666970112733,"Uterine Carcinosarcoma","Primary Tumor"
"9315",0.992019230769231,1,0.000121128617148192,"Uterine Carcinosarcoma","Primary Tumor"
"9316",0.992115384615385,1,0.000120812979433227,"Uterine Carcinosarcoma","Primary Tumor"
"9317",0.992211538461538,1,0.000119744880900607,"Uterine Carcinosarcoma","Primary Tumor"
"9318",0.992307692307692,1,0.000119425088173863,"Uterine Carcinosarcoma","Primary Tumor"
"9319",0.992403846153846,1,0.000119031930188029,"Uterine Carcinosarcoma","Primary Tumor"
"9320",0.9925,1,0.000117859384820451,"Uterine Carcinosarcoma","Primary Tumor"
"9321",0.992596153846154,1,0.000115854735855181,"Uterine Carcinosarcoma","Primary Tumor"
"9322",0.992692307692308,1,0.000115751164056377,"Uterine Carcinosarcoma","Primary Tumor"
"9323",0.992788461538462,1,0.000115586021571468,"Uterine Carcinosarcoma","Primary Tumor"
"9324",0.992884615384615,1,0.000115306838497364,"Uterine Carcinosarcoma","Primary Tumor"
"9325",0.992980769230769,1,0.000114657805439622,"Uterine Carcinosarcoma","Primary Tumor"
"9326",0.993076923076923,1,0.000114497123359314,"Uterine Carcinosarcoma","Primary Tumor"
"9327",0.993173076923077,1,0.000113257815958834,"Uterine Carcinosarcoma","Primary Tumor"
"9328",0.993269230769231,1,0.000112569615093094,"Uterine Carcinosarcoma","Primary Tumor"
"9329",0.993365384615385,1,0.000111198612547603,"Uterine Carcinosarcoma","Primary Tumor"
"9330",0.993461538461539,1,0.000110917602682781,"Uterine Carcinosarcoma","Primary Tumor"
"9331",0.993557692307692,1,0.000107651952034771,"Uterine Carcinosarcoma","Primary Tumor"
"9332",0.993653846153846,1,0.000107172885023821,"Uterine Carcinosarcoma","Primary Tumor"
"9333",0.99375,1,0.000107121550420475,"Uterine Carcinosarcoma","Primary Tumor"
"9334",0.993846153846154,1,0.000106732161437084,"Uterine Carcinosarcoma","Primary Tumor"
"9335",0.993942307692308,1,0.000106697992866667,"Uterine Carcinosarcoma","Primary Tumor"
"9336",0.994038461538462,1,0.000106396122530272,"Uterine Carcinosarcoma","Primary Tumor"
"9337",0.994134615384615,1,0.0001062218895308,"Uterine Carcinosarcoma","Primary Tumor"
"9338",0.994230769230769,1,0.00010528205751914,"Uterine Carcinosarcoma","Primary Tumor"
"9339",0.994326923076923,1,0.000104618314046401,"Uterine Carcinosarcoma","Primary Tumor"
"9340",0.994423076923077,1,0.000104519321206031,"Uterine Carcinosarcoma","Primary Tumor"
"9341",0.994519230769231,1,0.000102959131899949,"Uterine Carcinosarcoma","Primary Tumor"
"9342",0.994615384615385,1,0.000101321603307891,"Uterine Carcinosarcoma","Primary Tumor"
"9343",0.994711538461538,1,9.92154306194148e-05,"Uterine Carcinosarcoma","Primary Tumor"
"9344",0.994807692307692,1,9.85906929026337e-05,"Uterine Carcinosarcoma","Primary Tumor"
"9345",0.994903846153846,1,9.83144133356317e-05,"Uterine Carcinosarcoma","Primary Tumor"
"9346",0.995,1,9.79991388687651e-05,"Uterine Carcinosarcoma","Primary Tumor"
"9347",0.995096153846154,1,9.54385360935062e-05,"Uterine Carcinosarcoma","Primary Tumor"
"9348",0.995192307692308,1,9.4417142315284e-05,"Uterine Carcinosarcoma","Primary Tumor"
"9349",0.995288461538462,1,9.27558412086027e-05,"Uterine Carcinosarcoma","Primary Tumor"
"9350",0.995384615384615,1,9.17140099723213e-05,"Uterine Carcinosarcoma","Primary Tumor"
"9351",0.995480769230769,1,9.15168219669527e-05,"Uterine Carcinosarcoma","Primary Tumor"
"9352",0.995576923076923,1,8.96199383181306e-05,"Uterine Carcinosarcoma","Primary Tumor"
"9353",0.995673076923077,1,8.84635544493584e-05,"Uterine Carcinosarcoma","Primary Tumor"
"9354",0.995769230769231,1,8.700823594332e-05,"Uterine Carcinosarcoma","Primary Tumor"
"9355",0.995865384615385,1,8.68874852587576e-05,"Uterine Carcinosarcoma","Primary Tumor"
"9356",0.995961538461538,1,8.42836066021757e-05,"Uterine Carcinosarcoma","Primary Tumor"
"9357",0.996057692307692,1,8.41255563945875e-05,"Uterine Carcinosarcoma","Primary Tumor"
"9358",0.996153846153846,1,8.40948353015847e-05,"Uterine Carcinosarcoma","Primary Tumor"
"9359",0.99625,1,8.37971143029526e-05,"Uterine Carcinosarcoma","Primary Tumor"
"9360",0.996346153846154,1,8.16448738353293e-05,"Uterine Carcinosarcoma","Primary Tumor"
"9361",0.996442307692308,1,8.11198409844671e-05,"Uterine Carcinosarcoma","Primary Tumor"
"9362",0.996538461538461,1,8.07541407766843e-05,"Uterine Carcinosarcoma","Primary Tumor"
"9363",0.996634615384615,1,7.91404288681408e-05,"Uterine Carcinosarcoma","Primary Tumor"
"9364",0.996730769230769,1,7.85490770771613e-05,"Uterine Carcinosarcoma","Primary Tumor"
"9365",0.996826923076923,1,7.52582378686917e-05,"Uterine Carcinosarcoma","Primary Tumor"
"9366",0.996923076923077,1,7.44677751495226e-05,"Uterine Carcinosarcoma","Primary Tumor"
"9367",0.997019230769231,1,7.38114204256179e-05,"Uterine Carcinosarcoma","Primary Tumor"
"9368",0.997115384615385,1,7.22569510679394e-05,"Uterine Carcinosarcoma","Primary Tumor"
"9369",0.997211538461538,1,7.0538869263892e-05,"Uterine Carcinosarcoma","Primary Tumor"
"9370",0.997307692307692,1,6.78103472532277e-05,"Uterine Carcinosarcoma","Primary Tumor"
"9371",0.997403846153846,1,6.41047969479613e-05,"Uterine Carcinosarcoma","Primary Tumor"
"9372",0.9975,1,6.29701920868975e-05,"Uterine Carcinosarcoma","Primary Tumor"
"9373",0.997596153846154,1,6.15194412948439e-05,"Uterine Carcinosarcoma","Primary Tumor"
"9374",0.997692307692308,1,6.04246358859584e-05,"Uterine Carcinosarcoma","Primary Tumor"
"9375",0.997788461538462,1,6.00754253843316e-05,"Uterine Carcinosarcoma","Primary Tumor"
"9376",0.997884615384615,1,5.97544018945406e-05,"Uterine Carcinosarcoma","Primary Tumor"
"9377",0.997980769230769,1,5.80896180935042e-05,"Uterine Carcinosarcoma","Primary Tumor"
"9378",0.998076923076923,1,5.77748948056289e-05,"Uterine Carcinosarcoma","Primary Tumor"
"9379",0.998173076923077,1,5.70184041134292e-05,"Uterine Carcinosarcoma","Primary Tumor"
"9380",0.998269230769231,1,5.52551547544633e-05,"Uterine Carcinosarcoma","Primary Tumor"
"9381",0.998365384615385,1,5.4115197136162e-05,"Uterine Carcinosarcoma","Primary Tumor"
"9382",0.998461538461539,1,5.39930277022593e-05,"Uterine Carcinosarcoma","Primary Tumor"
"9383",0.998557692307692,1,5.26666363138695e-05,"Uterine Carcinosarcoma","Primary Tumor"
"9384",0.998653846153846,1,5.1761509381687e-05,"Uterine Carcinosarcoma","Primary Tumor"
"9385",0.99875,1,5.16887457093773e-05,"Uterine Carcinosarcoma","Primary Tumor"
"9386",0.998846153846154,1,5.15082909937625e-05,"Uterine Carcinosarcoma","Primary Tumor"
"9387",0.998942307692308,1,5.0430613623309e-05,"Uterine Carcinosarcoma","Primary Tumor"
"9388",0.999038461538462,1,5.03337877202359e-05,"Uterine Carcinosarcoma","Primary Tumor"
"9389",0.999134615384615,1,4.92884282348172e-05,"Uterine Carcinosarcoma","Primary Tumor"
"9390",0.999230769230769,1,4.78184850483121e-05,"Uterine Carcinosarcoma","Primary Tumor"
"9391",0.999326923076923,1,4.51627399573606e-05,"Uterine Carcinosarcoma","Primary Tumor"
"9392",0.999423076923077,1,4.42635415240922e-05,"Uterine Carcinosarcoma","Primary Tumor"
"9393",0.999519230769231,1,4.34859884738126e-05,"Uterine Carcinosarcoma","Primary Tumor"
"9394",0.999615384615385,1,3.78311008407684e-05,"Uterine Carcinosarcoma","Primary Tumor"
"9395",0.999711538461538,1,3.63369644477141e-05,"Uterine Carcinosarcoma","Primary Tumor"
"9396",0.999807692307692,1,3.15403715684948e-05,"Uterine Carcinosarcoma","Primary Tumor"
"9397",0.999903846153846,1,2.96331910349945e-05,"Uterine Carcinosarcoma","Primary Tumor"
"9398",1,1,2.96331910349945e-05,"Uterine Carcinosarcoma","Primary Tumor"
