"1",1,0.128289473684211,0.000965697992418241,"Brain Lower Grade Glioma","Blood Derived Normal"
"2",1,0.128289473684211,0.000965697992418241,"Brain Lower Grade Glioma","Blood Derived Normal"
"3",1,0.128712871287129,0.000987844303077046,"Brain Lower Grade Glioma","Blood Derived Normal"
"4",1,0.129139072847682,0.00115486187438468,"Brain Lower Grade Glioma","Blood Derived Normal"
"5",1,0.129568106312292,0.00118308254336739,"Brain Lower Grade Glioma","Blood Derived Normal"
"6",1,0.13,0.00130390283284739,"Brain Lower Grade Glioma","Blood Derived Normal"
"7",1,0.130434782608696,0.00140842571115478,"Brain Lower Grade Glioma","Blood Derived Normal"
"8",1,0.130872483221477,0.0014469323780442,"Brain Lower Grade Glioma","Blood Derived Normal"
"9",1,0.131313131313131,0.0015336218021411,"Brain Lower Grade Glioma","Blood Derived Normal"
"10",1,0.131756756756757,0.00171787833765667,"Brain Lower Grade Glioma","Blood Derived Normal"
"11",1,0.132203389830508,0.00177306928290796,"Brain Lower Grade Glioma","Blood Derived Normal"
"12",1,0.13265306122449,0.00180619316853283,"Brain Lower Grade Glioma","Blood Derived Normal"
"13",1,0.133105802047782,0.00186364482682338,"Brain Lower Grade Glioma","Blood Derived Normal"
"14",1,0.133561643835616,0.00189748874625047,"Brain Lower Grade Glioma","Blood Derived Normal"
"15",1,0.134020618556701,0.00194615916597322,"Brain Lower Grade Glioma","Blood Derived Normal"
"16",1,0.13448275862069,0.00201357660053767,"Brain Lower Grade Glioma","Blood Derived Normal"
"17",1,0.134948096885813,0.00215520824767471,"Brain Lower Grade Glioma","Blood Derived Normal"
"18",1,0.135416666666667,0.00223355186628296,"Brain Lower Grade Glioma","Blood Derived Normal"
"19",1,0.13588850174216,0.00225021435333319,"Brain Lower Grade Glioma","Blood Derived Normal"
"20",1,0.136363636363636,0.00242798633529149,"Brain Lower Grade Glioma","Blood Derived Normal"
"21",1,0.136842105263158,0.00244966596100023,"Brain Lower Grade Glioma","Blood Derived Normal"
"22",1,0.137323943661972,0.00254425114631601,"Brain Lower Grade Glioma","Blood Derived Normal"
"23",1,0.137809187279152,0.00255644690523447,"Brain Lower Grade Glioma","Blood Derived Normal"
"24",1,0.138297872340426,0.00280172709574464,"Brain Lower Grade Glioma","Blood Derived Normal"
"25",1,0.138790035587189,0.00306702375399956,"Brain Lower Grade Glioma","Blood Derived Normal"
"26",1,0.139285714285714,0.00311332758684703,"Brain Lower Grade Glioma","Blood Derived Normal"
"27",1,0.139784946236559,0.00311840084019593,"Brain Lower Grade Glioma","Blood Derived Normal"
"28",1,0.140287769784173,0.00320493600336314,"Brain Lower Grade Glioma","Blood Derived Normal"
"29",0.974358974358974,0.137184115523466,0.00321625483460696,"Brain Lower Grade Glioma","Blood Derived Normal"
"30",0.974358974358974,0.13768115942029,0.00323235831345608,"Brain Lower Grade Glioma","Blood Derived Normal"
"31",0.974358974358974,0.138181818181818,0.00337353331289993,"Brain Lower Grade Glioma","Blood Derived Normal"
"32",0.974358974358974,0.138686131386861,0.00338110642209673,"Brain Lower Grade Glioma","Blood Derived Normal"
"33",0.948717948717949,0.135531135531136,0.0034881159085943,"Brain Lower Grade Glioma","Blood Derived Normal"
"34",0.948717948717949,0.136029411764706,0.00355691371447343,"Brain Lower Grade Glioma","Blood Derived Normal"
"35",0.948717948717949,0.136531365313653,0.00388867811235486,"Brain Lower Grade Glioma","Blood Derived Normal"
"36",0.948717948717949,0.137037037037037,0.00398691631387035,"Brain Lower Grade Glioma","Blood Derived Normal"
"37",0.948717948717949,0.137546468401487,0.00398915132516246,"Brain Lower Grade Glioma","Blood Derived Normal"
"38",0.948717948717949,0.138059701492537,0.00417280099300437,"Brain Lower Grade Glioma","Blood Derived Normal"
"39",0.948717948717949,0.138576779026217,0.00424579134573301,"Brain Lower Grade Glioma","Blood Derived Normal"
"40",0.948717948717949,0.139097744360902,0.00445904303151876,"Brain Lower Grade Glioma","Blood Derived Normal"
"41",0.948717948717949,0.139622641509434,0.00447878656564611,"Brain Lower Grade Glioma","Blood Derived Normal"
"42",0.948717948717949,0.140151515151515,0.00455451087856141,"Brain Lower Grade Glioma","Blood Derived Normal"
"43",0.948717948717949,0.140684410646388,0.0047259930788321,"Brain Lower Grade Glioma","Blood Derived Normal"
"44",0.948717948717949,0.141221374045802,0.00474535728181112,"Brain Lower Grade Glioma","Blood Derived Normal"
"45",0.923076923076923,0.137931034482759,0.0047668896247847,"Brain Lower Grade Glioma","Blood Derived Normal"
"46",0.897435897435897,0.134615384615385,0.00478663018624683,"Brain Lower Grade Glioma","Blood Derived Normal"
"47",0.897435897435897,0.135135135135135,0.00485898841156876,"Brain Lower Grade Glioma","Blood Derived Normal"
"48",0.897435897435897,0.135658914728682,0.0050386270134891,"Brain Lower Grade Glioma","Blood Derived Normal"
"49",0.897435897435897,0.136186770428016,0.00503962886723912,"Brain Lower Grade Glioma","Blood Derived Normal"
"50",0.897435897435897,0.13671875,0.00504648855631737,"Brain Lower Grade Glioma","Blood Derived Normal"
"51",0.897435897435897,0.137254901960784,0.00506605448939629,"Brain Lower Grade Glioma","Blood Derived Normal"
"52",0.897435897435897,0.137795275590551,0.00509690997142175,"Brain Lower Grade Glioma","Blood Derived Normal"
"53",0.897435897435897,0.138339920948617,0.00512306405473627,"Brain Lower Grade Glioma","Blood Derived Normal"
"54",0.897435897435897,0.138888888888889,0.0051643277057464,"Brain Lower Grade Glioma","Blood Derived Normal"
"55",0.897435897435897,0.139442231075697,0.00522626663607897,"Brain Lower Grade Glioma","Blood Derived Normal"
"56",0.897435897435897,0.14,0.00534721413485699,"Brain Lower Grade Glioma","Blood Derived Normal"
"57",0.871794871794872,0.136546184738956,0.00534872828374089,"Brain Lower Grade Glioma","Blood Derived Normal"
"58",0.871794871794872,0.137096774193548,0.00549286673238704,"Brain Lower Grade Glioma","Blood Derived Normal"
"59",0.871794871794872,0.137651821862348,0.00549457044295684,"Brain Lower Grade Glioma","Blood Derived Normal"
"60",0.871794871794872,0.138211382113821,0.00550280851572656,"Brain Lower Grade Glioma","Blood Derived Normal"
"61",0.871794871794872,0.138775510204082,0.00552614138141302,"Brain Lower Grade Glioma","Blood Derived Normal"
"62",0.871794871794872,0.139344262295082,0.00578044403244811,"Brain Lower Grade Glioma","Blood Derived Normal"
"63",0.871794871794872,0.139917695473251,0.00578728106969337,"Brain Lower Grade Glioma","Blood Derived Normal"
"64",0.871794871794872,0.140495867768595,0.00594030637602292,"Brain Lower Grade Glioma","Blood Derived Normal"
"65",0.871794871794872,0.141078838174274,0.00601210699884577,"Brain Lower Grade Glioma","Blood Derived Normal"
"66",0.871794871794872,0.141666666666667,0.00619443491816722,"Brain Lower Grade Glioma","Blood Derived Normal"
"67",0.846153846153846,0.138075313807531,0.00620549194299611,"Brain Lower Grade Glioma","Blood Derived Normal"
"68",0.846153846153846,0.138655462184874,0.00630822562769351,"Brain Lower Grade Glioma","Blood Derived Normal"
"69",0.846153846153846,0.139240506329114,0.00641726986941147,"Brain Lower Grade Glioma","Blood Derived Normal"
"70",0.846153846153846,0.139830508474576,0.00651236856456046,"Brain Lower Grade Glioma","Blood Derived Normal"
"71",0.846153846153846,0.140425531914894,0.00652173265018926,"Brain Lower Grade Glioma","Blood Derived Normal"
"72",0.846153846153846,0.141025641025641,0.00688422973235025,"Brain Lower Grade Glioma","Blood Derived Normal"
"73",0.846153846153846,0.141630901287554,0.00721443534470441,"Brain Lower Grade Glioma","Blood Derived Normal"
"74",0.846153846153846,0.142241379310345,0.00725415664645622,"Brain Lower Grade Glioma","Blood Derived Normal"
"75",0.846153846153846,0.142857142857143,0.00746581185069523,"Brain Lower Grade Glioma","Blood Derived Normal"
"76",0.846153846153846,0.143478260869565,0.00746857227257316,"Brain Lower Grade Glioma","Blood Derived Normal"
"77",0.846153846153846,0.14410480349345,0.00786454892313497,"Brain Lower Grade Glioma","Blood Derived Normal"
"78",0.846153846153846,0.144736842105263,0.0079136923792681,"Brain Lower Grade Glioma","Blood Derived Normal"
"79",0.846153846153846,0.145374449339207,0.00809239603162154,"Brain Lower Grade Glioma","Blood Derived Normal"
"80",0.846153846153846,0.146017699115044,0.0081942144942572,"Brain Lower Grade Glioma","Blood Derived Normal"
"81",0.846153846153846,0.146666666666667,0.00827254896537053,"Brain Lower Grade Glioma","Blood Derived Normal"
"82",0.846153846153846,0.147321428571429,0.00837582802680483,"Brain Lower Grade Glioma","Blood Derived Normal"
"83",0.82051282051282,0.143497757847534,0.00845141203898298,"Brain Lower Grade Glioma","Blood Derived Normal"
"84",0.82051282051282,0.144144144144144,0.00861301272568633,"Brain Lower Grade Glioma","Blood Derived Normal"
"85",0.82051282051282,0.144796380090498,0.00872807280383513,"Brain Lower Grade Glioma","Blood Derived Normal"
"86",0.82051282051282,0.145454545454545,0.00895556878525111,"Brain Lower Grade Glioma","Blood Derived Normal"
"87",0.82051282051282,0.146118721461187,0.00924470964879596,"Brain Lower Grade Glioma","Blood Derived Normal"
"88",0.82051282051282,0.146788990825688,0.00926628935133833,"Brain Lower Grade Glioma","Blood Derived Normal"
"89",0.82051282051282,0.147465437788018,0.00960808466135555,"Brain Lower Grade Glioma","Blood Derived Normal"
"90",0.82051282051282,0.148148148148148,0.0096798706361399,"Brain Lower Grade Glioma","Blood Derived Normal"
"91",0.82051282051282,0.148837209302326,0.0096979314518971,"Brain Lower Grade Glioma","Blood Derived Normal"
"92",0.82051282051282,0.149532710280374,0.00977553094683918,"Brain Lower Grade Glioma","Blood Derived Normal"
"93",0.82051282051282,0.150234741784038,0.00993298603412615,"Brain Lower Grade Glioma","Blood Derived Normal"
"94",0.794871794871795,0.14622641509434,0.0099528266430866,"Brain Lower Grade Glioma","Blood Derived Normal"
"95",0.794871794871795,0.146919431279621,0.0101216634790371,"Brain Lower Grade Glioma","Blood Derived Normal"
"96",0.794871794871795,0.147619047619048,0.0104183392068252,"Brain Lower Grade Glioma","Blood Derived Normal"
"97",0.794871794871795,0.148325358851675,0.0107550419818245,"Brain Lower Grade Glioma","Blood Derived Normal"
"98",0.794871794871795,0.149038461538462,0.0113093183934355,"Brain Lower Grade Glioma","Blood Derived Normal"
"99",0.794871794871795,0.14975845410628,0.0113572789234494,"Brain Lower Grade Glioma","Blood Derived Normal"
"100",0.794871794871795,0.150485436893204,0.0121567835191493,"Brain Lower Grade Glioma","Blood Derived Normal"
"101",0.794871794871795,0.151219512195122,0.0123826999515039,"Brain Lower Grade Glioma","Blood Derived Normal"
"102",0.794871794871795,0.151960784313725,0.0124627264708815,"Brain Lower Grade Glioma","Blood Derived Normal"
"103",0.769230769230769,0.147783251231527,0.0125025972807699,"Brain Lower Grade Glioma","Blood Derived Normal"
"104",0.769230769230769,0.148514851485149,0.012723528247297,"Brain Lower Grade Glioma","Blood Derived Normal"
"105",0.769230769230769,0.149253731343284,0.0129128845280765,"Brain Lower Grade Glioma","Blood Derived Normal"
"106",0.769230769230769,0.15,0.0130232832519071,"Brain Lower Grade Glioma","Blood Derived Normal"
"107",0.769230769230769,0.150753768844221,0.0130759902900694,"Brain Lower Grade Glioma","Blood Derived Normal"
"108",0.769230769230769,0.151515151515152,0.0131329722896808,"Brain Lower Grade Glioma","Blood Derived Normal"
"109",0.769230769230769,0.152284263959391,0.0132361074988535,"Brain Lower Grade Glioma","Blood Derived Normal"
"110",0.743589743589744,0.147959183673469,0.0133255260701088,"Brain Lower Grade Glioma","Blood Derived Normal"
"111",0.743589743589744,0.148717948717949,0.0134764121008883,"Brain Lower Grade Glioma","Blood Derived Normal"
"112",0.743589743589744,0.149484536082474,0.0135876362298947,"Brain Lower Grade Glioma","Blood Derived Normal"
"113",0.743589743589744,0.150259067357513,0.01364217733399,"Brain Lower Grade Glioma","Blood Derived Normal"
"114",0.743589743589744,0.151041666666667,0.0137293012891303,"Brain Lower Grade Glioma","Blood Derived Normal"
"115",0.743589743589744,0.151832460732984,0.0137991260920558,"Brain Lower Grade Glioma","Blood Derived Normal"
"116",0.743589743589744,0.152631578947368,0.0141275728968718,"Brain Lower Grade Glioma","Blood Derived Normal"
"117",0.743589743589744,0.153439153439153,0.014169900048885,"Brain Lower Grade Glioma","Blood Derived Normal"
"118",0.743589743589744,0.154255319148936,0.0144182725858547,"Brain Lower Grade Glioma","Blood Derived Normal"
"119",0.743589743589744,0.155080213903743,0.0161504140251975,"Brain Lower Grade Glioma","Blood Derived Normal"
"120",0.743589743589744,0.155913978494624,0.0161626554919312,"Brain Lower Grade Glioma","Blood Derived Normal"
"121",0.743589743589744,0.156756756756757,0.0165844217716279,"Brain Lower Grade Glioma","Blood Derived Normal"
"122",0.743589743589744,0.157608695652174,0.016676850774683,"Brain Lower Grade Glioma","Blood Derived Normal"
"123",0.717948717948718,0.153005464480874,0.0168505506957737,"Brain Lower Grade Glioma","Blood Derived Normal"
"124",0.717948717948718,0.153846153846154,0.0172111936185221,"Brain Lower Grade Glioma","Blood Derived Normal"
"125",0.717948717948718,0.154696132596685,0.0172871006633386,"Brain Lower Grade Glioma","Blood Derived Normal"
"126",0.717948717948718,0.155555555555556,0.0174158263541063,"Brain Lower Grade Glioma","Blood Derived Normal"
"127",0.692307692307692,0.150837988826816,0.017713841993362,"Brain Lower Grade Glioma","Blood Derived Normal"
"128",0.692307692307692,0.151685393258427,0.0178788016547929,"Brain Lower Grade Glioma","Blood Derived Normal"
"129",0.692307692307692,0.152542372881356,0.0180524159240716,"Brain Lower Grade Glioma","Blood Derived Normal"
"130",0.692307692307692,0.153409090909091,0.0180941898412113,"Brain Lower Grade Glioma","Blood Derived Normal"
"131",0.692307692307692,0.154285714285714,0.0182301847066161,"Brain Lower Grade Glioma","Blood Derived Normal"
"132",0.692307692307692,0.155172413793103,0.0186894492323407,"Brain Lower Grade Glioma","Blood Derived Normal"
"133",0.692307692307692,0.15606936416185,0.0195241187199246,"Brain Lower Grade Glioma","Blood Derived Normal"
"134",0.692307692307692,0.156976744186047,0.020068173016032,"Brain Lower Grade Glioma","Blood Derived Normal"
"135",0.692307692307692,0.157894736842105,0.0201251075651299,"Brain Lower Grade Glioma","Blood Derived Normal"
"136",0.692307692307692,0.158823529411765,0.0202070077929628,"Brain Lower Grade Glioma","Blood Derived Normal"
"137",0.692307692307692,0.159763313609467,0.0205711903760262,"Brain Lower Grade Glioma","Blood Derived Normal"
"138",0.692307692307692,0.160714285714286,0.0205929561668901,"Brain Lower Grade Glioma","Blood Derived Normal"
"139",0.692307692307692,0.161676646706587,0.0207832890311285,"Brain Lower Grade Glioma","Blood Derived Normal"
"140",0.666666666666667,0.156626506024096,0.0210278214981999,"Brain Lower Grade Glioma","Blood Derived Normal"
"141",0.666666666666667,0.157575757575758,0.0211852459939761,"Brain Lower Grade Glioma","Blood Derived Normal"
"142",0.666666666666667,0.158536585365854,0.0212178925391497,"Brain Lower Grade Glioma","Blood Derived Normal"
"143",0.666666666666667,0.159509202453988,0.0213741692422847,"Brain Lower Grade Glioma","Blood Derived Normal"
"144",0.666666666666667,0.160493827160494,0.0216906810015272,"Brain Lower Grade Glioma","Blood Derived Normal"
"145",0.666666666666667,0.161490683229814,0.021793122783538,"Brain Lower Grade Glioma","Blood Derived Normal"
"146",0.666666666666667,0.1625,0.0222230487740124,"Brain Lower Grade Glioma","Blood Derived Normal"
"147",0.666666666666667,0.163522012578616,0.0222392292023281,"Brain Lower Grade Glioma","Blood Derived Normal"
"148",0.666666666666667,0.164556962025316,0.0222559054741929,"Brain Lower Grade Glioma","Blood Derived Normal"
"149",0.666666666666667,0.165605095541401,0.0224545238898709,"Brain Lower Grade Glioma","Blood Derived Normal"
"150",0.666666666666667,0.166666666666667,0.0225689007139439,"Brain Lower Grade Glioma","Blood Derived Normal"
"151",0.641025641025641,0.161290322580645,0.0235161905023898,"Brain Lower Grade Glioma","Blood Derived Normal"
"152",0.641025641025641,0.162337662337662,0.0237574168703474,"Brain Lower Grade Glioma","Blood Derived Normal"
"153",0.641025641025641,0.163398692810458,0.0238755358226955,"Brain Lower Grade Glioma","Blood Derived Normal"
"154",0.641025641025641,0.164473684210526,0.0239502262572912,"Brain Lower Grade Glioma","Blood Derived Normal"
"155",0.641025641025641,0.165562913907285,0.0246026127805358,"Brain Lower Grade Glioma","Blood Derived Normal"
"156",0.641025641025641,0.166666666666667,0.024975793104307,"Brain Lower Grade Glioma","Blood Derived Normal"
"157",0.641025641025641,0.167785234899329,0.0252064000393904,"Brain Lower Grade Glioma","Blood Derived Normal"
"158",0.641025641025641,0.168918918918919,0.0252738874448278,"Brain Lower Grade Glioma","Blood Derived Normal"
"159",0.641025641025641,0.170068027210884,0.025625542785888,"Brain Lower Grade Glioma","Blood Derived Normal"
"160",0.641025641025641,0.171232876712329,0.0259988731142641,"Brain Lower Grade Glioma","Blood Derived Normal"
"161",0.641025641025641,0.172413793103448,0.0261881564972618,"Brain Lower Grade Glioma","Blood Derived Normal"
"162",0.641025641025641,0.173611111111111,0.0272635405277704,"Brain Lower Grade Glioma","Blood Derived Normal"
"163",0.641025641025641,0.174825174825175,0.0285084783728439,"Brain Lower Grade Glioma","Blood Derived Normal"
"164",0.615384615384615,0.169014084507042,0.0291788559932417,"Brain Lower Grade Glioma","Blood Derived Normal"
"165",0.58974358974359,0.164285714285714,0.0292629806664195,"Brain Lower Grade Glioma","Blood Derived Normal"
"166",0.58974358974359,0.165467625899281,0.029614966575125,"Brain Lower Grade Glioma","Blood Derived Normal"
"167",0.58974358974359,0.166666666666667,0.0298130070155633,"Brain Lower Grade Glioma","Blood Derived Normal"
"168",0.564102564102564,0.160583941605839,0.0300961027247826,"Brain Lower Grade Glioma","Blood Derived Normal"
"169",0.564102564102564,0.161764705882353,0.0303095899685416,"Brain Lower Grade Glioma","Blood Derived Normal"
"170",0.564102564102564,0.162962962962963,0.0305645779770257,"Brain Lower Grade Glioma","Blood Derived Normal"
"171",0.538461538461538,0.156716417910448,0.0306914600755434,"Brain Lower Grade Glioma","Blood Derived Normal"
"172",0.538461538461538,0.157894736842105,0.0308812725269889,"Brain Lower Grade Glioma","Blood Derived Normal"
"173",0.538461538461538,0.159090909090909,0.0311762749678938,"Brain Lower Grade Glioma","Blood Derived Normal"
"174",0.538461538461538,0.16030534351145,0.0312465869610627,"Brain Lower Grade Glioma","Blood Derived Normal"
"175",0.538461538461538,0.161538461538462,0.0312704339412971,"Brain Lower Grade Glioma","Blood Derived Normal"
"176",0.538461538461538,0.162790697674419,0.0313243110402499,"Brain Lower Grade Glioma","Blood Derived Normal"
"177",0.538461538461538,0.1640625,0.0313804156908014,"Brain Lower Grade Glioma","Blood Derived Normal"
"178",0.538461538461538,0.165354330708661,0.0318084294523225,"Brain Lower Grade Glioma","Blood Derived Normal"
"179",0.538461538461538,0.166666666666667,0.0319315417473404,"Brain Lower Grade Glioma","Blood Derived Normal"
"180",0.512820512820513,0.16,0.0323841797200268,"Brain Lower Grade Glioma","Blood Derived Normal"
"181",0.512820512820513,0.161290322580645,0.0334585904907081,"Brain Lower Grade Glioma","Blood Derived Normal"
"182",0.512820512820513,0.16260162601626,0.0341335504341381,"Brain Lower Grade Glioma","Blood Derived Normal"
"183",0.512820512820513,0.163934426229508,0.0344903174297421,"Brain Lower Grade Glioma","Blood Derived Normal"
"184",0.512820512820513,0.165289256198347,0.0345963758992187,"Brain Lower Grade Glioma","Blood Derived Normal"
"185",0.512820512820513,0.166666666666667,0.0353401436191649,"Brain Lower Grade Glioma","Blood Derived Normal"
"186",0.512820512820513,0.168067226890756,0.035962925807834,"Brain Lower Grade Glioma","Blood Derived Normal"
"187",0.487179487179487,0.161016949152542,0.0359658539577071,"Brain Lower Grade Glioma","Blood Derived Normal"
"188",0.487179487179487,0.162393162393162,0.0360134975093408,"Brain Lower Grade Glioma","Blood Derived Normal"
"189",0.487179487179487,0.163793103448276,0.0366038622103508,"Brain Lower Grade Glioma","Blood Derived Normal"
"190",0.487179487179487,0.165217391304348,0.037468851335855,"Brain Lower Grade Glioma","Blood Derived Normal"
"191",0.461538461538462,0.157894736842105,0.0385872992902504,"Brain Lower Grade Glioma","Blood Derived Normal"
"192",0.435897435897436,0.150442477876106,0.0396049708424749,"Brain Lower Grade Glioma","Blood Derived Normal"
"193",0.435897435897436,0.151785714285714,0.0400161510784428,"Brain Lower Grade Glioma","Blood Derived Normal"
"194",0.435897435897436,0.153153153153153,0.0400612809651,"Brain Lower Grade Glioma","Blood Derived Normal"
"195",0.435897435897436,0.154545454545455,0.04075388319289,"Brain Lower Grade Glioma","Blood Derived Normal"
"196",0.435897435897436,0.155963302752294,0.0408587430986957,"Brain Lower Grade Glioma","Blood Derived Normal"
"197",0.435897435897436,0.157407407407407,0.04218358394802,"Brain Lower Grade Glioma","Blood Derived Normal"
"198",0.41025641025641,0.149532710280374,0.0429340974487629,"Brain Lower Grade Glioma","Blood Derived Normal"
"199",0.384615384615385,0.141509433962264,0.0432186173663477,"Brain Lower Grade Glioma","Blood Derived Normal"
"200",0.384615384615385,0.142857142857143,0.0432740257168365,"Brain Lower Grade Glioma","Blood Derived Normal"
"201",0.384615384615385,0.144230769230769,0.0443097869930442,"Brain Lower Grade Glioma","Blood Derived Normal"
"202",0.358974358974359,0.135922330097087,0.0444703110484976,"Brain Lower Grade Glioma","Blood Derived Normal"
"203",0.358974358974359,0.137254901960784,0.0444712235303406,"Brain Lower Grade Glioma","Blood Derived Normal"
"204",0.358974358974359,0.138613861386139,0.0445441298768843,"Brain Lower Grade Glioma","Blood Derived Normal"
"205",0.358974358974359,0.14,0.0445884628763829,"Brain Lower Grade Glioma","Blood Derived Normal"
"206",0.358974358974359,0.141414141414141,0.0447401906542055,"Brain Lower Grade Glioma","Blood Derived Normal"
"207",0.358974358974359,0.142857142857143,0.045227515296406,"Brain Lower Grade Glioma","Blood Derived Normal"
"208",0.358974358974359,0.144329896907216,0.0481634010222647,"Brain Lower Grade Glioma","Blood Derived Normal"
"209",0.333333333333333,0.135416666666667,0.0483556993864786,"Brain Lower Grade Glioma","Blood Derived Normal"
"210",0.333333333333333,0.136842105263158,0.0490463948689978,"Brain Lower Grade Glioma","Blood Derived Normal"
"211",0.333333333333333,0.138297872340426,0.0494197324729741,"Brain Lower Grade Glioma","Blood Derived Normal"
"212",0.333333333333333,0.139784946236559,0.0496592688806975,"Brain Lower Grade Glioma","Blood Derived Normal"
"213",0.333333333333333,0.141304347826087,0.0503424407667991,"Brain Lower Grade Glioma","Blood Derived Normal"
"214",0.333333333333333,0.142857142857143,0.0510079974675994,"Brain Lower Grade Glioma","Blood Derived Normal"
"215",0.333333333333333,0.144444444444444,0.0514706112385217,"Brain Lower Grade Glioma","Blood Derived Normal"
"216",0.333333333333333,0.146067415730337,0.051683723503122,"Brain Lower Grade Glioma","Blood Derived Normal"
"217",0.333333333333333,0.147727272727273,0.0518967746635328,"Brain Lower Grade Glioma","Blood Derived Normal"
"218",0.333333333333333,0.149425287356322,0.0524246211582922,"Brain Lower Grade Glioma","Blood Derived Normal"
"219",0.307692307692308,0.13953488372093,0.052482020539744,"Brain Lower Grade Glioma","Blood Derived Normal"
"220",0.307692307692308,0.141176470588235,0.0528769701779182,"Brain Lower Grade Glioma","Blood Derived Normal"
"221",0.282051282051282,0.130952380952381,0.0531090221903378,"Brain Lower Grade Glioma","Blood Derived Normal"
"222",0.256410256410256,0.120481927710843,0.053281731211206,"Brain Lower Grade Glioma","Blood Derived Normal"
"223",0.256410256410256,0.121951219512195,0.05370925215304,"Brain Lower Grade Glioma","Blood Derived Normal"
"224",0.256410256410256,0.123456790123457,0.0542966802264746,"Brain Lower Grade Glioma","Blood Derived Normal"
"225",0.256410256410256,0.125,0.0555232748785517,"Brain Lower Grade Glioma","Blood Derived Normal"
"226",0.256410256410256,0.126582278481013,0.0565582047969926,"Brain Lower Grade Glioma","Blood Derived Normal"
"227",0.256410256410256,0.128205128205128,0.0575562357054751,"Brain Lower Grade Glioma","Blood Derived Normal"
"228",0.230769230769231,0.116883116883117,0.0598177492320958,"Brain Lower Grade Glioma","Blood Derived Normal"
"229",0.230769230769231,0.118421052631579,0.0607396546578667,"Brain Lower Grade Glioma","Blood Derived Normal"
"230",0.230769230769231,0.12,0.0628909487173592,"Brain Lower Grade Glioma","Blood Derived Normal"
"231",0.230769230769231,0.121621621621622,0.0667046492844837,"Brain Lower Grade Glioma","Blood Derived Normal"
"232",0.230769230769231,0.123287671232877,0.06844665875,"Brain Lower Grade Glioma","Blood Derived Normal"
"233",0.230769230769231,0.125,0.0716553302003115,"Brain Lower Grade Glioma","Blood Derived Normal"
"234",0.230769230769231,0.126760563380282,0.0721992987140709,"Brain Lower Grade Glioma","Blood Derived Normal"
"235",0.230769230769231,0.128571428571429,0.0726404030184282,"Brain Lower Grade Glioma","Blood Derived Normal"
"236",0.230769230769231,0.130434782608696,0.0745382427183935,"Brain Lower Grade Glioma","Blood Derived Normal"
"237",0.230769230769231,0.132352941176471,0.0795059493603745,"Brain Lower Grade Glioma","Blood Derived Normal"
"238",0.205128205128205,0.119402985074627,0.0803587277303467,"Brain Lower Grade Glioma","Blood Derived Normal"
"239",0.179487179487179,0.106060606060606,0.0812930722336686,"Brain Lower Grade Glioma","Blood Derived Normal"
"240",0.179487179487179,0.107692307692308,0.0855260288658521,"Brain Lower Grade Glioma","Blood Derived Normal"
"241",0.179487179487179,0.109375,0.0865623632860394,"Brain Lower Grade Glioma","Blood Derived Normal"
"242",0.179487179487179,0.111111111111111,0.088130651401303,"Brain Lower Grade Glioma","Blood Derived Normal"
"243",0.179487179487179,0.112903225806452,0.0918901819644287,"Brain Lower Grade Glioma","Blood Derived Normal"
"244",0.179487179487179,0.114754098360656,0.0952354471773743,"Brain Lower Grade Glioma","Blood Derived Normal"
"245",0.179487179487179,0.116666666666667,0.0966874101161289,"Brain Lower Grade Glioma","Blood Derived Normal"
"246",0.179487179487179,0.11864406779661,0.0991769935391468,"Brain Lower Grade Glioma","Blood Derived Normal"
"247",0.153846153846154,0.103448275862069,0.0995841888226123,"Brain Lower Grade Glioma","Blood Derived Normal"
"248",0.153846153846154,0.105263157894737,0.101266312768723,"Brain Lower Grade Glioma","Blood Derived Normal"
"249",0.153846153846154,0.107142857142857,0.103165298469118,"Brain Lower Grade Glioma","Blood Derived Normal"
"250",0.153846153846154,0.109090909090909,0.105239400358904,"Brain Lower Grade Glioma","Blood Derived Normal"
"251",0.153846153846154,0.111111111111111,0.116672789799838,"Brain Lower Grade Glioma","Blood Derived Normal"
"252",0.153846153846154,0.113207547169811,0.120763336003196,"Brain Lower Grade Glioma","Blood Derived Normal"
"253",0.153846153846154,0.115384615384615,0.125250668777987,"Brain Lower Grade Glioma","Blood Derived Normal"
"254",0.153846153846154,0.117647058823529,0.125352680189837,"Brain Lower Grade Glioma","Blood Derived Normal"
"255",0.153846153846154,0.12,0.125979173633688,"Brain Lower Grade Glioma","Blood Derived Normal"
"256",0.153846153846154,0.122448979591837,0.127038969975847,"Brain Lower Grade Glioma","Blood Derived Normal"
"257",0.153846153846154,0.125,0.127670791399711,"Brain Lower Grade Glioma","Blood Derived Normal"
"258",0.153846153846154,0.127659574468085,0.130770616752863,"Brain Lower Grade Glioma","Blood Derived Normal"
"259",0.153846153846154,0.130434782608696,0.137297248341625,"Brain Lower Grade Glioma","Blood Derived Normal"
"260",0.153846153846154,0.133333333333333,0.141815749337072,"Brain Lower Grade Glioma","Blood Derived Normal"
"261",0.153846153846154,0.136363636363636,0.142868512143183,"Brain Lower Grade Glioma","Blood Derived Normal"
"262",0.153846153846154,0.13953488372093,0.144804856065369,"Brain Lower Grade Glioma","Blood Derived Normal"
"263",0.153846153846154,0.142857142857143,0.145430190638574,"Brain Lower Grade Glioma","Blood Derived Normal"
"264",0.153846153846154,0.146341463414634,0.14571051131534,"Brain Lower Grade Glioma","Blood Derived Normal"
"265",0.153846153846154,0.15,0.153053152078073,"Brain Lower Grade Glioma","Blood Derived Normal"
"266",0.153846153846154,0.153846153846154,0.153273944325635,"Brain Lower Grade Glioma","Blood Derived Normal"
"267",0.153846153846154,0.157894736842105,0.168465305040797,"Brain Lower Grade Glioma","Blood Derived Normal"
"268",0.128205128205128,0.135135135135135,0.169566951458018,"Brain Lower Grade Glioma","Blood Derived Normal"
"269",0.128205128205128,0.138888888888889,0.169631054095817,"Brain Lower Grade Glioma","Blood Derived Normal"
"270",0.128205128205128,0.142857142857143,0.17426213256213,"Brain Lower Grade Glioma","Blood Derived Normal"
"271",0.128205128205128,0.147058823529412,0.193657868197285,"Brain Lower Grade Glioma","Blood Derived Normal"
"272",0.128205128205128,0.151515151515152,0.200645943508003,"Brain Lower Grade Glioma","Blood Derived Normal"
"273",0.128205128205128,0.15625,0.201418432165843,"Brain Lower Grade Glioma","Blood Derived Normal"
"274",0.128205128205128,0.161290322580645,0.203641342529986,"Brain Lower Grade Glioma","Blood Derived Normal"
"275",0.102564102564103,0.133333333333333,0.20400423369125,"Brain Lower Grade Glioma","Blood Derived Normal"
"276",0.102564102564103,0.137931034482759,0.212128784573394,"Brain Lower Grade Glioma","Blood Derived Normal"
"277",0.102564102564103,0.142857142857143,0.215638225847466,"Brain Lower Grade Glioma","Blood Derived Normal"
"278",0.102564102564103,0.148148148148148,0.226215435262382,"Brain Lower Grade Glioma","Blood Derived Normal"
"279",0.102564102564103,0.153846153846154,0.226820765652497,"Brain Lower Grade Glioma","Blood Derived Normal"
"280",0.102564102564103,0.16,0.230423093719135,"Brain Lower Grade Glioma","Blood Derived Normal"
"281",0.102564102564103,0.166666666666667,0.23303288562606,"Brain Lower Grade Glioma","Blood Derived Normal"
"282",0.102564102564103,0.173913043478261,0.237175742897103,"Brain Lower Grade Glioma","Blood Derived Normal"
"283",0.102564102564103,0.181818181818182,0.246714495582736,"Brain Lower Grade Glioma","Blood Derived Normal"
"284",0.102564102564103,0.19047619047619,0.247701853798908,"Brain Lower Grade Glioma","Blood Derived Normal"
"285",0.102564102564103,0.2,0.249439328174263,"Brain Lower Grade Glioma","Blood Derived Normal"
"286",0.102564102564103,0.210526315789474,0.257603171035701,"Brain Lower Grade Glioma","Blood Derived Normal"
"287",0.102564102564103,0.222222222222222,0.288790736717806,"Brain Lower Grade Glioma","Blood Derived Normal"
"288",0.102564102564103,0.235294117647059,0.29153543753478,"Brain Lower Grade Glioma","Blood Derived Normal"
"289",0.102564102564103,0.25,0.296984633687641,"Brain Lower Grade Glioma","Blood Derived Normal"
"290",0.102564102564103,0.266666666666667,0.303946832804285,"Brain Lower Grade Glioma","Blood Derived Normal"
"291",0.102564102564103,0.285714285714286,0.320939645663307,"Brain Lower Grade Glioma","Blood Derived Normal"
"292",0.102564102564103,0.307692307692308,0.323796561026244,"Brain Lower Grade Glioma","Blood Derived Normal"
"293",0.102564102564103,0.333333333333333,0.356469076250297,"Brain Lower Grade Glioma","Blood Derived Normal"
"294",0.102564102564103,0.363636363636364,0.445350851385207,"Brain Lower Grade Glioma","Blood Derived Normal"
"295",0.0769230769230769,0.3,0.488857621301876,"Brain Lower Grade Glioma","Blood Derived Normal"
"296",0.0769230769230769,0.333333333333333,0.530801606648608,"Brain Lower Grade Glioma","Blood Derived Normal"
"297",0.0769230769230769,0.375,0.537760300976863,"Brain Lower Grade Glioma","Blood Derived Normal"
"298",0.0512820512820513,0.285714285714286,0.564170536333296,"Brain Lower Grade Glioma","Blood Derived Normal"
"299",0.0512820512820513,0.4,0.60318034941326,"Brain Lower Grade Glioma","Blood Derived Normal"
"300",0.0256410256410256,0.25,0.627483169880571,"Brain Lower Grade Glioma","Blood Derived Normal"
"301",0.0256410256410256,0.333333333333333,0.757270991552005,"Brain Lower Grade Glioma","Blood Derived Normal"
"302",0,0,0.901445111606677,"Brain Lower Grade Glioma","Blood Derived Normal"
"303",0,0,0.942980571132217,"Brain Lower Grade Glioma","Blood Derived Normal"
"304",0,0,0.942980571132217,"Brain Lower Grade Glioma","Blood Derived Normal"
